TrackID,Predictor
199810_208019,0
199810_74139,1
199810_9903,0
199810_242681,0
199810_18515,0
199810_105760,1
199812_276940,0
199812_142408,1
199812_130023,1
199812_29189,1
199812_223706,1
199812_211361,0
199813_188441,1
199813_20968,1
199813_21571,1
199813_79640,1
199813_184173,1
199813_111874,1
199814_122375,0
199814_189043,1
199814_122429,0
199814_52519,0
199814_232332,1
199814_262193,1
199815_64345,1
199815_118841,0
199815_275682,1
199815_30062,1
199815_258473,1
199815_129866,0
199816_274758,0
199816_102153,1
199816_183464,0
199816_23616,1
199816_81699,1
199816_46627,1
199817_83722,1
199817_200166,1
199817_148603,0
199817_88745,0
199817_144775,1
199817_222966,0
199818_141875,1
199818_290905,0
199818_59789,1
199818_283698,1
199818_106788,1
199818_235999,1
199819_202308,0
199819_36793,1
199819_247549,0
199819_214280,0
199819_123424,0
199819_193003,1
199820_235240,1
199820_292341,0
199820_126082,1
199820_142163,0
199820_20067,1
199820_286335,0
199821_231569,1
199821_51933,0
199821_16949,1
199821_34642,0
199821_229894,1
199821_42811,0
199822_47402,1
199822_21317,1
199822_185734,0
199822_92685,1
199822_110099,1
199822_33495,1
199823_21593,1
199823_132124,1
199823_170625,1
199823_30365,0
199823_143570,1
199823_254625,1
199824_281826,1
199824_253265,1
199824_48891,1
199824_33980,1
199824_207963,1
199824_126528,0
199826_48808,0
199826_223958,0
199826_179298,0
199826_5121,0
199826_31975,1
199826_38775,1
199827_92599,0
199827_75369,1
199827_184197,1
199827_183841,1
199827_197936,1
199827_138391,1
199830_36027,1
199830_29249,1
199830_221237,1
199830_123579,1
199830_19694,1
199830_255036,0
199838_6143,0
199838_24607,1
199838_95726,1
199838_46697,0
199838_256209,1
199838_266780,1
199839_7477,0
199839_266143,0
199839_291820,0
199839_196470,1
199839_263222,1
199839_225097,1
199844_77700,0
199844_138272,0
199844_140229,0
199844_43472,0
199844_118108,0
199844_81165,0
199845_189985,0
199845_31440,0
199845_169945,1
199845_95594,0
199845_238400,1
199845_100669,1
199846_273378,0
199846_19705,1
199846_20499,1
199846_101984,1
199846_214726,0
199846_61792,0
199847_44444,0
199847_39446,1
199847_282901,1
199847_63072,0
199847_19595,1
199847_127769,1
199853_54037,1
199853_89981,1
199853_256134,0
199853_213546,1
199853_222196,1
199853_161111,1
199854_226277,1
199854_92910,1
199854_214592,1
199854_20999,0
199854_154755,0
199854_228397,0
199855_252693,1
199855_69487,0
199855_24631,0
199855_50032,1
199855_277150,1
199855_4836,1
199858_142462,1
199858_255065,1
199858_85596,0
199858_269486,1
199858_30595,1
199858_37731,1
199859_22400,0
199859_105128,1
199859_2877,1
199859_51667,0
199859_289911,1
199859_17,0
199861_192584,1
199861_56525,1
199861_94381,1
199861_249701,1
199861_127111,0
199861_77154,1
199862_80123,0
199862_108161,1
199862_179298,1
199862_280411,0
199862_196729,1
199862_225847,1
199863_222604,1
199863_126413,1
199863_144718,1
199863_241999,0
199863_184020,1
199863_249930,1
199866_142729,0
199866_117929,0
199866_252600,1
199866_125126,0
199866_46889,0
199866_291314,1
199868_24085,1
199868_80589,0
199868_79604,0
199868_218286,0
199868_122067,0
199868_257899,0
199873_8379,1
199873_217580,1
199873_65230,0
199873_65855,1
199873_241597,1
199873_187050,1
199876_257097,1
199876_277360,1
199876_69317,1
199876_47894,0
199876_102449,1
199876_267088,0
199880_266143,0
199880_224615,1
199880_154327,0
199880_14107,1
199880_22640,0
199880_133341,0
199882_146575,1
199882_192238,0
199882_109824,0
199882_125958,1
199882_79309,1
199882_42782,1
199884_36155,0
199884_5444,1
199884_150640,1
199884_155463,1
199884_247800,1
199884_152366,1
199886_134307,0
199886_255399,0
199886_155743,1
199886_151269,1
199886_200432,0
199886_87913,1
199890_114634,1
199890_151926,1
199890_190001,1
199890_286440,1
199890_48289,0
199890_141713,1
199891_32135,1
199891_244657,1
199891_117789,0
199891_45103,0
199891_279606,1
199891_280110,0
199894_279067,1
199894_15811,1
199894_250006,1
199894_31746,1
199894_251949,1
199894_9592,1
199895_195551,1
199895_69797,1
199895_59891,1
199895_249919,0
199895_229468,1
199895_276415,1
199896_175151,1
199896_101756,0
199896_222456,1
199896_183890,1
199896_42748,0
199896_59296,0
199899_30902,1
199899_54300,0
199899_46394,0
199899_236744,1
199899_40880,0
199899_210352,0
199900_219739,0
199900_287949,0
199900_23822,0
199900_44210,0
199900_261886,0
199900_110099,0
199902_111243,1
199902_124466,1
199902_263958,1
199902_249140,0
199902_298,0
199902_127445,1
199907_64481,1
199907_61826,1
199907_54636,1
199907_52391,0
199907_172050,1
199907_78355,1
199911_152843,0
199911_23252,1
199911_170920,1
199911_21878,1
199911_50179,0
199911_229538,1
199912_252021,0
199912_125831,0
199912_233293,0
199912_286721,0
199912_87357,0
199912_188926,0
199914_284745,1
199914_137479,0
199914_94531,1
199914_295555,1
199914_262472,0
199914_78278,0
199915_118642,0
199915_252839,0
199915_232361,0
199915_11535,1
199915_266171,0
199915_29554,1
199918_251164,1
199918_114265,1
199918_103426,1
199918_138333,1
199918_150958,0
199918_242417,1
199920_237580,1
199920_138590,0
199920_77933,1
199920_247578,1
199920_144100,1
199920_106344,1
199921_48891,1
199921_175928,1
199921_143902,0
199921_95242,0
199921_198864,1
199921_76816,0
199924_108161,1
199924_16078,1
199924_120535,0
199924_54651,0
199924_49904,0
199924_62568,0
199926_142473,0
199926_180224,0
199926_73940,0
199926_44783,1
199926_139444,0
199926_41368,1
199928_137693,1
199928_87125,0
199928_171481,1
199928_251278,0
199928_65142,0
199928_215837,1
199931_140334,0
199931_90442,1
199931_161183,1
199931_242657,0
199931_149874,1
199931_122518,0
199932_131954,0
199932_68360,0
199932_119027,0
199932_284320,0
199932_104542,0
199932_2924,1
199934_222840,1
199934_18198,0
199934_37960,1
199934_250816,1
199934_170214,1
199934_44222,1
199936_32596,1
199936_12969,0
199936_216902,0
199936_89110,0
199936_71574,1
199936_245276,0
199937_20538,0
199937_151964,1
199937_171735,0
199937_163166,1
199937_95326,0
199937_270004,1
199939_111062,0
199939_223859,1
199939_165847,0
199939_245574,0
199939_171700,0
199939_12922,0
199941_135759,1
199941_261128,0
199941_220067,0
199941_191060,1
199941_45668,1
199941_92843,0
199944_67182,0
199944_281157,1
199944_18733,1
199944_166911,0
199944_181496,1
199944_118642,0
199947_107099,0
199947_99698,0
199947_196040,0
199947_52853,1
199947_19388,0
199947_163568,1
199949_157403,1
199949_262177,1
199949_187117,0
199949_73710,0
199949_157478,1
199949_48583,0
199954_44782,1
199954_75676,1
199954_144640,0
199954_277674,0
199954_85063,1
199954_92599,0
199955_264558,1
199955_224104,1
199955_267631,0
199955_152820,0
199955_99223,1
199955_111277,1
199958_248267,0
199958_202112,0
199958_7740,1
199958_263828,1
199958_37057,0
199958_43391,1
199961_72011,1
199961_85844,1
199961_17790,0
199961_12010,1
199961_203948,1
199961_44094,0
199962_14689,1
199962_39799,0
199962_39602,0
199962_38287,1
199962_63433,1
199962_250006,0
199963_202739,1
199963_214979,1
199963_2843,0
199963_132003,0
199963_183159,0
199963_222425,1
199966_94498,1
199966_85844,1
199966_17907,0
199966_6173,1
199966_156103,1
199966_4310,1
199973_9810,1
199973_143588,1
199973_257449,1
199973_39447,0
199973_204267,1
199973_172907,0
199974_295907,0
199974_10628,1
199974_286329,1
199974_73886,0
199974_70203,0
199974_282197,1
199976_125958,1
199976_138333,1
199976_63855,1
199976_88123,1
199976_188301,1
199976_116957,0
199977_293108,1
199977_211659,0
199977_61827,1
199977_12127,0
199977_153742,1
199977_281844,0
199981_244686,1
199981_190154,1
199981_206026,0
199981_260780,0
199981_142675,0
199981_154382,1
199982_220973,1
199982_79550,0
199982_183431,0
199982_114059,1
199982_120535,0
199982_189306,1
199983_240746,1
199983_163720,0
199983_6330,1
199983_47483,1
199983_4102,1
199983_245818,0
199984_199756,1
199984_66754,0
199984_268182,1
199984_197751,0
199984_135194,1
199984_254703,0
199989_174481,1
199989_133167,0
199989_184197,1
199989_145221,1
199989_70738,1
199989_48244,1
199991_108560,1
199991_152985,1
199991_200612,1
199991_18684,1
199991_32651,1
199991_247852,1
199996_75564,1
199996_154321,1
199996_61539,0
199996_44110,0
199996_237168,0
199996_58813,0
199997_210679,1
199997_5791,1
199997_233951,1
199997_12756,1
199997_37154,1
199997_215013,0
200000_28885,0
200000_245668,1
200000_66741,1
200000_61924,1
200000_156098,0
200000_275159,0
200008_104154,0
200008_46876,0
200008_256560,0
200008_67905,1
200008_1139,1
200008_141686,0
200011_12596,0
200011_9135,1
200011_120099,1
200011_34204,1
200011_206993,1
200011_185400,1
200015_238871,0
200015_231629,0
200015_232699,0
200015_42375,0
200015_288583,0
200015_291248,0
200017_214205,0
200017_69801,1
200017_172315,1
200017_237086,1
200017_248372,0
200017_250952,0
200020_160977,1
200020_102918,0
200020_35714,0
200020_177509,1
200020_21102,1
200020_254344,1
200022_78599,0
200022_69145,1
200022_14434,1
200022_251839,1
200022_52131,1
200022_201326,1
200024_65495,0
200024_256187,1
200024_38735,1
200024_142844,0
200024_206527,1
200024_202088,0
200031_30877,1
200031_8244,1
200031_130183,0
200031_198762,1
200031_34503,1
200031_227283,1
200032_218377,0
200032_110262,0
200032_18681,1
200032_138493,1
200032_64167,1
200032_22820,0
200033_238637,1
200033_280510,1
200033_81561,0
200033_154323,0
200033_246110,1
200033_115430,0
200034_59870,0
200034_258228,0
200034_57481,1
200034_289146,0
200034_193705,0
200034_216403,1
200039_33786,1
200039_93820,1
200039_158950,1
200039_129597,1
200039_64855,1
200039_9222,1
200042_52853,1
200042_155158,1
200042_110558,1
200042_174226,1
200042_160629,1
200042_97838,1
200044_276970,0
200044_144465,0
200044_237953,1
200044_273540,1
200044_65494,0
200044_237561,1
200045_278533,1
200045_36514,1
200045_192445,1
200045_5114,0
200045_206449,0
200045_172949,1
200046_153923,1
200046_82066,1
200046_106788,1
200046_234917,1
200046_232322,1
200046_7858,1
200049_140281,0
200049_68473,0
200049_110918,0
200049_262523,0
200049_146264,0
200049_63340,0
200053_275356,1
200053_224601,0
200053_266176,1
200053_266936,0
200053_236876,1
200053_248056,0
200054_258428,1
200054_155798,1
200054_196987,1
200054_241475,1
200054_198197,1
200054_153172,1
200055_52198,1
200055_233815,0
200055_175557,0
200055_59101,0
200055_56695,1
200055_134398,0
200061_96084,0
200061_79655,1
200061_87277,1
200061_137432,0
200061_126448,1
200061_165136,1
200062_409,0
200062_274169,0
200062_34583,0
200062_267994,0
200062_282197,0
200062_120246,0
200063_197591,0
200063_65494,1
200063_279986,1
200063_1779,1
200063_39137,1
200063_237564,1
200065_179571,0
200065_196286,0
200065_26875,1
200065_119451,0
200065_227397,0
200065_243829,0
200066_252312,1
200066_214595,1
200066_247413,0
200066_163568,1
200066_133542,0
200066_281136,0
200067_10177,0
200067_50554,0
200067_238616,0
200067_174122,1
200067_243032,0
200067_131043,0
200069_8669,1
200069_131703,0
200069_125825,1
200069_248957,1
200069_10794,0
200069_218715,1
200070_104207,0
200070_39252,1
200070_271459,0
200070_191512,1
200070_124239,0
200070_219295,1
200071_110406,0
200071_286617,1
200071_151553,0
200071_291135,1
200071_226251,0
200071_233170,0
200072_128068,0
200072_101141,1
200072_272622,1
200072_29894,1
200072_36641,1
200072_63433,0
200073_30193,0
200073_52063,1
200073_28167,1
200073_277867,0
200073_175274,0
200073_260816,0
200074_269977,1
200074_276467,1
200074_210679,1
200074_38502,1
200074_289311,0
200074_142078,1
200077_112017,1
200077_179993,1
200077_51632,0
200077_98279,0
200077_142715,0
200077_127917,0
200081_73524,1
200081_164949,1
200081_193711,1
200081_207829,0
200081_10062,1
200081_30624,0
200083_38933,1
200083_76639,0
200083_126581,1
200083_106736,0
200083_147920,0
200083_66989,1
200084_56551,0
200084_292483,0
200084_232515,1
200084_93839,0
200084_216153,1
200084_14869,1
200085_49158,1
200085_172871,0
200085_134106,0
200085_284406,0
200085_138809,1
200085_32503,1
200096_16581,1
200096_45935,1
200096_188471,0
200096_68144,1
200096_130934,1
200096_218442,1
200098_285456,0
200098_289558,0
200098_243829,1
200098_278152,1
200098_21220,0
200098_278582,1
200099_173182,0
200099_239473,1
200099_276334,1
200099_41892,0
200099_85375,0
200099_159970,1
200100_143734,1
200100_29345,0
200100_274810,0
200100_37816,0
200100_10628,0
200100_173495,1
200101_156642,0
200101_103861,1
200101_203386,1
200101_251902,1
200101_228077,1
200101_239984,1
200104_1066,1
200104_38453,1
200104_191718,0
200104_112280,0
200104_99178,1
200104_282514,0
200105_157843,0
200105_20968,0
200105_179956,0
200105_150250,0
200105_85659,0
200105_152229,0
200106_67182,1
200106_181408,0
200106_67509,1
200106_72517,1
200106_84948,1
200106_152491,1
200112_24444,1
200112_107026,1
200112_100877,1
200112_182869,0
200112_71923,1
200112_255284,1
200116_149496,1
200116_126940,0
200116_80138,0
200116_288583,0
200116_106102,1
200116_272638,1
200117_111183,0
200117_118407,1
200117_221371,0
200117_215325,0
200117_29256,1
200117_159641,1
200118_63358,0
200118_284107,1
200118_77125,1
200118_240379,0
200118_243335,0
200118_153923,0
200124_78157,0
200124_162126,0
200124_284066,0
200124_158428,0
200124_280405,0
200124_112595,0
200126_157702,1
200126_263539,1
200126_157784,1
200126_174788,1
200126_141773,1
200126_57701,1
200127_159548,1
200127_70524,0
200127_180109,1
200127_115656,1
200127_10453,0
200127_150618,1
200128_62961,1
200128_285837,1
200128_129803,1
200128_141637,0
200128_208113,1
200128_105251,1
200138_189306,1
200138_190567,1
200138_66946,0
200138_293300,1
200138_201191,0
200138_151866,1
200140_214979,1
200140_283715,1
200140_210549,1
200140_159580,0
200140_2578,1
200140_158633,0
200141_229894,1
200141_250273,1
200141_178659,1
200141_120563,1
200141_201191,0
200141_47420,0
200143_8486,0
200143_187136,0
200143_216914,1
200143_131171,1
200143_51859,0
200143_273031,1
200145_168855,1
200145_89740,1
200145_255196,1
200145_59168,0
200145_164892,0
200145_232758,0
200148_16367,1
200148_144472,1
200148_138863,1
200148_40651,1
200148_159549,1
200148_72771,1
200151_33126,1
200151_23938,1
200151_213415,0
200151_78176,1
200151_170506,1
200151_177409,1
200152_255924,1
200152_187117,0
200152_193934,1
200152_20736,0
200152_210372,0
200152_225472,1
200154_14467,0
200154_46390,1
200154_56423,0
200154_255924,1
200154_152033,1
200154_183027,1
200155_160843,1
200155_257449,1
200155_14995,0
200155_4359,1
200155_134877,1
200155_113416,0
200156_249323,0
200156_270454,1
200156_133594,1
200156_201706,1
200156_94893,1
200156_70945,1
200158_275149,0
200158_286433,1
200158_146448,0
200158_177585,0
200158_128066,1
200158_214871,1
200159_238869,1
200159_211335,0
200159_279176,1
200159_26075,0
200159_206537,0
200159_274931,1
200160_173982,1
200160_191762,1
200160_111151,0
200160_293195,0
200160_231680,1
200160_103933,1
200162_227617,1
200162_211864,1
200162_171714,0
200162_204679,1
200162_131352,0
200162_57671,0
200163_5852,0
200163_31440,0
200163_216055,1
200163_90370,0
200163_113841,1
200163_82698,1
200165_244256,1
200165_226077,1
200165_235981,1
200165_54084,1
200165_46922,1
200165_118861,0
200166_193878,0
200166_152465,0
200166_282686,0
200166_58283,0
200166_249972,0
200166_49989,0
200168_33106,1
200168_170773,0
200168_40055,0
200168_121501,0
200168_226576,0
200168_75322,1
200173_153297,0
200173_293022,0
200173_255190,0
200173_232699,1
200173_288329,0
200173_118642,1
200174_94893,1
200174_137908,1
200174_87687,1
200174_281141,1
200174_106183,1
200174_96153,1
200176_74079,1
200176_141029,0
200176_216094,1
200176_213072,1
200176_213238,1
200176_135745,0
200179_13,0
200179_203607,0
200179_145146,0
200179_131564,1
200179_59296,1
200179_75833,1
200182_198544,0
200182_121002,1
200182_295485,1
200182_145607,1
200182_219744,1
200182_274874,0
200186_141772,0
200186_291044,1
200186_56317,0
200186_205730,1
200186_69847,1
200186_185363,0
200191_225926,0
200191_216514,1
200191_129085,1
200191_156250,0
200191_165227,0
200191_41301,1
200193_129391,0
200193_230030,0
200193_154493,1
200193_284157,1
200193_292109,1
200193_238779,0
200195_5791,0
200195_95871,1
200195_41833,1
200195_155580,0
200195_255065,1
200195_177409,0
200198_73557,1
200198_8244,1
200198_291338,0
200198_207050,1
200198_181457,1
200198_50020,1
200203_3800,1
200203_271107,1
200203_175306,0
200203_151596,1
200203_208948,0
200203_1618,1
200205_211280,1
200205_262177,0
200205_259375,1
200205_143817,1
200205_14498,1
200205_88636,0
200207_122157,0
200207_24705,0
200207_279879,0
200207_9277,0
200207_135181,0
200207_162591,0
200209_238389,1
200209_175144,1
200209_57187,0
200209_239551,1
200209_255270,0
200209_109024,1
200212_193003,1
200212_138112,1
200212_195566,0
200212_228469,1
200212_166,1
200212_80339,1
200213_79224,1
200213_183527,1
200213_10877,1
200213_194256,1
200213_18749,1
200213_223164,1
200216_49426,0
200216_180231,1
200216_190549,1
200216_108120,1
200216_52700,0
200216_157492,0
200217_222878,0
200217_46242,1
200217_210305,0
200217_245382,0
200217_176480,1
200217_221725,1
200223_45171,0
200223_48871,0
200223_21780,0
200223_158155,0
200223_189751,0
200223_87330,0
200224_204859,0
200224_268606,1
200224_228063,0
200224_73335,1
200224_110276,0
200224_216698,1
200229_98915,0
200229_122251,1
200229_205329,0
200229_48961,1
200229_92035,1
200229_151596,1
200232_169756,0
200232_93820,0
200232_97179,0
200232_31731,1
200232_88231,1
200232_225018,0
200234_52617,1
200234_243325,0
200234_193350,1
200234_35632,0
200234_219182,0
200234_71455,1
200236_92180,1
200236_92169,1
200236_14141,1
200236_255647,1
200236_44744,0
200236_27608,0
200237_6675,0
200237_176102,1
200237_16164,1
200237_18289,1
200237_170773,1
200237_242779,1
200240_125944,0
200240_167292,1
200240_165847,1
200240_253028,1
200240_204533,0
200240_189540,0
200241_174498,0
200241_66685,0
200241_125642,1
200241_134945,0
200241_188867,0
200241_178429,0
200242_184307,0
200242_202042,0
200242_264028,0
200242_59317,0
200242_269792,1
200242_142905,1
200243_13495,1
200243_263280,1
200243_159305,0
200243_239829,1
200243_285007,0
200243_140645,1
200250_73557,1
200250_54690,0
200250_278136,0
200250_52063,0
200250_258828,1
200250_291128,1
200251_23559,0
200251_149318,0
200251_19780,0
200251_186248,0
200251_279481,0
200251_90712,0
200256_253277,1
200256_136899,0
200256_58360,1
200256_90712,1
200256_189544,0
200256_278106,1
200257_167873,1
200257_161009,1
200257_201147,1
200257_261450,1
200257_165215,0
200257_23103,1
200258_26097,1
200258_24997,0
200258_191995,0
200258_198880,0
200258_211753,1
200258_76685,1
200263_207212,1
200263_208284,1
200263_132785,0
200263_127818,1
200263_143401,0
200263_88446,0
200266_7188,1
200266_244768,1
200266_184758,1
200266_107703,0
200266_266739,1
200266_73557,1
200269_67156,1
200269_238868,0
200269_19214,0
200269_265654,0
200269_2538,1
200269_289111,1
200270_145667,0
200270_231225,1
200270_147382,1
200270_127941,1
200270_44963,1
200270_139707,1
200273_200633,1
200273_252928,0
200273_55412,0
200273_265292,0
200273_32392,1
200273_270469,0
200278_271418,0
200278_224135,0
200278_180999,0
200278_108762,1
200278_114082,0
200278_261879,0
200279_48282,0
200279_178208,0
200279_58919,1
200279_207704,0
200279_109024,1
200279_72878,0
200280_17790,1
200280_290787,1
200280_2018,0
200280_208389,1
200280_235263,0
200280_247065,1
200283_232057,1
200283_117244,1
200283_228077,1
200283_49270,1
200283_53274,1
200283_288909,1
200288_55618,1
200288_163853,1
200288_139745,1
200288_278854,1
200288_1385,0
200288_55862,1
200293_120535,0
200293_268991,0
200293_94355,0
200293_100055,0
200293_277641,1
200293_281849,1
200296_137780,0
200296_198893,0
200296_238658,0
200296_222836,0
200296_254251,0
200296_141970,0
200298_217090,1
200298_108120,0
200298_204836,1
200298_216962,1
200298_155798,0
200298_243646,0
200302_102547,0
200302_285463,1
200302_106094,0
200302_167345,1
200302_22809,0
200302_134510,0
200303_6727,1
200303_201781,1
200303_113595,0
200303_138706,1
200303_278149,1
200303_10615,0
200306_150375,0
200306_229771,1
200306_292639,1
200306_170046,1
200306_234547,1
200306_120693,1
200308_131453,0
200308_229683,0
200308_236239,1
200308_249471,0
200308_55997,1
200308_171196,1
200309_115539,0
200309_296044,0
200309_243673,1
200309_4474,1
200309_87181,1
200309_21636,1
200310_143030,1
200310_125232,0
200310_17790,1
200310_161251,1
200310_42334,1
200310_247494,0
200311_61697,0
200311_218019,1
200311_157372,1
200311_207389,1
200311_83383,0
200311_255060,1
200312_170676,1
200312_591,0
200312_257795,1
200312_101487,1
200312_227971,0
200312_1326,1
200313_35551,1
200313_171859,1
200313_170956,0
200313_270823,1
200313_103950,1
200313_134225,0
200314_1255,1
200314_198197,1
200314_214898,1
200314_40741,1
200314_276467,1
200314_12922,0
200319_131585,0
200319_283814,0
200319_246593,1
200319_225414,1
200319_68625,0
200319_56525,1
200322_7395,1
200322_8280,0
200322_26874,1
200322_282700,0
200322_48868,1
200322_205771,0
200327_82095,1
200327_5087,1
200327_286001,0
200327_3498,1
200327_101360,1
200327_42126,0
200333_114620,1
200333_21593,0
200333_130455,0
200333_6448,0
200333_209473,1
200333_248001,0
200335_43564,1
200335_5844,1
200335_71574,1
200335_281826,1
200335_148843,0
200335_204462,1
200336_88123,1
200336_198117,1
200336_177982,1
200336_175560,0
200336_217721,0
200336_170547,1
200338_82535,1
200338_222587,0
200338_265599,0
200338_256424,1
200338_243829,1
200338_89086,1
200342_199818,1
200342_54636,1
200342_73940,0
200342_231141,0
200342_121387,1
200342_46482,1
200343_222732,0
200343_156907,0
200343_9514,1
200343_151275,1
200343_103269,1
200343_171231,1
200344_57052,0
200344_80165,1
200344_97007,0
200344_197421,0
200344_110784,0
200344_277751,0
200348_225692,0
200348_83417,1
200348_38354,1
200348_144605,0
200348_23154,0
200348_126889,1
200349_235427,0
200349_220478,1
200349_98915,1
200349_37574,0
200349_30877,1
200349_256675,1
200356_254494,0
200356_9514,1
200356_177028,0
200356_281406,0
200356_172570,1
200356_34905,1
200359_186565,1
200359_37605,1
200359_204457,0
200359_107487,0
200359_117315,0
200359_11111,1
200360_126432,0
200360_50631,1
200360_76645,0
200360_91014,1
200360_225510,1
200360_44636,0
200361_89984,0
200361_118920,0
200361_26532,0
200361_189055,0
200361_237954,0
200361_81309,0
200364_24779,0
200364_219422,0
200364_261910,0
200364_178502,0
200364_8676,0
200364_72517,1
200367_143297,0
200367_173538,1
200367_155071,0
200367_185295,1
200367_47557,0
200367_269065,1
200368_139014,0
200368_21421,1
200368_217242,1
200368_226070,0
200368_219223,0
200368_245841,0
200369_52384,0
200369_142289,1
200369_270426,0
200369_193031,1
200369_204003,0
200369_112760,1
200370_281141,1
200370_260179,1
200370_106273,1
200370_244697,1
200370_175018,1
200370_92749,1
200371_72008,0
200371_74545,1
200371_152826,0
200371_215355,0
200371_278687,1
200371_245668,0
200374_219934,1
200374_259481,0
200374_146003,0
200374_122802,1
200374_61066,0
200374_131030,0
200383_45322,0
200383_145554,1
200383_282197,1
200383_257260,0
200383_274169,1
200383_45143,0
200384_185440,0
200384_129642,1
200384_132018,1
200384_157104,0
200384_89110,1
200384_103870,1
200385_143617,0
200385_265026,1
200385_26902,1
200385_171850,0
200385_200378,1
200385_156868,0
200387_7556,0
200387_55,0
200387_267024,0
200387_41231,0
200387_62314,0
200387_117377,0
200389_44847,0
200389_272332,1
200389_10206,1
200389_218525,1
200389_68137,0
200389_119098,0
200391_70945,1
200391_149391,0
200391_260381,1
200391_270260,0
200391_120809,0
200391_56707,0
200393_134510,1
200393_66923,0
200393_77781,0
200393_246946,1
200393_56004,1
200393_133421,1
200394_259768,0
200394_286062,0
200394_151336,1
200394_47084,1
200394_5844,1
200394_114633,1
200398_169945,1
200398_235457,1
200398_45786,0
200398_175194,1
200398_227719,1
200398_207699,1
200400_263168,0
200400_64675,0
200400_99158,1
200400_133094,0
200400_281571,0
200400_231680,0
200401_240498,1
200401_91555,1
200401_220726,0
200401_236433,1
200401_51468,1
200401_244960,1
200406_135699,0
200406_182693,0
200406_91014,1
200406_191480,0
200406_135962,1
200406_36732,1
200407_147604,0
200407_175560,1
200407_103861,0
200407_200166,1
200407_214172,0
200407_7740,0
200413_292176,0
200413_133594,0
200413_291958,1
200413_59772,1
200413_94007,1
200413_139505,0
200414_187953,0
200414_210791,1
200414_267796,1
200414_10679,1
200414_262192,0
200414_284820,0
200416_252040,1
200416_266225,1
200416_109787,0
200416_77677,0
200416_149254,0
200416_32664,0
200419_124070,0
200419_128565,1
200419_115358,1
200419_143033,0
200419_34290,0
200419_101875,1
200420_92711,0
200420_141772,0
200420_151596,0
200420_685,0
200420_291238,0
200420_117529,0
200427_179899,0
200427_66439,1
200427_170024,0
200427_82634,0
200427_70122,1
200427_133601,0
200429_288338,1
200429_253857,1
200429_1743,0
200429_59405,0
200429_93084,1
200429_142040,0
200430_45093,1
200430_101943,1
200430_286847,0
200430_3708,1
200430_150766,1
200430_170528,0
200431_125567,0
200431_65150,1
200431_221981,1
200431_38341,1
200431_8652,0
200431_134550,1
200434_187117,1
200434_47732,0
200434_150786,0
200434_200910,0
200434_250273,1
200434_291238,1
200437_130023,1
200437_120539,0
200437_48284,0
200437_29894,0
200437_265963,0
200437_66359,0
200440_170421,1
200440_270448,0
200440_144825,1
200440_272269,1
200440_5735,0
200440_217693,1
200442_244283,1
200442_171490,0
200442_106204,0
200442_70446,1
200442_235014,0
200442_253306,1
200446_191403,1
200446_53131,1
200446_134535,1
200446_221647,1
200446_281826,1
200446_255945,1
200447_273153,1
200447_41843,0
200447_260780,0
200447_138127,0
200447_145783,1
200447_294186,0
200449_48452,0
200449_116597,0
200449_91526,0
200449_12359,0
200449_136336,0
200449_271794,1
200450_51675,1
200450_26636,1
200450_168889,0
200450_2815,1
200450_229894,1
200450_54703,1
200451_185341,1
200451_151926,0
200451_10140,0
200451_82803,0
200451_152474,1
200451_54718,0
200452_274802,1
200452_103437,1
200452_137237,0
200452_142770,1
200452_268716,1
200452_211560,0
200455_141709,0
200455_2259,1
200455_43564,0
200455_230656,1
200455_169102,0
200455_54238,1
200457_73557,1
200457_114620,1
200457_123878,1
200457_261346,1
200457_106185,0
200457_246114,1
200459_47084,0
200459_225429,0
200459_20073,1
200459_121370,0
200459_73524,1
200459_94033,0
200461_95709,0
200461_222309,1
200461_115314,1
200461_199132,1
200461_36048,1
200461_228775,1
200463_33163,1
200463_129403,0
200463_156523,0
200463_142462,0
200463_287377,1
200463_44290,1
200465_232351,1
200465_239826,1
200465_157731,1
200465_59870,1
200465_138333,1
200465_227848,0
200468_167657,1
200468_178008,0
200468_242640,1
200468_190611,1
200468_129467,0
200468_281210,1
200475_223943,1
200475_174505,0
200475_268019,0
200475_168045,0
200475_36815,1
200475_246000,0
200476_234355,1
200476_190213,1
200476_282297,1
200476_256995,0
200476_27068,1
200476_175201,1
200481_149390,0
200481_139199,0
200481_44675,1
200481_218715,1
200481_46756,1
200481_67896,0
200482_28381,0
200482_177636,0
200482_155798,0
200482_170625,0
200482_10062,0
200482_207001,0
200484_151441,0
200484_188137,1
200484_213436,1
200484_281016,1
200484_170445,0
200484_54093,1
200486_62861,0
200486_295129,0
200486_239204,1
200486_113588,1
200486_34658,1
200486_97461,1
200490_24485,0
200490_182289,0
200490_545,0
200490_132003,1
200490_40041,1
200490_150250,1
200494_193791,0
200494_8912,1
200494_88313,1
200494_48000,1
200494_58361,1
200494_186266,1
200495_49793,1
200495_68839,1
200495_140802,1
200495_203414,1
200495_239284,1
200495_11667,0
200497_189128,0
200497_41473,0
200497_271384,0
200497_51867,0
200497_231141,0
200497_12106,0
200499_34231,1
200499_42334,0
200499_279161,1
200499_183277,0
200499_65494,1
200499_177415,1
200500_262534,1
200500_23824,0
200500_63433,0
200500_164591,1
200500_298,1
200500_237718,0
200504_201235,1
200504_277883,0
200504_8348,1
200504_141772,0
200504_125284,1
200504_153972,1
200506_103448,0
200506_264826,0
200506_108780,0
200506_45166,0
200506_288337,0
200506_261450,1
200510_14693,0
200510_7180,1
200510_148982,1
200510_284123,0
200510_8691,0
200510_123677,0
200511_284379,0
200511_62497,0
200511_239521,0
200511_53766,0
200511_96162,0
200511_191762,0
200515_145039,0
200515_152870,0
200515_65206,0
200515_101243,0
200515_30742,0
200515_44264,0
200522_137615,0
200522_268120,1
200522_8595,1
200522_94835,0
200522_41735,0
200522_37173,1
200524_214843,1
200524_19308,1
200524_19550,0
200524_118769,0
200524_254488,0
200524_112535,1
200527_183394,0
200527_59758,1
200527_150772,0
200527_181940,1
200527_55613,0
200527_260091,1
200530_268917,1
200530_109362,0
200530_251806,0
200530_255903,1
200530_173488,1
200530_244983,0
200537_196830,1
200537_218314,1
200537_137380,1
200537_101847,1
200537_63981,0
200537_111921,0
200540_133206,0
200540_236350,1
200540_251890,1
200540_256187,0
200540_279455,0
200540_10391,1
200541_319,1
200541_74106,0
200541_132090,1
200541_250176,0
200541_92064,0
200541_124387,1
200542_93175,1
200542_56976,1
200542_97902,1
200542_65957,0
200542_133121,1
200542_105779,0
200544_34148,0
200544_78316,1
200544_123328,0
200544_242292,1
200544_85681,1
200544_48808,0
200549_124040,1
200549_146282,1
200549_258704,1
200549_269243,1
200549_65110,0
200549_109899,0
200551_157148,0
200551_139386,0
200551_152518,0
200551_171218,0
200551_12984,1
200551_225510,1
200552_30742,0
200552_193894,0
200552_204836,1
200552_184253,1
200552_174892,1
200552_27873,1
200555_39164,1
200555_151887,1
200555_92843,1
200555_63779,0
200555_60810,1
200555_153661,1
200556_48558,0
200556_198954,0
200556_293851,0
200556_174387,0
200556_24015,1
200556_34033,1
200558_13021,1
200558_120535,0
200558_11710,1
200558_235716,1
200558_174337,0
200558_235554,1
200560_72256,1
200560_204125,1
200560_247413,1
200560_195181,1
200560_36187,0
200560_104165,1
200561_22468,1
200561_188408,1
200561_81309,1
200561_232964,1
200561_107901,1
200561_104996,1
200563_54650,1
200563_32878,1
200563_288074,1
200563_190308,0
200563_281042,1
200563_154016,1
200564_41757,1
200564_68647,1
200564_176639,1
200564_243008,1
200564_293696,1
200564_75294,1
200565_79324,0
200565_189540,0
200565_167103,1
200565_22704,0
200565_129166,0
200565_254196,0
200567_131564,1
200567_14355,0
200567_108120,0
200567_108,0
200567_94513,0
200567_196291,0
200568_164212,1
200568_52855,1
200568_93324,1
200568_73312,0
200568_116596,0
200568_285630,0
200569_217806,1
200569_138343,1
200569_195774,1
200569_267632,1
200569_45733,1
200569_85540,0
200571_95880,0
200571_175481,1
200571_23817,0
200571_8229,0
200571_139319,0
200571_52107,1
200572_75469,1
200572_129747,1
200572_145221,1
200572_25269,0
200572_43895,0
200572_130547,1
200574_76070,0
200574_88858,0
200574_216343,1
200574_21593,1
200574_73557,1
200574_121386,1
200582_215325,0
200582_285118,0
200582_217584,0
200582_172333,0
200582_15951,0
200582_233187,0
200584_136255,0
200584_56525,0
200584_210602,0
200584_228223,1
200584_109899,0
200584_16984,0
200590_13012,0
200590_279906,1
200590_287452,0
200590_151286,1
200590_55389,1
200590_246288,0
200592_92589,1
200592_255945,0
200592_285250,1
200592_137099,1
200592_32878,0
200592_288664,0
200594_104207,1
200594_83187,1
200594_187117,0
200594_276919,0
200594_236044,0
200594_201230,1
200596_171088,1
200596_156913,1
200596_57625,0
200596_27727,1
200596_95659,1
200596_219052,1
200598_291135,1
200598_178309,1
200598_245177,1
200598_48904,1
200598_152732,1
200598_265101,1
200599_206174,1
200599_133694,1
200599_206195,1
200599_279936,1
200599_24419,1
200599_96378,1
200604_135745,1
200604_265026,0
200604_167345,1
200604_165246,0
200604_13495,1
200604_278582,1
200607_25185,1
200607_140898,0
200607_57086,1
200607_270469,1
200607_51430,1
200607_105067,1
200610_123577,0
200610_49136,0
200610_126692,1
200610_96488,1
200610_9151,1
200610_214388,0
200611_5888,1
200611_194512,1
200611_57209,1
200611_7859,1
200611_50628,0
200611_264835,0
200612_239984,0
200612_246720,0
200612_185456,0
200612_271794,0
200612_71402,0
200612_61298,1
200613_103861,1
200613_202859,0
200613_49153,0
200613_63674,1
200613_235558,0
200613_15860,0
200617_121353,1
200617_137615,0
200617_40811,1
200617_107923,1
200617_39841,0
200617_203129,1
200619_71341,0
200619_267065,0
200619_129274,1
200619_106573,0
200619_47827,1
200619_23275,0
200620_123128,0
200620_291958,1
200620_96932,0
200620_31440,0
200620_221371,1
200620_12647,1
200624_82095,1
200624_164695,0
200624_145136,0
200624_102318,1
200624_180370,0
200624_279043,0
200625_5281,0
200625_168462,1
200625_239573,0
200625_263727,1
200625_77139,1
200625_264081,0
200626_294753,0
200626_33753,1
200626_8665,0
200626_203942,0
200626_204850,1
200626_239253,0
200628_180729,1
200628_252250,1
200628_253344,1
200628_27372,0
200628_84197,0
200628_226889,0
200633_152839,1
200633_127002,0
200633_225974,1
200633_74096,1
200633_175503,0
200633_266657,1
200634_236462,0
200634_114191,1
200634_253198,0
200634_253373,0
200634_95503,0
200634_231891,0
200637_169520,0
200637_87423,1
200637_8544,0
200637_226220,0
200637_204532,0
200637_249269,0
200641_140840,0
200641_104050,0
200641_78910,0
200641_99025,0
200641_66031,0
200641_174121,0
200644_109323,0
200644_222443,0
200644_278242,0
200644_272763,0
200644_256896,0
200644_202235,1
200646_279936,1
200646_30300,0
200646_266657,0
200646_36081,0
200646_7596,1
200646_197364,0
200650_133618,1
200650_264152,1
200650_278582,1
200650_83125,1
200650_294437,1
200650_283321,0
200651_294590,0
200651_275881,0
200651_298,1
200651_258448,1
200651_10777,0
200651_205041,1
200652_196663,1
200652_236493,0
200652_36734,1
200652_183865,0
200652_116036,1
200652_106428,1
200654_38502,0
200654_86053,1
200654_295988,1
200654_92310,1
200654_44621,0
200654_156913,0
200658_140117,0
200658_67156,1
200658_76336,1
200658_67509,1
200658_167172,1
200658_281406,1
200659_21140,0
200659_225472,0
200659_12639,0
200659_32264,1
200659_159745,0
200659_127035,1
200660_207830,0
200660_215812,0
200660_223132,0
200660_86256,0
200660_61862,0
200660_12406,0
200662_289606,0
200662_5989,0
200662_195194,1
200662_230856,1
200662_19685,1
200662_189847,0
200664_34503,1
200664_109787,1
200664_233577,0
200664_65731,1
200664_117626,0
200664_179509,0
200665_55116,0
200665_195855,1
200665_118564,0
200665_200108,1
200665_102250,0
200665_49915,0
200666_52853,1
200666_293803,1
200666_117728,0
200666_271100,1
200666_144357,1
200666_173657,0
200667_295290,0
200667_85006,0
200667_111412,0
200667_185776,0
200667_34871,0
200667_80572,0
200668_256229,1
200668_163317,1
200668_50334,1
200668_96327,0
200668_191321,0
200668_58812,0
200669_107762,0
200669_286828,1
200669_35619,0
200669_176363,0
200669_171539,0
200669_286329,0
200672_49967,1
200672_66803,0
200672_245486,1
200672_86103,1
200672_139194,1
200672_270515,1
200674_208504,1
200674_158606,1
200674_93119,0
200674_36934,1
200674_115533,0
200674_180416,1
200679_226320,1
200679_280736,0
200679_239212,0
200679_170667,0
200679_269063,0
200679_263314,0
200682_162435,0
200682_171373,1
200682_64872,1
200682_239166,0
200682_223796,1
200682_39825,1
200684_125758,1
200684_268388,0
200684_249667,0
200684_199132,1
200684_276316,1
200684_129885,0
200686_214182,1
200686_128470,0
200686_128969,0
200686_189134,1
200686_278746,1
200686_92127,0
200689_112564,1
200689_52237,1
200689_139002,1
200689_104207,1
200689_2220,0
200689_254625,1
200691_123579,1
200691_202826,0
200691_115145,1
200691_130536,1
200691_106428,0
200691_67006,0
200699_93725,1
200699_27519,0
200699_250279,1
200699_80916,1
200699_237429,1
200699_66886,1
200701_228678,0
200701_146723,0
200701_119532,1
200701_182869,0
200701_101871,1
200701_5222,0
200702_42887,0
200702_80101,1
200702_189043,0
200702_242454,1
200702_5782,0
200702_74106,1
200705_84153,1
200705_83794,0
200705_267584,0
200705_253143,0
200705_206660,1
200705_165984,1
200707_173804,0
200707_193385,0
200707_203592,1
200707_21911,0
200707_189017,1
200707_108780,0
200708_101452,0
200708_65110,1
200708_171482,1
200708_87104,0
200708_80165,1
200708_286426,1
200710_56775,0
200710_207401,1
200710_195967,0
200710_278687,1
200710_56437,0
200710_196695,0
200713_220257,1
200713_216404,1
200713_181496,1
200713_101871,1
200713_185252,1
200713_286863,1
200715_50464,0
200715_210884,1
200715_43391,1
200715_111694,0
200715_36024,1
200715_13183,0
200719_31811,1
200719_166103,1
200719_91566,1
200719_152518,1
200719_171902,1
200719_191261,1
200722_110406,0
200722_95851,0
200722_226093,1
200722_184275,0
200722_10026,0
200722_269437,1
200725_288329,0
200725_230358,0
200725_106038,0
200725_23831,0
200725_71685,0
200725_271092,0
200726_276635,1
200726_157001,1
200726_13495,1
200726_159869,0
200726_250273,1
200726_47880,1
200728_77957,1
200728_216226,1
200728_82772,1
200728_196519,1
200728_70355,0
200728_116288,1
200731_285514,0
200731_23103,1
200731_188192,0
200731_231041,1
200731_271284,0
200731_271623,0
200736_218630,1
200736_260185,1
200736_135239,0
200736_29381,0
200736_285123,1
200736_47697,0
200741_92498,0
200741_228746,0
200741_253373,0
200741_287811,1
200741_247218,0
200741_121254,0
200743_104198,1
200743_3295,0
200743_81717,1
200743_284908,0
200743_64238,0
200743_259522,0
200744_272015,0
200744_244768,1
200744_268110,0
200744_15234,0
200744_249574,0
200744_246860,0
200745_153565,1
200745_119573,1
200745_31966,0
200745_187479,1
200745_8473,1
200745_270902,0
200747_247272,0
200747_260484,1
200747_266912,1
200747_192439,0
200747_214686,0
200747_100659,0
200748_194515,0
200748_125390,0
200748_72607,1
200748_253268,0
200748_238534,1
200748_120536,1
200749_129317,1
200749_123997,0
200749_131030,0
200749_59253,0
200749_168688,1
200749_294808,1
200753_236960,0
200753_48666,0
200753_93176,1
200753_272966,1
200753_208748,1
200753_117449,1
200759_221710,0
200759_62960,1
200759_182786,0
200759_234432,0
200759_259246,1
200759_183045,0
200760_251293,1
200760_16383,1
200760_218956,0
200760_77871,1
200760_257899,1
200760_263936,1
200762_237561,1
200762_98777,0
200762_187847,0
200762_244541,0
200762_271243,0
200762_289330,0
200763_200421,0
200763_8691,0
200763_3868,1
200763_272652,0
200763_36843,1
200763_252819,1
200768_72875,1
200768_30026,1
200768_267088,1
200768_267792,1
200768_142675,1
200768_235253,1
200770_192889,1
200770_135910,0
200770_195201,0
200770_191512,1
200770_6380,1
200770_122532,1
200771_212847,1
200771_123878,0
200771_131633,1
200771_56993,1
200771_207602,0
200771_291238,1
200774_218101,1
200774_82597,0
200774_251785,0
200774_94809,1
200774_116312,1
200774_17381,1
200775_267390,1
200775_162334,1
200775_42632,0
200775_116413,0
200775_178189,1
200775_253746,1
200777_201032,1
200777_154922,0
200777_110119,1
200777_228343,1
200777_214731,1
200777_203707,1
200778_61971,1
200778_261450,1
200778_17629,1
200778_204282,1
200778_220218,1
200778_13151,0
200779_278313,1
200779_209541,1
200779_82308,1
200779_62493,1
200779_12922,1
200779_293535,1
200780_14595,0
200780_10397,1
200780_205385,0
200780_162068,0
200780_101528,0
200780_206236,1
200781_185295,0
200781_15208,0
200781_80626,1
200781_151186,0
200781_150766,0
200781_152820,1
200784_212065,1
200784_288063,1
200784_227208,1
200784_20895,0
200784_18748,1
200784_149317,1
200786_168643,0
200786_102912,1
200786_219693,0
200786_231605,0
200786_281936,1
200786_169310,1
200788_81090,1
200788_243897,1
200788_13343,1
200788_144165,1
200788_52853,1
200788_226517,1
200790_71836,0
200790_197810,0
200790_46269,1
200790_197729,0
200790_221487,0
200790_262748,1
200791_28274,0
200791_138963,1
200791_278223,0
200791_88840,1
200791_210744,1
200791_252523,0
200793_137079,1
200793_221927,0
200793_175832,1
200793_167965,1
200793_174653,1
200793_250601,1
200794_29293,1
200794_186400,0
200794_127285,0
200794_151916,0
200794_17366,1
200794_48030,1
200795_153491,0
200795_133020,0
200795_267934,0
200795_231177,0
200795_277642,0
200795_175009,0
200800_52617,1
200800_186538,1
200800_105229,0
200800_240361,0
200800_205231,1
200800_207717,1
200802_56437,1
200802_145246,1
200802_30877,1
200802_223264,0
200802_153889,0
200802_16374,1
200803_139654,1
200803_189725,0
200803_176637,1
200803_287949,1
200803_256525,0
200803_92335,1
200811_129684,1
200811_264152,1
200811_85372,1
200811_118803,0
200811_111470,1
200811_97883,1
200813_159118,1
200813_157247,0
200813_108393,1
200813_76477,1
200813_87838,1
200813_84995,1
200816_237860,0
200816_264023,0
200816_290691,1
200816_275211,0
200816_161204,1
200816_7188,1
200819_287224,0
200819_187494,0
200819_94391,1
200819_139843,0
200819_129580,0
200819_199625,0
200820_97902,1
200820_43783,1
200820_185269,1
200820_255909,1
200820_277090,0
200820_125839,1
200821_24410,0
200821_187050,1
200821_80021,0
200821_141997,1
200821_262921,1
200821_188192,0
200822_96378,1
200822_90615,0
200822_274149,0
200822_25405,0
200822_39763,1
200822_215325,1
200823_204267,1
200823_8669,1
200823_101105,1
200823_21853,1
200823_104538,0
200823_54654,1
200824_265748,0
200824_41212,0
200824_204679,0
200824_184703,0
200824_48882,0
200824_164692,0
200826_268462,1
200826_289718,1
200826_76892,0
200826_50521,1
200826_276479,0
200826_201263,0
200829_156523,0
200829_34084,0
200829_248189,1
200829_9730,1
200829_224114,0
200829_142888,1
200831_56544,1
200831_219422,0
200831_192661,1
200831_163472,0
200831_22532,0
200831_203711,1
200833_281016,0
200833_44845,0
200833_22687,0
200833_265835,0
200833_285290,1
200833_241352,0
200834_216221,0
200834_125122,0
200834_31334,0
200834_245758,0
200834_103629,0
200834_87205,1
200836_205039,0
200836_148053,0
200836_29364,0
200836_218112,0
200836_110706,0
200836_122262,0
200837_89827,0
200837_268764,0
200837_7739,0
200837_22530,0
200837_253155,0
200837_107026,0
200843_271100,0
200843_210427,0
200843_257789,0
200843_218715,0
200843_22154,1
200843_119375,0
200850_45174,0
200850_267076,0
200850_171850,0
200850_188660,1
200850_220381,0
200850_175208,1
200851_284727,0
200851_67242,0
200851_230677,1
200851_129601,0
200851_126992,0
200851_167750,1
200855_28255,0
200855_74714,1
200855_53964,1
200855_228146,0
200855_180327,0
200855_198890,1
200856_101548,1
200856_262438,1
200856_247859,1
200856_45110,1
200856_184799,1
200856_110082,1
200859_144718,1
200859_201408,0
200859_152820,0
200859_96162,1
200859_206959,1
200859_138177,0
200860_203676,0
200860_190423,0
200860_49490,1
200860_254267,0
200860_67570,0
200860_166193,0
200861_63917,0
200861_119772,0
200861_159637,0
200861_214979,0
200861_56525,1
200861_254191,1
200863_293502,1
200863_234292,0
200863_186624,1
200863_77473,1
200863_183431,1
200863_245341,1
200864_177437,0
200864_224017,0
200864_204554,0
200864_50624,1
200864_203676,0
200864_206034,1
200868_54077,0
200868_132628,0
200868_31328,1
200868_152947,0
200868_228920,0
200868_174466,0
200870_290926,0
200870_125770,1
200870_155188,0
200870_178370,0
200870_295799,1
200870_293571,0
200874_167292,0
200874_91716,0
200874_209561,0
200874_241933,0
200874_178024,0
200874_232566,0
200876_257931,1
200876_240854,1
200876_80612,1
200876_39137,1
200876_101871,1
200876_257505,0
200878_165476,0
200878_151964,1
200878_44380,1
200878_286439,1
200878_22526,1
200878_107134,0
200880_7940,0
200880_72591,1
200880_271521,0
200880_94498,1
200880_172175,1
200880_203540,0
200884_228615,0
200884_124831,0
200884_80050,0
200884_30318,0
200884_63737,0
200884_136273,0
200887_31436,1
200887_111942,0
200887_47528,0
200887_50321,1
200887_264668,0
200887_93699,1
200896_200438,0
200896_279986,1
200896_194531,1
200896_5751,0
200896_211375,1
200896_52490,0
200897_140436,0
200897_189634,0
200897_260980,0
200897_153923,1
200897_202342,1
200897_210321,0
200903_221201,1
200903_159646,1
200903_173264,1
200903_174476,1
200903_70637,1
200903_127986,1
200904_219581,1
200904_165215,0
200904_180440,0
200904_66445,1
200904_52077,1
200904_125944,1
200905_267955,0
200905_68845,1
200905_141310,1
200905_48882,1
200905_164379,0
200905_71464,1
200909_144883,1
200909_147944,0
200909_66368,1
200909_68050,1
200909_21415,1
200909_223542,1
200911_232877,0
200911_208086,0
200911_46027,1
200911_183431,1
200911_108855,1
200911_238165,1
200913_200432,0
200913_169441,0
200913_144357,1
200913_101002,0
200913_140917,0
200913_101441,0
200916_34860,0
200916_80326,1
200916_38967,1
200916_3604,1
200916_153923,1
200916_56154,0
200917_169536,0
200917_198535,0
200917_148477,0
200917_137305,1
200917_21548,1
200917_288930,0
200919_23527,1
200919_133467,0
200919_264668,0
200919_237685,1
200919_63398,0
200919_93115,1
200927_65334,1
200927_29745,1
200927_30000,0
200927_207401,1
200927_25858,1
200927_90293,0
200928_220492,0
200928_176916,0
200928_151347,0
200928_74688,0
200928_123232,1
200928_63723,0
200930_37202,0
200930_46324,1
200930_220024,1
200930_250054,1
200930_69860,1
200930_179628,0
200931_130005,0
200931_253628,0
200931_143104,0
200931_203954,1
200931_293748,1
200931_189470,0
200932_198927,1
200932_183661,1
200932_192439,1
200932_198517,0
200932_44782,1
200932_86012,1
200933_147450,0
200933_275832,0
200933_133167,1
200933_238366,0
200933_110276,1
200933_193322,1
200934_174887,0
200934_52837,1
200934_225319,0
200934_110191,0
200934_239591,1
200934_278345,0
200935_176172,1
200935_202784,1
200935_266720,1
200935_188147,1
200935_116166,1
200935_216902,1
200936_199077,1
200936_239282,0
200936_173002,0
200936_193692,0
200936_61989,0
200936_193774,0
200938_278840,0
200938_51468,0
200938_30494,1
200938_204400,0
200938_32461,0
200938_76601,1
200940_159340,0
200940_146839,0
200940_43138,1
200940_277235,1
200940_126532,0
200940_130025,1
200945_72878,0
200945_199128,0
200945_270329,1
200945_92589,0
200945_191042,0
200945_115947,0
200946_147612,0
200946_185213,0
200946_115602,0
200946_39763,1
200946_147074,1
200946_29189,0
200948_21536,1
200948_14334,1
200948_115095,1
200948_3972,1
200948_186670,1
200948_247494,1
200951_27985,0
200951_186913,1
200951_83849,0
200951_152465,1
200951_120808,0
200951_39783,1
200954_69315,1
200954_105348,0
200954_27480,0
200954_43382,0
200954_169308,0
200954_56500,1
200955_179433,0
200955_115550,1
200955_22924,0
200955_3916,0
200955_175812,0
200955_137107,0
200956_91280,0
200956_61941,1
200956_264826,0
200956_137479,0
200956_83900,1
200956_142675,0
200958_56106,1
200958_137468,1
200958_193801,1
200958_209487,1
200958_12415,1
200958_46756,1
200959_56678,1
200959_176586,0
200959_33066,0
200959_165296,0
200959_166917,1
200959_94498,1
200961_263043,0
200961_36652,1
200961_53593,0
200961_139556,1
200961_111988,0
200961_32231,0
200962_145494,1
200962_78910,1
200962_263043,0
200962_192439,0
200962_4993,1
200962_179615,1
200970_191598,1
200970_289153,0
200970_132591,0
200970_112264,0
200970_178277,1
200970_266176,1
200976_143401,1
200976_27864,0
200976_27672,0
200976_158665,0
200976_166193,1
200976_169505,1
200977_129775,0
200977_197995,1
200977_33860,0
200977_253231,1
200977_137882,0
200977_37960,1
200979_161986,1
200979_203180,0
200979_4906,1
200979_16498,0
200979_99448,1
200979_131728,1
200980_83081,0
200980_127245,1
200980_65660,0
200980_208932,1
200980_152229,1
200980_27608,1
200983_54836,1
200983_94523,0
200983_23039,0
200983_64459,0
200983_116948,1
200983_244768,1
200984_82912,1
200984_114240,0
200984_83168,0
200984_239189,1
200984_183841,1
200984_158967,0
200986_38557,1
200986_65831,0
200986_127069,0
200986_193262,0
200986_155049,0
200986_217658,0
200987_179502,1
200987_101172,0
200987_150618,1
200987_52010,0
200987_219762,0
200987_129684,1
200989_13910,1
200989_114479,0
200989_160012,0
200989_276023,0
200989_68884,1
200989_61700,1
200991_197771,1
200991_88248,1
200991_279176,1
200991_225701,1
200991_145353,1
200991_283304,1
200993_245177,1
200993_116409,1
200993_286035,1
200993_118785,1
200993_274931,1
200993_80409,1
200994_133635,1
200994_157668,1
200994_208572,1
200994_159945,0
200994_265480,1
200994_271374,1
200998_20206,1
200998_165847,1
200998_204655,1
200998_66757,1
200998_171303,1
200998_223248,0
200999_129672,1
200999_106714,1
200999_206599,1
200999_124442,0
200999_290737,0
200999_185481,1
201001_241491,0
201001_245668,1
201001_155189,1
201001_62960,0
201001_166203,1
201001_54109,0
201002_161171,0
201002_197553,1
201002_232351,1
201002_3569,1
201002_234914,0
201002_52617,0
201003_206943,0
201003_106393,1
201003_153195,0
201003_220164,0
201003_164808,1
201003_97117,1
201006_119044,0
201006_127831,0
201006_86485,1
201006_269762,0
201006_250639,1
201006_201541,0
201008_274660,0
201008_236268,0
201008_291238,1
201008_171511,1
201008_279431,0
201008_197796,1
201010_277976,0
201010_263556,1
201010_69797,0
201010_209371,0
201010_245995,0
201010_15109,0
201011_136546,0
201011_234432,1
201011_280144,0
201011_66593,0
201011_227582,0
201011_233675,1
201013_290411,1
201013_1003,0
201013_209776,0
201013_180634,0
201013_150978,1
201013_203226,1
201016_182467,1
201016_113707,0
201016_278391,1
201016_2288,0
201016_188590,1
201016_158277,1
201017_181994,0
201017_172968,1
201017_8544,0
201017_192568,1
201017_61830,1
201017_105014,0
201019_278582,1
201019_179201,1
201019_124664,1
201019_163570,1
201019_98231,1
201019_229940,1
201023_279668,1
201023_72875,1
201023_40651,1
201023_276233,1
201023_79131,1
201023_229242,1
201031_261904,1
201031_55866,1
201031_282689,0
201031_17156,0
201031_92498,1
201031_220671,1
201037_218916,1
201037_142715,0
201037_36740,0
201037_84117,0
201037_126992,0
201037_60185,0
201041_282700,0
201041_166494,1
201041_105828,1
201041_184843,1
201041_250838,1
201041_202290,1
201042_255294,1
201042_105524,1
201042_224044,1
201042_183007,1
201042_161787,1
201042_112824,0
201045_50628,1
201045_114096,0
201045_180687,0
201045_88583,1
201045_242102,1
201045_100633,0
201046_88123,1
201046_273384,1
201046_108855,0
201046_244663,0
201046_164097,1
201046_267088,0
201047_108544,1
201047_35012,1
201047_261372,0
201047_266872,1
201047_135466,0
201047_113233,0
201049_22758,1
201049_83159,1
201049_20797,1
201049_234348,0
201049_265278,1
201049_50807,0
201061_190549,0
201061_199828,1
201061_141772,1
201061_29894,1
201061_4130,1
201061_129866,1
201063_190898,0
201063_263470,0
201063_206786,1
201063_45171,1
201063_270469,1
201063_108699,0
201065_55324,0
201065_25069,0
201065_224337,1
201065_247859,0
201065_135181,1
201065_247107,1
201066_42768,1
201066_189669,1
201066_250300,1
201066_157001,1
201066_63216,1
201066_207449,1
201069_197189,1
201069_259516,1
201069_49699,0
201069_76865,0
201069_119048,0
201069_71455,0
201070_185382,1
201070_117875,0
201070_13641,1
201070_114655,0
201070_218525,1
201070_236175,1
201072_263630,0
201072_293171,1
201072_132159,0
201072_68198,1
201072_141099,1
201072_88050,0
201073_96859,1
201073_215158,1
201073_151190,0
201073_180387,1
201073_267135,1
201073_7959,0
201074_167656,1
201074_74895,1
201074_150712,1
201074_88612,0
201074_105649,1
201074_70945,1
201075_155069,1
201075_238150,1
201075_19745,1
201075_167710,1
201075_248745,0
201075_43138,1
201080_18227,1
201080_166592,0
201080_256831,0
201080_161280,1
201080_12319,0
201080_233221,0
201082_169308,1
201082_88869,0
201082_257507,1
201082_257168,1
201082_143729,0
201082_110584,0
201083_286863,1
201083_86732,0
201083_100088,0
201083_250273,1
201083_83020,0
201083_99374,1
201084_10133,0
201084_196297,0
201084_52617,1
201084_153742,1
201084_7188,1
201084_157155,1
201091_129684,0
201091_225388,0
201091_23729,0
201091_23138,0
201091_268416,0
201091_47084,0
201093_28978,1
201093_115049,1
201093_151831,1
201093_81561,1
201093_279986,1
201093_291840,1
201094_222207,0
201094_174226,0
201094_51741,0
201094_236433,0
201094_156562,0
201094_75431,0
201097_115095,1
201097_244657,1
201097_100907,1
201097_10800,0
201097_46092,1
201097_92382,0
201102_237181,1
201102_80609,1
201102_176697,0
201102_129064,1
201102_18392,1
201102_203738,0
201104_159685,1
201104_154769,1
201104_222371,1
201104_122479,0
201104_28048,1
201104_237561,1
201106_217999,0
201106_274071,0
201106_29432,0
201106_60444,0
201106_26734,0
201106_273527,0
201107_189755,1
201107_53767,1
201107_239972,0
201107_29587,1
201107_133594,1
201107_86709,1
201117_186127,0
201117_85245,0
201117_110710,0
201117_197506,0
201117_293195,0
201117_122754,0
201118_287949,1
201118_114465,0
201118_167873,1
201118_111874,1
201118_246426,0
201118_227762,0
201119_255100,1
201119_88970,1
201119_184351,1
201119_246908,1
201119_186531,1
201119_101002,0
201121_250281,0
201121_194658,0
201121_143570,0
201121_231891,1
201121_278582,1
201121_222246,1
201123_285719,1
201123_243335,0
201123_106102,1
201123_22517,1
201123_120080,0
201123_127495,0
201126_230358,1
201126_286906,0
201126_129888,1
201126_205370,0
201126_231030,0
201126_119755,0
201127_143817,1
201127_39783,0
201127_251854,0
201127_21415,1
201127_257281,0
201127_152133,1
201132_163839,0
201132_245734,0
201132_176301,0
201132_166595,1
201132_4140,1
201132_155570,0
201138_169892,1
201138_53772,0
201138_231671,0
201138_212852,1
201138_226219,0
201138_96755,1
201140_193579,1
201140_247946,0
201140_58100,0
201140_105061,1
201140_8229,0
201140_109544,0
201142_87215,1
201142_163881,0
201142_11324,0
201142_149427,1
201142_61347,0
201142_187491,0
201143_255808,1
201143_64341,1
201143_239570,1
201143_88589,1
201143_100077,1
201143_176556,0
201147_126976,1
201147_269687,1
201147_167899,0
201147_83475,1
201147_183693,1
201147_116601,1
201150_71524,0
201150_249701,1
201150_11425,1
201150_136453,1
201150_10613,1
201150_142747,1
201151_65236,1
201151_132606,0
201151_23928,0
201151_184302,0
201151_125951,1
201151_257388,1
201153_2442,0
201153_82304,0
201153_241182,1
201153_267135,1
201153_194860,1
201153_220488,0
201155_164347,1
201155_193987,1
201155_13564,0
201155_24878,1
201155_142408,1
201155_9160,0
201156_6885,1
201156_267631,1
201156_239010,1
201156_13822,1
201156_139088,0
201156_283753,1
201157_10745,0
201157_133594,1
201157_238094,1
201157_207401,1
201157_260119,0
201157_281373,1
201158_114265,1
201158_234732,1
201158_43628,0
201158_257749,1
201158_291843,1
201158_41843,1
201159_164400,0
201159_198854,0
201159_206613,1
201159_213486,1
201159_32517,1
201159_273670,1
201160_148978,0
201160_258497,1
201160_202094,1
201160_132777,0
201160_267024,1
201160_84169,0
201161_82176,1
201161_274087,0
201161_165044,0
201161_88317,0
201161_273719,0
201161_286329,1
201164_82112,1
201164_90290,0
201164_74879,1
201164_71472,1
201164_226953,1
201164_16585,1
201165_216124,0
201165_243011,1
201165_173495,0
201165_219002,1
201165_4027,1
201165_146169,0
201166_24607,1
201166_229163,1
201166_57077,1
201166_116741,0
201166_224056,1
201166_160127,0
201167_4558,0
201167_167240,1
201167_196425,1
201167_188841,0
201167_69886,1
201167_179894,0
201173_160,1
201173_235654,1
201173_64459,0
201173_48393,0
201173_185901,1
201173_22716,0
201175_198294,0
201175_70946,0
201175_18772,0
201175_218206,0
201175_107137,0
201175_192213,0
201176_75681,0
201176_25694,1
201176_70898,0
201176_68835,0
201176_177434,0
201176_177039,0
201177_130590,0
201177_123045,0
201177_131171,0
201177_57748,1
201177_239098,0
201177_62,0
201178_185562,1
201178_118129,1
201178_1214,1
201178_177863,0
201178_132124,1
201178_176586,1
201179_233577,0
201179_96289,0
201179_234742,1
201179_65971,1
201179_211584,1
201179_274356,1
201183_245486,1
201183_144251,1
201183_232937,1
201183_263109,1
201183_137344,0
201183_12076,1
201186_66803,0
201186_44222,1
201186_43031,1
201186_212609,1
201186_125452,1
201186_45124,0
201188_234708,1
201188_196388,0
201188_31407,0
201188_190154,1
201188_294284,0
201188_1365,1
201190_142408,1
201190_109459,0
201190_13910,1
201190_129467,1
201190_231669,0
201190_283731,1
201194_289946,0
201194_208352,1
201194_273185,1
201194_30546,0
201194_150618,1
201194_225609,1
201197_152798,0
201197_203904,0
201197_150469,0
201197_153246,1
201197_209609,1
201197_203321,1
201198_126268,1
201198_262757,0
201198_231761,0
201198_227035,0
201198_28680,1
201198_129019,1
201201_234891,0
201201_129961,1
201201_283018,1
201201_100697,0
201201_28870,0
201201_146266,0
201208_15605,0
201208_138272,0
201208_207739,1
201208_25469,0
201208_200500,1
201208_204012,0
201216_203604,0
201216_153357,0
201216_42042,1
201216_158348,0
201216_250742,1
201216_147585,1
201217_62076,1
201217_150748,1
201217_240501,1
201217_228016,1
201217_154936,1
201217_174356,0
201218_52502,0
201218_62828,0
201218_137143,0
201218_121095,0
201218_240600,0
201218_92994,0
201227_255449,1
201227_111874,0
201227_138243,1
201227_164737,1
201227_90219,1
201227_209302,0
201228_145034,0
201228_113702,1
201228_175481,1
201228_69158,1
201228_249706,1
201228_238279,0
201231_96622,0
201231_47136,1
201231_45714,0
201231_162683,1
201231_181751,1
201231_270515,1
201232_83933,0
201232_246593,1
201232_34084,1
201232_226946,0
201232_163693,0
201232_48707,0
201235_156581,0
201235_291058,0
201235_288091,1
201235_104553,0
201235_110426,0
201235_283786,0
201237_39136,1
201237_93599,1
201237_163106,1
201237_171331,1
201237_285322,1
201237_98640,1
201238_38570,0
201238_181920,0
201238_191750,0
201238_102251,1
201238_275711,0
201238_177523,1
201241_59158,0
201241_33298,0
201241_140840,1
201241_146570,1
201241_53227,0
201241_46629,1
201243_31765,1
201243_48523,0
201243_268877,0
201243_152558,0
201243_72406,1
201243_111477,1
201244_97283,1
201244_7363,1
201244_71074,1
201244_114634,1
201244_142163,0
201244_3788,0
201246_239398,0
201246_44251,0
201246_228865,0
201246_8615,0
201246_23723,0
201246_16496,0
201247_133161,0
201247_17112,1
201247_72517,0
201247_46193,0
201247_234884,1
201247_120519,0
201248_12431,0
201248_212453,1
201248_131643,1
201248_185658,0
201248_71155,0
201248_73519,1
201249_146430,1
201249_133781,1
201249_292481,0
201249_264713,1
201249_88006,1
201249_250953,1
201250_257603,1
201250_173606,0
201250_84969,1
201250_107923,0
201250_236359,0
201250_85194,0
201251_31407,0
201251_39256,1
201251_166740,0
201251_144100,1
201251_84969,0
201251_38069,1
201252_126692,0
201252_129317,1
201252_291782,0
201252_80972,1
201252_125465,0
201252_257260,1
201254_108120,1
201254_184587,1
201254_88905,0
201254_92310,0
201254_126271,1
201254_238869,1
201255_254837,1
201255_84557,0
201255_280215,0
201255_98874,1
201255_243829,1
201255_56405,0
201262_53550,0
201262_159637,1
201262_275505,1
201262_277235,0
201262_41140,1
201262_163855,1
201265_53003,0
201265_15408,0
201265_55958,0
201265_285194,1
201265_70378,1
201265_154826,0
201266_138809,1
201266_110918,1
201266_19370,0
201266_176172,1
201266_150632,0
201266_102146,1
201267_156293,1
201267_156921,0
201267_105828,1
201267_169325,1
201267_226201,1
201267_135348,1
201268_92874,0
201268_128680,0
201268_127691,1
201268_66368,1
201268_197866,1
201268_168585,0
201272_107247,1
201272_185571,1
201272_9514,1
201272_75384,0
201272_254921,1
201272_162293,0
201273_178040,0
201273_13748,0
201273_83180,0
201273_133906,0
201273_88259,0
201273_240827,0
201275_278258,1
201275_71004,0
201275_210990,1
201275_268444,1
201275_276208,1
201275_1283,1
201276_37079,1
201276_274477,1
201276_155798,1
201276_179094,1
201276_11249,1
201276_219723,1
201277_104970,0
201277_156112,0
201277_196572,1
201277_120207,1
201277_236695,1
201277_160121,1
201279_215268,0
201279_277060,0
201279_177483,0
201279_122108,1
201279_280411,0
201279_63747,1
201280_70306,1
201280_142451,1
201280_55822,1
201280_119027,1
201280_247379,1
201280_207465,1
201284_293108,0
201284_164307,0
201284_279454,0
201284_73005,0
201284_52613,1
201284_227919,1
201286_265006,0
201286_230460,0
201286_137485,0
201286_150250,0
201286_36647,0
201286_179502,0
201287_13811,1
201287_289911,1
201287_259824,1
201287_266000,0
201287_234906,0
201287_131564,1
201292_38168,1
201292_86732,1
201292_30350,0
201292_262804,0
201292_129027,1
201292_196345,1
201296_110360,1
201296_190914,0
201296_289978,1
201296_181442,0
201296_230795,1
201296_280494,1
201298_162967,1
201298_183609,1
201298_292505,0
201298_135127,0
201298_3505,0
201298_38181,1
201299_164591,1
201299_98552,0
201299_279565,0
201299_100967,1
201299_127752,0
201299_284064,0
201300_2538,1
201300_45491,1
201300_262572,1
201300_48588,0
201300_134213,1
201300_179578,0
201304_70188,0
201304_247245,1
201304_291238,1
201304_144864,1
201304_4597,1
201304_276334,0
201305_178645,0
201305_58443,1
201305_15776,1
201305_46412,1
201305_181941,1
201305_167168,0
201307_295799,1
201307_176849,1
201307_137370,1
201307_28591,1
201307_187314,1
201307_121370,1
201309_6679,1
201309_84452,1
201309_61113,0
201309_291106,0
201309_68968,1
201309_187771,1
201310_261695,1
201310_292091,0
201310_153275,1
201310_267685,0
201310_168254,1
201310_62966,1
201312_53964,0
201312_111906,0
201312_160354,1
201312_174622,1
201312_147802,1
201312_205042,0
201313_166104,0
201313_247573,0
201313_55252,1
201313_105075,1
201313_125105,1
201313_73227,0
201314_65650,0
201314_12110,0
201314_250321,1
201314_238961,1
201314_290180,1
201314_93353,1
201315_70188,1
201315_13304,0
201315_295478,0
201315_10986,1
201315_85863,0
201315_1743,1
201320_52670,1
201320_274173,0
201320_109716,1
201320_107377,0
201320_278687,1
201320_116588,0
201324_86225,1
201324_274383,0
201324_38543,1
201324_12152,1
201324_106094,1
201324_288424,0
201328_225472,0
201328_111165,0
201328_121429,0
201328_211673,1
201328_248777,1
201328_70188,1
201329_134251,1
201329_119709,1
201329_281818,0
201329_58680,1
201329_112203,1
201329_228016,1
201331_78147,1
201331_125076,0
201331_93839,0
201331_64121,0
201331_165042,0
201331_193350,0
201333_262877,0
201333_238161,0
201333_290787,0
201333_146263,0
201333_4993,0
201333_233293,0
201336_1108,1
201336_113179,1
201336_167340,1
201336_124387,1
201336_70788,1
201336_47528,1
201339_51217,1
201339_25432,1
201339_20430,0
201339_29894,1
201339_248975,0
201339_144618,1
201340_247925,0
201340_268900,1
201340_86430,1
201340_27257,1
201340_92112,1
201340_144343,0
201346_127254,0
201346_274209,0
201346_185036,1
201346_148289,1
201346_174646,1
201346_224129,1
201347_96378,1
201347_83130,1
201347_31223,1
201347_102678,1
201347_146094,0
201347_152243,1
201349_19246,0
201349_246593,0
201349_112760,1
201349_205722,0
201349_287574,1
201349_251719,0
201352_230055,1
201352_200807,0
201352_43077,0
201352_127066,0
201352_30193,1
201352_107820,1
201354_198890,1
201354_203414,0
201354_169310,0
201354_92589,0
201354_217200,1
201354_164745,0
201358_177652,0
201358_34354,1
201358_183872,1
201358_232322,0
201358_112615,1
201358_24628,0
201361_44882,0
201361_212664,1
201361_18433,0
201361_211117,1
201361_246297,0
201361_264774,1
201365_196736,1
201365_145667,1
201365_38224,0
201365_110731,1
201365_178002,1
201365_74187,1
201369_257749,1
201369_101134,0
201369_39381,1
201369_126581,1
201369_223844,0
201369_65389,0
201371_288064,1
201371_22611,1
201371_86178,1
201371_246311,0
201371_156523,0
201371_160755,0
201372_200432,0
201372_176506,1
201372_268388,0
201372_280364,1
201372_162541,1
201372_233180,0
201373_132631,1
201373_139331,0
201373_141480,1
201373_154982,1
201373_273185,1
201373_292533,0
201376_112637,1
201376_283193,0
201376_242875,1
201376_57159,0
201376_52313,1
201376_220908,0
201379_285787,1
201379_57625,1
201379_292185,1
201379_137621,0
201379_200932,1
201379_248952,1
201380_201663,0
201380_119797,1
201380_55455,0
201380_84142,1
201380_75910,1
201380_18749,1
201381_109544,1
201381_262011,0
201381_63296,1
201381_242840,1
201381_295399,1
201381_138809,1
201383_39477,0
201383_215186,0
201383_126078,0
201383_79419,1
201383_81405,0
201383_246130,1
201388_173488,0
201388_31102,1
201388_204501,0
201388_176182,1
201388_46682,1
201388_27420,1
201391_184275,1
201391_92064,1
201391_115095,1
201391_278762,1
201391_76408,1
201391_124875,1
201392_51468,1
201392_252262,1
201392_141810,1
201392_52572,1
201392_180440,0
201392_257527,0
201394_120603,1
201394_158784,1
201394_111677,0
201394_70433,0
201394_60706,0
201394_28913,1
201396_43551,1
201396_222767,1
201396_237172,1
201396_4379,1
201396_61939,1
201396_69703,1
201397_196987,1
201397_109667,1
201397_48491,0
201397_14700,0
201397_8186,1
201397_246970,1
201402_233322,1
201402_196720,1
201402_249946,0
201402_214945,1
201402_50631,1
201402_195462,0
201403_82792,1
201403_227235,1
201403_54206,1
201403_271466,1
201403_20206,0
201403_142462,1
201404_14355,1
201404_262994,1
201404_264176,1
201404_80743,1
201404_93808,1
201404_214897,1
201405_282728,0
201405_7020,0
201405_103410,0
201405_42724,1
201405_287933,0
201405_99363,0
201408_278638,1
201408_121760,1
201408_93412,0
201408_156244,0
201408_31552,0
201408_281818,1
201409_187533,1
201409_266431,0
201409_98681,1
201409_34514,1
201409_160012,1
201409_84473,0
201410_169310,1
201410_265043,0
201410_80916,0
201410_76222,0
201410_61832,1
201410_155189,1
201412_6173,1
201412_220358,1
201412_226207,1
201412_273389,0
201412_286001,1
201412_226153,0
201413_103906,0
201413_173257,1
201413_271852,0
201413_150677,1
201413_275510,1
201413_292863,1
201422_247218,1
201422_5869,1
201422_255925,1
201422_18490,1
201422_41121,1
201422_185235,1
201424_134458,1
201424_102516,1
201424_212226,1
201424_214337,1
201424_116180,1
201424_24681,1
201426_1779,0
201426_31203,0
201426_26057,0
201426_274499,1
201426_211351,1
201426_187193,1
201430_235658,0
201430_247859,0
201430_2166,1
201430_108560,0
201430_122514,0
201430_15540,1
201433_295476,1
201433_121931,1
201433_133091,0
201433_259266,0
201433_7659,0
201433_17184,0
201434_119394,0
201434_122532,1
201434_75107,0
201434_218112,0
201434_6952,0
201434_205311,1
201435_178084,0
201435_266019,0
201435_220478,0
201435_288832,0
201435_54401,0
201435_294048,0
201436_290304,1
201436_199977,1
201436_233209,0
201436_215945,0
201436_114261,1
201436_90864,0
201441_245277,1
201441_207709,1
201441_278684,1
201441_175276,1
201441_215789,0
201441_252805,1
201443_147583,0
201443_109246,0
201443_35934,1
201443_205370,0
201443_262177,0
201443_75123,0
201447_253848,0
201447_91561,0
201447_87239,1
201447_99302,1
201447_125018,1
201447_169127,1
201450_32601,1
201450_288091,0
201450_57625,1
201450_243924,0
201450_279104,0
201450_27209,0
201451_157148,0
201451_230677,0
201451_81792,1
201451_287013,1
201451_140128,0
201451_153344,0
201452_292863,1
201452_56437,1
201452_265065,1
201452_40648,1
201452_51419,1
201452_174124,0
201454_58890,0
201454_232404,0
201454_142770,0
201454_121847,0
201454_76619,0
201454_253858,0
201459_16194,1
201459_235250,1
201459_84233,1
201459_154382,0
201459_145112,0
201459_225026,1
201460_29880,0
201460_111243,1
201460_166204,1
201460_3044,1
201460_94705,1
201460_65494,1
201462_146407,1
201462_137380,1
201462_156357,1
201462_19987,0
201462_251556,1
201462_263647,1
201464_194950,0
201464_19676,0
201464_39623,1
201464_255782,1
201464_136405,0
201464_140360,1
201467_8637,1
201467_15798,1
201467_163338,1
201467_124553,1
201467_33827,1
201467_120519,1
201469_224735,1
201469_262921,1
201469_77463,1
201469_287236,1
201469_212368,0
201469_288371,1
201472_167328,0
201472_165332,1
201472_259486,1
201472_158770,0
201472_83491,0
201472_126862,1
201479_260525,0
201479_90722,0
201479_126627,0
201479_182379,0
201479_213326,0
201479_68601,0
201482_7596,1
201482_74542,1
201482_291128,1
201482_168462,1
201482_288672,1
201482_163770,1
201484_33339,1
201484_226291,0
201484_283098,1
201484_132872,1
201484_144170,1
201484_193475,0
201498_141871,0
201498_58690,0
201498_190617,1
201498_12847,0
201498_176363,0
201498_15405,0
201499_41051,0
201499_207449,0
201499_262905,0
201499_271205,0
201499_18306,1
201499_281862,1
201501_71402,1
201501_211753,1
201501_213132,0
201501_81037,1
201501_65451,1
201501_277995,0
201502_126581,1
201502_271136,1
201502_185418,1
201502_35741,1
201502_53385,1
201502_130614,0
201503_216781,0
201503_17580,0
201503_32198,1
201503_162872,1
201503_160988,0
201503_3661,1
201505_171306,1
201505_146536,1
201505_159281,0
201505_208181,0
201505_149417,1
201505_197777,1
201508_261695,0
201508_268900,0
201508_46850,1
201508_204025,0
201508_289593,1
201508_96975,1
201510_103596,0
201510_24987,1
201510_43349,0
201510_263149,0
201510_52572,0
201510_268767,1
201514_74636,1
201514_276477,1
201514_136587,1
201514_224902,1
201514_78736,0
201514_263070,1
201519_8217,0
201519_288536,0
201519_84780,0
201519_118147,0
201519_264583,0
201519_104050,1
201521_20485,1
201521_5527,0
201521_1139,1
201521_128193,0
201521_46992,1
201521_250654,0
201522_262075,1
201522_179152,1
201522_274518,1
201522_122616,1
201522_291675,1
201522_158476,1
201526_40055,1
201526_2535,1
201526_38557,1
201526_100015,1
201526_245841,0
201526_277530,1
201532_238498,0
201532_136414,0
201532_84995,1
201532_281759,0
201532_279943,1
201532_236723,1
201534_158436,0
201534_50464,1
201534_13287,0
201534_10096,1
201534_76729,1
201534_102272,1
201535_278582,1
201535_228114,1
201535_85083,1
201535_126366,1
201535_205438,1
201535_41733,1
201537_50994,0
201537_261346,1
201537_243031,0
201537_241067,1
201537_122447,0
201537_201216,1
201538_144656,1
201538_63857,0
201538_14441,0
201538_119532,1
201538_39945,0
201538_87596,1
201539_130614,0
201539_252994,1
201539_201611,1
201539_271876,0
201539_13435,1
201539_189214,1
201545_272332,1
201545_173501,1
201545_104855,0
201545_114439,1
201545_76477,1
201545_37960,1
201548_25261,1
201548_137428,1
201548_121881,0
201548_29856,1
201548_103306,1
201548_270134,0
201549_70268,1
201549_23145,1
201549_262295,0
201549_1631,0
201549_103791,1
201549_236529,0
201552_7734,1
201552_272201,1
201552_261594,1
201552_266782,1
201552_89191,0
201552_250356,1
201553_263051,0
201553_26657,0
201553_48329,0
201553_13446,0
201553_252778,1
201553_83187,1
201554_209851,1
201554_164177,0
201554_94225,1
201554_254708,1
201554_151042,0
201554_258045,0
201556_78634,1
201556_14824,0
201556_132838,1
201556_193774,1
201556_137615,1
201556_52782,1
201557_186696,1
201557_61813,1
201557_278614,1
201557_8605,1
201557_32601,1
201557_48003,1
201562_250855,0
201562_232816,1
201562_147523,1
201562_106355,1
201562_42969,1
201562_109544,1
201564_83842,1
201564_143734,0
201564_6848,0
201564_252592,1
201564_40057,1
201564_158757,0
201566_71480,0
201566_50411,0
201566_169706,1
201566_237679,0
201566_58072,1
201566_231521,1
201567_271794,1
201567_15951,1
201567_81709,1
201567_97522,1
201567_141077,0
201567_96378,1
201568_241059,1
201568_118195,0
201568_221040,0
201568_228676,1
201568_74098,1
201568_4220,0
201570_216738,1
201570_26132,1
201570_158554,0
201570_221711,1
201570_70378,0
201570_290794,1
201572_112760,1
201572_22156,0
201572_6116,0
201572_94893,1
201572_184702,1
201572_134431,1
201575_127986,0
201575_214172,0
201575_249257,1
201575_210733,1
201575_175981,1
201575_175211,1
201581_52572,1
201581_201981,1
201581_211592,1
201581_210990,1
201581_131564,1
201581_294289,1
201582_229340,1
201582_196733,1
201582_235676,0
201582_67687,0
201582_43077,1
201582_289345,0
201583_175306,0
201583_134816,0
201583_285882,0
201583_156151,0
201583_281330,1
201583_76149,1
201585_226595,0
201585_5941,1
201585_208489,0
201585_215631,0
201585_136646,0
201585_57954,1
201590_167706,0
201590_21736,0
201590_48212,1
201590_98681,1
201590_48632,0
201590_64855,1
201591_225921,0
201591_111413,1
201591_192434,1
201591_102568,0
201591_207025,0
201591_217600,1
201593_147535,1
201593_67182,0
201593_163599,1
201593_39763,0
201593_251158,0
201593_10051,1
201595_125958,1
201595_72740,0
201595_159787,1
201595_70637,1
201595_248709,1
201595_191282,1
201599_65830,1
201599_68280,0
201599_83376,0
201599_36926,1
201599_218145,0
201599_252994,1
201605_133304,1
201605_259598,0
201605_228891,0
201605_86266,1
201605_44782,1
201605_285034,1
201608_273747,0
201608_23998,1
201608_94753,0
201608_65,1
201608_281750,0
201608_275872,0
201611_65018,1
201611_104910,0
201611_171303,1
201611_183079,1
201611_64346,0
201611_78281,0
201613_194060,0
201613_291238,1
201613_94381,1
201613_288594,1
201613_150712,1
201613_40250,0
201614_38168,0
201614_154473,1
201614_125255,0
201614_48030,0
201614_92539,0
201614_186529,1
201615_121525,1
201615_5798,0
201615_131106,0
201615_92292,1
201615_249731,1
201615_259361,0
201617_207294,1
201617_236674,1
201617_91475,1
201617_271416,1
201617_162881,0
201617_249357,1
201620_272491,0
201620_291985,1
201620_237669,1
201620_23822,1
201620_289791,0
201620_113475,1
201621_153790,0
201621_282237,1
201621_278582,0
201621_188352,0
201621_116401,0
201621_240664,0
201622_83450,0
201622_291520,1
201622_137423,1
201622_230725,1
201622_261046,1
201622_72035,1
201623_126692,1
201623_148681,0
201623_156743,1
201623_189214,0
201623_52063,1
201623_97936,1
201625_48386,1
201625_97476,0
201625_275559,1
201625_97858,0
201625_251839,1
201625_220478,0
201628_97734,1
201628_53920,0
201628_55762,1
201628_239604,0
201628_110459,0
201628_165136,1
201629_2494,1
201629_109874,1
201629_56055,0
201629_251949,1
201629_116601,1
201629_10891,0
201633_101865,0
201633_272482,1
201633_72875,1
201633_145316,1
201633_163568,1
201633_77888,0
201636_163665,0
201636_15776,1
201636_264416,0
201636_229916,1
201636_244907,0
201636_9450,0
201641_52950,0
201641_87212,1
201641_267135,0
201641_284406,1
201641_295735,0
201641_204382,1
201649_109667,1
201649_21365,1
201649_65116,1
201649_210491,0
201649_110407,1
201649_47394,1
201650_145063,1
201650_194608,1
201650_231858,1
201650_198231,1
201650_130097,1
201650_276561,1
201652_234029,0
201652_263903,1
201652_268984,0
201652_230797,0
201652_255916,1
201652_9373,0
201659_148167,1
201659_278305,1
201659_150658,0
201659_220058,0
201659_34659,0
201659_169249,0
201660_235029,1
201660_223859,1
201660_79270,1
201660_47616,1
201660_113224,1
201660_134456,1
201661_134877,1
201661_187284,1
201661_61298,0
201661_138112,1
201661_287236,1
201661_260507,0
201664_288444,1
201664_105125,0
201664_19098,0
201664_118841,1
201664_152558,0
201664_160958,0
201668_79396,1
201668_186396,0
201668_4471,1
201668_270004,0
201668_96503,1
201668_255048,0
201669_54690,0
201669_158665,1
201669_194165,1
201669_66359,1
201669_120392,0
201669_189108,0
201671_194810,1
201671_235716,1
201671_158912,0
201671_51104,1
201671_282174,1
201671_234329,0
201676_187117,1
201676_96424,1
201676_134234,1
201676_185423,1
201676_220478,1
201676_222786,1
201681_87040,1
201681_235900,1
201681_101457,1
201681_91150,0
201681_49968,0
201681_192295,0
201683_72332,1
201683_168502,1
201683_86087,1
201683_79161,0
201683_31303,1
201683_253486,1
201685_185342,1
201685_20230,0
201685_84668,0
201685_91815,1
201685_111913,0
201685_158391,1
201688_249717,1
201688_185003,1
201688_32058,1
201688_47901,1
201688_130317,1
201688_226093,1
201690_187117,0
201690_129410,1
201690_154905,0
201690_104839,1
201690_111694,0
201690_40736,0
201692_20101,1
201692_23671,0
201692_92196,0
201692_1754,1
201692_144241,1
201692_64058,1
201695_245548,1
201695_28142,1
201695_231478,0
201695_139104,1
201695_7859,0
201695_92975,0
201698_155158,0
201698_184843,1
201698_201219,0
201698_281330,0
201698_72220,0
201698_168443,0
201701_228191,1
201701_83981,0
201701_276509,0
201701_141067,0
201701_44675,1
201701_102231,0
201702_227397,1
201702_262075,1
201702_83139,0
201702_132159,1
201702_1743,0
201702_42907,1
201703_158581,1
201703_47995,1
201703_279325,1
201703_73737,0
201703_203325,1
201703_44383,1
201709_38015,1
201709_11799,0
201709_247777,1
201709_246130,1
201709_263438,1
201709_64665,1
201712_259012,1
201712_278690,1
201712_22357,1
201712_69797,1
201712_77246,1
201712_265045,1
201715_14355,1
201715_81075,0
201715_225426,1
201715_292919,0
201715_151301,0
201715_228312,0
201716_163472,0
201716_32112,0
201716_172006,1
201716_143084,1
201716_97522,1
201716_223587,0
201720_218676,0
201720_205167,0
201720_108780,1
201720_279597,0
201720_102978,0
201720_55412,0
201723_251692,0
201723_214045,1
201723_138920,1
201723_81292,0
201723_22143,0
201723_55085,1
201727_192059,1
201727_147192,0
201727_195520,1
201727_268371,0
201727_121584,1
201727_213942,0
201733_218867,1
201733_126312,1
201733_187194,1
201733_226115,1
201733_216609,1
201733_56170,0
201734_271351,0
201734_243020,0
201734_237564,0
201734_286184,0
201734_199905,0
201734_150072,0
201735_16113,0
201735_18408,0
201735_153291,1
201735_243346,1
201735_132003,1
201735_269065,1
201736_142533,1
201736_274118,0
201736_260831,1
201736_83139,1
201736_220723,0
201736_16374,1
201739_188639,1
201739_48450,0
201739_83086,1
201739_70689,0
201739_288162,1
201739_33985,1
201742_249348,1
201742_75624,1
201742_67659,0
201742_105049,0
201742_108565,0
201742_220127,1
201746_169496,1
201746_176916,1
201746_173538,0
201746_257893,1
201746_253532,1
201746_175765,1
201749_290018,1
201749_142715,1
201749_43630,0
201749_273684,1
201749_170809,1
201749_267610,0
201750_121681,1
201750_98631,0
201750_259670,0
201750_51313,1
201750_51297,1
201750_207422,1
201751_91834,1
201751_167616,0
201751_172812,1
201751_156008,1
201751_225024,0
201751_13910,1
201752_160391,1
201752_265294,0
201752_90026,1
201752_3196,0
201752_42117,1
201752_87732,0
201756_95345,1
201756_197214,1
201756_128676,0
201756_45900,1
201756_221332,1
201756_134449,1
201758_242533,1
201758_182410,1
201758_46947,1
201758_248189,0
201758_37686,1
201758_98187,0
201763_186897,1
201763_173657,0
201763_76429,0
201763_180687,0
201763_221835,0
201763_17163,0
201764_118268,1
201764_145078,0
201764_99699,0
201764_55871,0
201764_59128,0
201764_273605,1
201766_170666,0
201766_88811,0
201766_99448,1
201766_277754,1
201766_63628,1
201766_239570,0
201768_278455,0
201768_52975,1
201768_207242,1
201768_227732,1
201768_28761,1
201768_15924,0
201771_142809,0
201771_10628,1
201771_165215,1
201771_202990,1
201771_280405,0
201771_42663,0
201772_254251,1
201772_235551,1
201772_94817,0
201772_287718,1
201772_276596,1
201772_233141,0
201775_22687,1
201775_21811,0
201775_178430,1
201775_276782,0
201775_183310,0
201775_51978,1
201777_19376,0
201777_32761,0
201777_254166,1
201777_47420,0
201777_98643,1
201777_225750,1
201779_250784,1
201779_204850,0
201779_71131,1
201779_243829,1
201779_141197,1
201779_273258,0
201781_5791,1
201781_152298,1
201781_175211,1
201781_40001,1
201781_167345,1
201781_264789,1
201782_187701,0
201782_221213,0
201782_92843,1
201782_23666,0
201782_174387,1
201782_129095,1
201786_102853,0
201786_214151,1
201786_152839,1
201786_164177,0
201786_291109,0
201786_276467,0
201787_71059,1
201787_76964,0
201787_90219,1
201787_101441,1
201787_36024,1
201787_162109,0
201790_261024,0
201790_76149,1
201790_119027,1
201790_153067,0
201790_199558,1
201790_62620,1
201792_111001,0
201792_211603,0
201792_234914,1
201792_76408,1
201792_285574,1
201792_114350,0
201796_292483,0
201796_17886,0
201796_194426,1
201796_36272,1
201796_295600,1
201796_217557,1
201797_149520,1
201797_77048,1
201797_97902,1
201797_272503,1
201797_266441,0
201797_182369,1
201798_232071,1
201798_246255,1
201798_183107,1
201798_61571,0
201798_162334,0
201798_52617,1
201802_258979,0
201802_192093,0
201802_83093,0
201802_185565,0
201802_142289,0
201802_242546,0
201803_61198,0
201803_267879,0
201803_59645,1
201803_152737,1
201803_80497,1
201803_89938,0
201807_40250,0
201807_87090,0
201807_226320,1
201807_101172,0
201807_31560,0
201807_135344,0
201809_105026,0
201809_269551,0
201809_241244,0
201809_146361,1
201809_154706,1
201809_246219,1
201813_84322,1
201813_284554,0
201813_139165,0
201813_8536,1
201813_216226,0
201813_168602,1
201817_87505,1
201817_125461,1
201817_225414,1
201817_207677,0
201817_51312,1
201817_197627,1
201818_232679,0
201818_69810,0
201818_181365,0
201818_249959,0
201818_92289,0
201818_142715,0
201819_195447,0
201819_239936,1
201819_96401,1
201819_110918,1
201819_153321,0
201819_216902,1
201822_184306,0
201822_152868,0
201822_160914,1
201822_281190,1
201822_279655,1
201822_234432,1
201823_205370,1
201823_27420,1
201823_116055,0
201823_63340,1
201823_200429,0
201823_168107,1
201825_229836,1
201825_100608,0
201825_230065,0
201825_110001,1
201825_278243,0
201825_137305,1
201829_107901,0
201829_124016,0
201829_275314,1
201829_47402,1
201829_288361,0
201829_296020,0
201830_52016,0
201830_97902,1
201830_21972,1
201830_279282,1
201830_147920,1
201830_214992,1
201834_145637,1
201834_14829,1
201834_19943,0
201834_98263,0
201834_45295,0
201834_113702,1
201835_224337,1
201835_36740,0
201835_124732,0
201835_68236,1
201835_99203,0
201835_107117,0
201836_39693,1
201836_258030,0
201836_265666,1
201836_92589,0
201836_231253,1
201836_193452,1
201839_248279,1
201839_217913,0
201839_167750,1
201839_206132,0
201839_105984,0
201839_195870,1
201842_63855,0
201842_108488,1
201842_52572,0
201842_258419,1
201842_224297,0
201842_198136,1
201845_66420,0
201845_182401,0
201845_101473,1
201845_36058,0
201845_18674,0
201845_17645,0
201846_193069,1
201846_87671,1
201846_18495,1
201846_20207,1
201846_103870,1
201846_273779,1
201847_165847,1
201847_14288,0
201847_115145,1
201847_278549,0
201847_92064,0
201847_288803,0
201849_253265,0
201849_276884,0
201849_295799,0
201849_192550,0
201849_152133,0
201849_115656,0
201851_170578,1
201851_267670,1
201851_56154,1
201851_198617,0
201851_144313,0
201851_53167,0
201852_120535,0
201852_110171,0
201852_266894,1
201852_65270,0
201852_76043,1
201852_137720,0
201855_50721,0
201855_158554,0
201855_81939,0
201855_197963,0
201855_175059,0
201855_53140,0
201861_223487,0
201861_237211,1
201861_94710,1
201861_29482,0
201861_262922,0
201861_73181,1
201862_65660,1
201862_114531,0
201862_238094,0
201862_143565,1
201862_139988,1
201862_258068,1
201866_191597,0
201866_273738,0
201866_156114,1
201866_221248,0
201866_150962,0
201866_178448,1
201867_242757,0
201867_14426,1
201867_70597,1
201867_174734,0
201867_128541,1
201867_38174,0
201868_197908,0
201868_263155,0
201868_243829,1
201868_38015,1
201868_85375,1
201868_14380,0
201870_272833,1
201870_114376,1
201870_122251,0
201870_40433,0
201870_219794,1
201870_246593,1
201872_278582,1
201872_184771,0
201872_288689,1
201872_30120,1
201872_114730,0
201872_158665,1
201873_169125,1
201873_274606,0
201873_105643,0
201873_31811,0
201873_128470,0
201873_233100,1
201874_42375,1
201874_34503,0
201874_24748,0
201874_165444,0
201874_21911,1
201874_292973,0
201875_60287,0
201875_134510,1
201875_271623,0
201875_135071,1
201875_265599,0
201875_163853,0
201876_226946,1
201876_99629,1
201876_165136,0
201876_241471,1
201876_122233,1
201876_287471,1
201888_34503,0
201888_264813,0
201888_63268,0
201888_136405,0
201888_42645,0
201888_284233,0
201889_28311,1
201889_68110,1
201889_48366,0
201889_159726,0
201889_244697,0
201889_122683,0
201892_125131,0
201892_200178,1
201892_10628,0
201892_251753,1
201892_175621,0
201892_16294,1
201894_22014,0
201894_217564,1
201894_47528,1
201894_166445,1
201894_65355,0
201894_38543,1
201895_45210,0
201895_252444,1
201895_128541,1
201895_281406,0
201895_87976,0
201895_54093,1
201896_165847,0
201896_111050,1
201896_106404,1
201896_25627,1
201896_240827,1
201896_108840,0
201897_57964,1
201897_266949,1
201897_65679,1
201897_192889,1
201897_120535,1
201897_222131,1
201900_14389,1
201900_30877,0
201900_70709,0
201900_120734,0
201900_262434,0
201900_267434,1
201902_237718,1
201902_71510,0
201902_10916,0
201902_139745,1
201902_31765,1
201902_254251,0
201903_7037,1
201903_222875,1
201903_28191,1
201903_209377,0
201903_84461,0
201903_157600,1
201904_211072,0
201904_232780,1
201904_246558,1
201904_114682,1
201904_264668,0
201904_133617,0
201905_40112,0
201905_91070,1
201905_151924,1
201905_235828,1
201905_295760,0
201905_43231,1
201906_159349,1
201906_213280,0
201906_284311,1
201906_268310,1
201906_212609,0
201906_196278,0
201907_160293,0
201907_241966,1
201907_98681,1
201907_122707,0
201907_222786,0
201907_66359,1
201908_258901,0
201908_260078,1
201908_236851,0
201908_11043,1
201908_102635,0
201908_204632,1
201913_92278,1
201913_4101,0
201913_68198,1
201913_10843,1
201913_66359,0
201913_225054,0
201916_249320,0
201916_101190,1
201916_66859,0
201916_19518,1
201916_263852,1
201916_197919,0
201919_139569,0
201919_63661,0
201919_74142,0
201919_44675,0
201919_258448,0
201919_295317,0
201922_12003,0
201922_234742,1
201922_96358,1
201922_232848,1
201922_266728,1
201922_145221,0
201928_274493,0
201928_115808,0
201928_41814,0
201928_2964,0
201928_246663,1
201928_249870,1
201929_251253,1
201929_288432,1
201929_113520,1
201929_164210,0
201929_153606,0
201929_258520,0
201930_32969,1
201930_107007,0
201930_163853,0
201930_159637,0
201930_283367,1
201930_136803,1
201932_247218,0
201932_132608,0
201932_95345,0
201932_92545,0
201932_61926,0
201932_161640,1
201933_287341,0
201933_76162,0
201933_175208,1
201933_171353,0
201933_205664,1
201933_292605,1
201935_189929,1
201935_226889,1
201935_48222,0
201935_279597,0
201935_178370,1
201935_246130,1
201936_212852,0
201936_80916,0
201936_281016,1
201936_150899,0
201936_201216,1
201936_191300,0
201943_295914,0
201943_250784,0
201943_260816,0
201943_239829,1
201943_62665,0
201943_150186,1
201947_39623,1
201947_109024,1
201947_194810,1
201947_271163,1
201947_162260,1
201947_160734,0
201949_79765,1
201949_261108,1
201949_122580,1
201949_149629,0
201949_56619,0
201949_160239,0
201950_124309,1
201950_246583,1
201950_49793,0
201950_92292,1
201950_247218,0
201950_25778,1
201953_90712,0
201953_41252,1
201953_97007,1
201953_283575,1
201953_265646,1
201953_168462,1
201954_255808,1
201954_14034,0
201954_13514,1
201954_285868,1
201954_71529,1
201954_82912,0
201955_55822,1
201955_88231,1
201955_77069,0
201955_79806,1
201955_230725,0
201955_50270,1
201957_211213,1
201957_21593,1
201957_137181,0
201957_190001,1
201957_47528,1
201957_227348,1
201958_171532,1
201958_50693,1
201958_217581,0
201958_130097,1
201958_138652,1
201958_189230,1
201959_149602,1
201959_183204,1
201959_68640,1
201959_265026,1
201959_161452,0
201959_141610,1
201961_156112,0
201961_21853,0
201961_188201,1
201961_110642,0
201961_199716,1
201961_187919,0
201962_101977,0
201962_290557,1
201962_50287,0
201962_61186,0
201962_141713,0
201962_56781,0
201963_100342,1
201963_145634,0
201963_250273,1
201963_72517,1
201963_71369,0
201963_150042,1
201965_34084,1
201965_99,0
201965_249845,0
201965_236750,1
201965_54690,0
201965_266176,0
201973_121443,0
201973_189417,1
201973_162145,1
201973_204462,1
201973_95549,1
201973_43626,1
201976_119021,1
201976_287723,0
201976_845,0
201976_44675,1
201976_126688,1
201976_240074,1
201980_128565,1
201980_251918,0
201980_57354,1
201980_157893,1
201980_244283,1
201980_13363,1
201982_9373,0
201982_192574,0
201982_23240,0
201982_103557,0
201982_78132,1
201982_271252,1
201983_13430,1
201983_216914,1
201983_131192,0
201983_87423,0
201983_138999,1
201983_66277,0
201985_94381,1
201985_247095,1
201985_98509,0
201985_123323,1
201985_250167,0
201985_162435,0
201988_259857,1
201988_273719,1
201988_33768,0
201988_141924,0
201988_225975,1
201988_237523,1
201992_287949,1
201992_55618,0
201992_31440,1
201992_142725,1
201992_54378,1
201992_25107,1
201995_263864,1
201995_70745,1
201995_232948,1
201995_121760,1
201995_220923,1
201995_197797,1
202001_169310,0
202001_248986,0
202001_129684,0
202001_138963,1
202001_180229,0
202001_144499,1
202009_39268,1
202009_162199,1
202009_39788,1
202009_71971,0
202009_210399,1
202009_206638,1
202015_76484,1
202015_17184,0
202015_83774,1
202015_25469,0
202015_263051,1
202015_153688,1
202017_138356,1
202017_94381,0
202017_13287,1
202017_3085,1
202017_189153,1
202017_190001,1
202019_20206,1
202019_55412,1
202019_131633,1
202019_82679,0
202019_285556,0
202019_247020,0
202024_238705,0
202024_177642,0
202024_65474,0
202024_45150,0
202024_67669,0
202024_47677,0
202026_185936,0
202026_175250,0
202026_135154,0
202026_269950,0
202026_145730,0
202026_264109,0
202027_28833,1
202027_54559,1
202027_37161,1
202027_123622,1
202027_161539,1
202027_210679,1
202028_295298,1
202028_198101,0
202028_130614,0
202028_33096,0
202028_237310,0
202028_264496,0
202034_44758,0
202034_207754,1
202034_87734,0
202034_75001,1
202034_195581,1
202034_249753,1
202037_8638,1
202037_11695,1
202037_215631,1
202037_160492,1
202037_137812,0
202037_231858,0
202038_230460,1
202038_104542,1
202038_292185,1
202038_138809,1
202038_20989,1
202038_236543,0
202039_216503,1
202039_269058,1
202039_273605,1
202039_165826,1
202039_50473,1
202039_124029,0
202043_213280,1
202043_163695,0
202043_196769,0
202043_157639,1
202043_165106,0
202043_22699,0
202044_254634,0
202044_194073,1
202044_127933,0
202044_197189,0
202044_189973,0
202044_150878,0
202046_23943,1
202046_232937,1
202046_142130,0
202046_68641,1
202046_249721,1
202046_295064,1
202047_18261,1
202047_237391,1
202047_123128,0
202047_1990,0
202047_209370,0
202047_166193,0
202050_19314,0
202050_160337,0
202050_44427,0
202050_150671,0
202050_107922,0
202050_109544,1
202051_208113,0
202051_159118,0
202051_176136,0
202051_77092,1
202051_56551,1
202051_229508,1
202056_89954,1
202056_286184,1
202056_45417,0
202056_226779,0
202056_286505,1
202056_129684,1
202058_198929,1
202058_263249,1
202058_166700,0
202058_19115,0
202058_169536,0
202058_106714,0
202063_80141,1
202063_76577,0
202063_204267,1
202063_63244,0
202063_187771,0
202063_255048,1
202064_155189,0
202064_113954,1
202064_90451,0
202064_128614,0
202064_57209,1
202064_290611,1
202066_118620,0
202066_26561,1
202066_174669,1
202066_174387,0
202066_266225,1
202066_250087,0
202072_261450,1
202072_145986,1
202072_260846,0
202072_59789,1
202072_237633,1
202072_115787,0
202075_147450,1
202075_274333,1
202075_153970,1
202075_269824,0
202075_271783,0
202075_236044,1
202076_128820,1
202076_156593,1
202076_49499,0
202076_189055,1
202076_283699,1
202076_150890,0
202079_196987,0
202079_181408,0
202079_165847,0
202079_51278,0
202079_60913,0
202079_173538,0
202082_292174,1
202082_228416,0
202082_250753,1
202082_134160,1
202082_112507,0
202082_45804,0
202084_192439,0
202084_85490,0
202084_206733,1
202084_3324,0
202084_258981,1
202084_40241,0
202085_274798,0
202085_245486,1
202085_155851,0
202085_246130,1
202085_24685,0
202085_63032,0
202087_123305,1
202087_86057,0
202087_236006,1
202087_194950,1
202087_52615,1
202087_287200,1
202095_97544,1
202095_114569,1
202095_100263,1
202095_16402,0
202095_85388,1
202095_202732,0
202096_153316,0
202096_228499,0
202096_207604,1
202096_19157,1
202096_94632,1
202096_222720,0
202097_95196,0
202097_261450,1
202097_247654,1
202097_41843,0
202097_210263,1
202097_52855,0
202100_204679,0
202100_29894,1
202100_125210,1
202100_47047,0
202100_237718,1
202100_26225,1
202101_119375,1
202101_247751,0
202101_258045,0
202101_26594,0
202101_142277,1
202101_25440,0
202103_35835,1
202103_217996,1
202103_263513,1
202103_125923,1
202103_205279,1
202103_74096,1
202104_154437,0
202104_72878,1
202104_196720,0
202104_217994,0
202104_207889,1
202104_152774,1
202105_154584,0
202105_9232,1
202105_169586,0
202105_236359,0
202105_99923,1
202105_10628,1
202108_220067,1
202108_271739,1
202108_165269,1
202108_105306,1
202108_119451,0
202108_54636,1
202110_163568,0
202110_28948,1
202110_232699,0
202110_291238,1
202110_294732,1
202110_87090,0
202111_109907,1
202111_192910,0
202111_268554,0
202111_261450,1
202111_250273,1
202111_89081,1
202112_55445,0
202112_113135,1
202112_71004,1
202112_168457,0
202112_221332,1
202112_293157,1
202114_72925,0
202114_67769,1
202114_75991,1
202114_53407,0
202114_191294,0
202114_5300,0
202118_200166,1
202118_23561,1
202118_235509,1
202118_125958,1
202118_98000,1
202118_289946,0
202119_141772,1
202119_195797,1
202119_173991,0
202119_147802,1
202119_180408,0
202119_120369,1
202120_92995,1
202120_31473,0
202120_246923,1
202120_52333,0
202120_86857,0
202120_281141,1
202121_151924,1
202121_68362,1
202121_8477,0
202121_69797,1
202121_174660,0
202121_33195,1
202122_290067,0
202122_120931,0
202122_104683,0
202122_125251,1
202122_66741,0
202122_31066,1
202123_55844,1
202123_80357,0
202123_219794,1
202123_37469,0
202123_169889,1
202123_28818,0
202130_52956,1
202130_291248,0
202130_69860,1
202130_170809,0
202130_125193,0
202130_148137,1
202132_61639,0
202132_24505,0
202132_140465,0
202132_267263,0
202132_2493,0
202132_90828,0
202134_146570,1
202134_47311,0
202134_238869,1
202134_53162,0
202134_287590,0
202134_80864,1
202136_71402,1
202136_219030,0
202136_107922,1
202136_161398,1
202136_38122,1
202136_165708,1
202137_203121,1
202137_286697,0
202137_43031,1
202137_263958,1
202137_195566,0
202137_291012,0
202139_262404,1
202139_92193,1
202139_194064,1
202139_261514,1
202139_28581,0
202139_219915,1
202140_154016,1
202140_237561,1
202140_183942,1
202140_278888,0
202140_6750,0
202140_80916,1
202142_123328,0
202142_235250,1
202142_236056,0
202142_235828,0
202142_140909,0
202142_272374,0
202144_36577,1
202144_99494,0
202144_210062,1
202144_272374,0
202144_140236,0
202144_175481,1
202146_55222,1
202146_67616,0
202146_29334,1
202146_11786,1
202146_117366,0
202146_59557,0
202147_74548,1
202147_113702,1
202147_48285,0
202147_250340,0
202147_226754,1
202147_44911,1
202149_145790,0
202149_246127,0
202149_196957,0
202149_30318,0
202149_216902,0
202149_252711,0
202156_113576,0
202156_68044,1
202156_155564,1
202156_249959,0
202156_244686,1
202156_195431,0
202158_131747,0
202158_180133,1
202158_270608,0
202158_60920,0
202158_52947,1
202158_282397,1
202162_47124,1
202162_77050,0
202162_49521,0
202162_232148,1
202162_101676,0
202162_122769,0
202164_13069,1
202164_34752,1
202164_81751,1
202164_42094,0
202164_263321,0
202164_153183,1
202169_273535,0
202169_124109,1
202169_61277,1
202169_165376,1
202169_29020,0
202169_176640,0
202171_257604,0
202171_284632,1
202171_208526,1
202171_136982,0
202171_65731,0
202171_118536,0
202172_13495,1
202172_91966,0
202172_11404,1
202172_225333,0
202172_240956,0
202172_29803,1
202175_4319,0
202175_183872,1
202175_6173,0
202175_267076,0
202175_10259,0
202175_50051,0
202179_37154,0
202179_190099,0
202179_186068,1
202179_9823,1
202179_90229,0
202179_198803,0
202180_92843,1
202180_262534,0
202180_92711,0
202180_46269,1
202180_11480,0
202180_207158,0
202184_96999,1
202184_99298,0
202184_271484,1
202184_200986,1
202184_129190,1
202184_156293,0
202185_24793,0
202185_46091,1
202185_268778,0
202185_206786,1
202185_127015,1
202185_141970,1
202186_180860,0
202186_8583,0
202186_102412,0
202186_92498,1
202186_242704,0
202186_133701,1
202187_212609,1
202187_137991,1
202187_192183,0
202187_294806,0
202187_129684,1
202187_145601,0
202188_100090,1
202188_187014,0
202188_4221,1
202188_147914,1
202188_165136,0
202188_42976,0
202192_194256,1
202192_256646,1
202192_127350,1
202192_94498,1
202192_255092,1
202192_143156,0
202200_201185,1
202200_214776,0
202200_255132,1
202200_145661,1
202200_244179,1
202200_38658,1
202207_160713,0
202207_185765,1
202207_49917,0
202207_256193,0
202207_238563,0
202207_78550,1
202208_155539,0
202208_205018,0
202208_97458,0
202208_3103,1
202208_133248,0
202208_269606,0
202212_10800,1
202212_104207,1
202212_171816,0
202212_78157,1
202212_77896,1
202212_30547,0
202213_218523,0
202213_10019,0
202213_198197,0
202213_193475,1
202213_63665,0
202213_116603,0
202216_131453,1
202216_12003,0
202216_32226,1
202216_151725,0
202216_6507,1
202216_79062,0
202217_176821,0
202217_121745,0
202217_83524,0
202217_246130,0
202217_152401,0
202217_245780,0
202220_167116,0
202220_24472,1
202220_178514,1
202220_129144,1
202220_178888,0
202220_22466,0
202221_36398,1
202221_1151,1
202221_155515,1
202221_97024,1
202221_233437,1
202221_288948,0
202223_216403,0
202223_134456,1
202223_152839,0
202223_30742,1
202223_137429,1
202223_39256,1
202228_109544,1
202228_11492,0
202228_104542,1
202228_264575,0
202228_259462,0
202228_276025,1
202230_201442,1
202230_108634,1
202230_251796,1
202230_144638,1
202230_291985,1
202230_281826,1
202231_232351,1
202231_104422,1
202231_29105,1
202231_151313,0
202231_266666,1
202231_108823,1
202234_258448,0
202234_252457,0
202234_258447,1
202234_123493,1
202234_171935,0
202234_98368,1
202236_230797,1
202236_132872,1
202236_195632,1
202236_254894,1
202236_227364,0
202236_197093,1
202239_94632,0
202239_193985,1
202239_239014,1
202239_257748,0
202239_247019,1
202239_70637,1
202241_242345,0
202241_18885,0
202241_131564,1
202241_249247,0
202241_30996,0
202241_160640,0
202246_36192,0
202246_245559,0
202246_168841,0
202246_29991,0
202246_184785,0
202246_229894,0
202253_12241,0
202253_273180,0
202253_17113,0
202253_128648,0
202253_204850,0
202253_31259,0
202255_182452,1
202255_46761,0
202255_146628,0
202255_144679,0
202255_130614,0
202255_146618,1
202257_275809,1
202257_78910,1
202257_10852,1
202257_204791,1
202257_20066,0
202257_57715,1
202261_152033,0
202261_254494,1
202261_205018,0
202261_109391,0
202261_259393,1
202261_41733,1
202262_23275,1
202262_151937,0
202262_150772,1
202262_175250,0
202262_285253,1
202262_193390,1
202263_69394,0
202263_239681,0
202263_152587,0
202263_60397,0
202263_187388,1
202263_72718,1
202266_40736,0
202266_176995,1
202266_108161,0
202266_78298,1
202266_252302,1
202266_229530,1
202267_45556,0
202267_260780,1
202267_45900,1
202267_282197,1
202267_71918,0
202267_264339,1
202268_45916,0
202268_228208,1
202268_130023,0
202268_94531,1
202268_69178,0
202268_110845,1
202269_93801,1
202269_200287,0
202269_225058,0
202269_260954,0
202269_14086,1
202269_153297,1
202270_140334,1
202270_198637,0
202270_103000,0
202270_285608,1
202270_139135,1
202270_123232,1
202271_239415,0
202271_276805,1
202271_114452,0
202271_71877,1
202271_111994,0
202271_3420,0
202272_73812,1
202272_157073,0
202272_148782,1
202272_273001,1
202272_22704,0
202272_67560,1
202273_289797,1
202273_47859,1
202273_227801,0
202273_13287,0
202273_223459,0
202273_122337,1
202274_193152,1
202274_246368,1
202274_53361,1
202274_53085,1
202274_145503,0
202274_166624,0
202277_107331,1
202277_178146,1
202277_45234,1
202277_181650,1
202277_80256,1
202277_161474,1
202278_240804,0
202278_114070,0
202278_239326,1
202278_20295,0
202278_141376,1
202278_64749,1
202279_130074,0
202279_286433,0
202279_57701,0
202279_257185,0
202279_26867,0
202279_224016,0
202282_134527,0
202282_257663,1
202282_111748,1
202282_124486,0
202282_62493,1
202282_240094,1
202284_125702,1
202284_193382,1
202284_293408,1
202284_53925,0
202284_136610,0
202284_237564,1
202285_257990,1
202285_225414,1
202285_51665,1
202285_228745,1
202285_228535,1
202285_53446,1
202289_177062,1
202289_145338,0
202289_10335,1
202289_12197,1
202289_179788,1
202289_219713,1
202292_186500,1
202292_175714,1
202292_100384,1
202292_95704,1
202292_166592,1
202292_224108,1
202295_55417,0
202295_153923,0
202295_101201,0
202295_126713,1
202295_116957,0
202295_239582,0
202296_51675,1
202296_157403,0
202296_194883,1
202296_78132,1
202296_65601,1
202296_162662,1
202298_107168,1
202298_292863,1
202298_226836,1
202298_49153,1
202298_1754,0
202298_30845,1
202299_118191,0
202299_151311,0
202299_250906,1
202299_184148,1
202299_203588,1
202299_116728,0
202301_99733,0
202301_196720,1
202301_187566,1
202301_52063,1
202301_96032,0
202301_146735,0
202303_31936,1
202303_226904,0
202303_281406,1
202303_272201,0
202303_116596,1
202303_156782,0
202304_159359,0
202304_121824,0
202304_156802,1
202304_98818,1
202304_235584,1
202304_2518,1
202305_21528,1
202305_75256,0
202305_21663,0
202305_7845,0
202305_216947,0
202305_193126,1
202306_150766,1
202306_196938,0
202306_64402,1
202306_32878,1
202306_221018,0
202306_115404,0
202307_294724,0
202307_208389,0
202307_283575,0
202307_220478,0
202307_259024,0
202307_214172,0
202308_290874,0
202308_101134,1
202308_288536,0
202308_154498,1
202308_288322,1
202308_279927,0
202310_218117,1
202310_178304,1
202310_234728,1
202310_14306,1
202310_248610,1
202310_198947,1
202320_64884,0
202320_3111,0
202320_59006,0
202320_127117,0
202320_19661,0
202320_210865,0
202324_105306,0
202324_176099,1
202324_188545,1
202324_144492,1
202324_268638,0
202324_238638,0
202325_225438,1
202325_50889,1
202325_20240,1
202325_106260,1
202325_211604,0
202325_182424,1
202330_246137,0
202330_292700,0
202330_23459,0
202330_216497,0
202330_219890,0
202330_95383,0
202333_17178,0
202333_284984,0
202333_217483,0
202333_206116,1
202333_47104,1
202333_172148,1
202334_138310,1
202334_174574,1
202334_166837,0
202334_284033,1
202334_6682,0
202334_279014,1
202335_18066,1
202335_203149,1
202335_150524,0
202335_259458,1
202335_144186,1
202335_196682,0
202336_98681,0
202336_118521,0
202336_21909,0
202336_294590,0
202336_253486,0
202336_220505,0
202337_3295,1
202337_106428,1
202337_27929,1
202337_150772,1
202337_216914,1
202337_14119,1
202341_130547,1
202341_98509,1
202341_239040,1
202341_176126,0
202341_21275,1
202341_61344,0
202342_271255,1
202342_227713,1
202342_244768,0
202342_75040,1
202342_209784,0
202342_218145,0
202344_22836,1
202344_88557,0
202344_291238,1
202344_129467,0
202344_278345,1
202344_38543,0
202346_245995,0
202346_15270,1
202346_289978,0
202346_104483,0
202346_73948,0
202346_126976,0
202348_91475,1
202348_63439,0
202348_251269,1
202348_243738,0
202348_149101,1
202348_266391,1
202349_238405,0
202349_80659,1
202349_122020,1
202349_257318,0
202349_288711,1
202349_182181,1
202350_162210,0
202350_225974,0
202350_229225,0
202350_281339,0
202350_265398,0
202350_154468,1
202355_156112,0
202355_14306,1
202355_278861,1
202355_134160,1
202355_166193,0
202355_169566,1
202356_193887,1
202356_156915,1
202356_97519,1
202356_203487,1
202356_52164,1
202356_269477,1
202358_40786,0
202358_105082,1
202358_200597,0
202358_265928,1
202358_281405,0
202358_18898,0
202360_134456,1
202360_213016,1
202360_218323,1
202360_45150,1
202360_12095,1
202360_18600,0
202363_191995,1
202363_242681,1
202363_222966,0
202363_228172,1
202363_164753,1
202363_259824,1
202364_177409,1
202364_123577,0
202364_32141,1
202364_230068,1
202364_195967,1
202364_286863,1
202369_204836,1
202369_262854,1
202369_239089,1
202369_3916,0
202369_114459,0
202369_133679,0
202371_150489,0
202371_37417,1
202371_48254,0
202371_204462,1
202371_189296,1
202371_8247,1
202373_93084,1
202373_207786,1
202373_83688,1
202373_114137,1
202373_21593,1
202373_277360,1
202378_220067,1
202378_278947,0
202378_75252,0
202378_293576,1
202378_113212,1
202378_70188,1
202380_231146,1
202380_95924,1
202380_137015,0
202380_276615,0
202380_77265,1
202380_108459,1
202381_181316,0
202381_100817,1
202381_268716,1
202381_220024,1
202381_179378,1
202381_147585,0
202382_83891,1
202382_26085,1
202382_235721,1
202382_206902,1
202382_101868,1
202382_205767,1
202391_83050,1
202391_107993,1
202391_160253,1
202391_147920,1
202391_39784,0
202391_22468,1
202392_8260,1
202392_268462,0
202392_166106,0
202392_280840,0
202392_272569,1
202392_81577,1
202395_8045,1
202395_122096,1
202395_147164,1
202395_134269,0
202395_54310,0
202395_6173,1
202398_42331,1
202398_122206,0
202398_239878,1
202398_113128,0
202398_41067,1
202398_195439,1
202402_271163,1
202402_90935,1
202402_59838,0
202402_52572,1
202402_54636,0
202402_288322,1
202405_176879,1
202405_20655,1
202405_137898,0
202405_111539,0
202405_53152,0
202405_253717,1
202408_288887,1
202408_95871,0
202408_276179,1
202408_33860,1
202408_62620,0
202408_272379,1
202409_104996,0
202409_9679,0
202409_150120,1
202409_142499,0
202409_92310,0
202409_102452,0
202411_17742,1
202411_268310,1
202411_59211,0
202411_102449,0
202411_23323,1
202411_158908,0
202415_134456,1
202415_276635,1
202415_252994,1
202415_131564,1
202415_234729,1
202415_101810,1
202416_122130,0
202416_226754,1
202416_283265,0
202416_259865,1
202416_76222,1
202416_101907,0
202418_198917,1
202418_17920,1
202418_121370,1
202418_157997,1
202418_218867,1
202418_281016,1
202420_50726,0
202420_241981,1
202420_239088,1
202420_205771,1
202420_207784,1
202420_39252,0
202422_121745,1
202422_66886,1
202422_293108,1
202422_75833,0
202422_80165,0
202422_162286,1
202423_245415,1
202423_109487,1
202423_256392,0
202423_109503,0
202423_193857,1
202423_255365,1
202424_125154,0
202424_250838,1
202424_22940,1
202424_286365,1
202424_122769,1
202424_55761,1
202428_77957,0
202428_26941,0
202428_295917,0
202428_42050,1
202428_173657,1
202428_244657,0
202430_242942,0
202430_247423,1
202430_292863,1
202430_69170,0
202430_287626,1
202430_191805,1
202436_93173,0
202436_223164,0
202436_46590,1
202436_178325,0
202436_291232,1
202436_14027,1
202444_242526,0
202444_45165,1
202444_187953,0
202444_63674,1
202444_251547,1
202444_38997,1
202445_127506,0
202445_257899,0
202445_208656,0
202445_78093,1
202445_157733,1
202445_252250,1
202447_290477,0
202447_83515,0
202447_246058,0
202447_145503,0
202447_104463,0
202447_164314,0
202451_149391,0
202451_250127,1
202451_209987,0
202451_101496,1
202451_160857,0
202451_502,1
202452_13371,1
202452_194594,1
202452_108220,1
202452_56525,1
202452_232504,1
202452_96049,1
202455_104207,1
202455_109602,1
202455_253265,0
202455_211848,1
202455_287684,1
202455_148046,1
202457_237211,1
202457_222938,0
202457_264582,0
202457_209776,0
202457_66943,1
202457_3222,1
202464_160633,1
202464_135219,0
202464_224016,0
202464_32165,0
202464_48189,1
202464_269223,1
202466_169621,1
202466_153923,0
202466_12766,0
202466_57481,1
202466_204697,1
202466_221642,1
202472_50079,0
202472_116070,0
202472_182419,0
202472_143565,1
202472_153679,0
202472_37154,0
202473_118127,0
202473_17254,0
202473_152475,1
202473_247824,1
202473_72334,1
202473_277883,0
202474_75207,0
202474_119294,1
202474_270454,0
202474_232364,1
202474_236750,1
202474_153606,0
202479_270004,0
202479_120178,1
202479_139083,0
202479_93600,1
202479_271831,0
202479_192661,1
202482_152674,0
202482_230659,1
202482_274978,1
202482_277931,0
202482_43312,1
202482_24876,1
202483_136624,1
202483_200916,0
202483_55303,1
202483_223276,0
202483_9785,1
202483_58294,1
202484_202185,1
202484_250454,1
202484_244283,1
202484_37679,1
202484_30957,1
202484_54706,1
202486_173674,1
202486_127260,0
202486_144605,0
202486_191457,0
202486_82734,0
202486_264872,0
202490_39895,0
202490_274782,0
202490_289145,1
202490_29988,1
202490_203707,1
202490_211282,1
202491_179993,1
202491_228077,1
202491_81755,1
202491_101434,0
202491_66854,1
202491_141772,1
202494_76295,1
202494_115856,1
202494_202385,0
202494_92711,1
202494_101876,0
202494_219726,0
202495_197994,1
202495_287423,0
202495_260175,1
202495_183110,1
202495_37960,1
202495_6018,0
202496_276808,0
202496_248335,1
202496_284532,0
202496_77875,0
202496_264366,1
202496_196279,0
202498_239275,1
202498_69460,1
202498_250054,1
202498_253486,1
202498_29228,1
202498_290714,0
202500_259598,1
202500_85265,1
202500_67156,0
202500_142163,1
202500_124863,0
202500_292527,1
202504_115178,1
202504_261695,1
202504_188781,1
202504_61054,1
202504_90184,1
202504_231063,0
202505_126448,1
202505_152716,0
202505_116603,1
202505_137485,1
202505_156318,0
202505_94007,0
202508_118408,0
202508_218206,0
202508_87289,1
202508_40768,0
202508_273182,1
202508_187780,1
202516_64074,0
202516_38933,0
202516_79614,0
202516_169932,0
202516_260193,0
202516_133554,1
202519_198197,0
202519_198864,1
202519_122068,1
202519_94046,0
202519_167977,1
202519_279142,1
202522_242681,0
202522_22070,0
202522_163189,1
202522_257260,0
202522_160180,1
202522_131109,0
202523_39866,1
202523_243797,0
202523_170773,1
202523_242809,1
202523_119394,1
202523_13470,0
202526_247573,1
202526_269011,1
202526_242300,0
202526_204992,0
202526_165644,1
202526_157639,1
202531_227472,0
202531_172744,0
202531_213105,0
202531_281580,0
202531_76302,1
202531_43564,1
202535_252703,1
202535_278136,1
202535_196860,0
202535_3026,1
202535_41721,0
202535_209669,1
202538_7581,0
202538_138698,0
202538_53884,0
202538_144942,1
202538_88123,0
202538_116516,0
202539_61277,1
202539_21593,1
202539_108342,1
202539_238961,1
202539_60557,1
202539_280508,1
202540_264496,1
202540_57209,1
202540_5030,1
202540_160583,1
202540_58621,1
202540_234266,1
202544_141456,1
202544_246874,1
202544_179954,0
202544_11446,1
202544_286863,1
202544_137301,1
202545_176515,1
202545_175319,1
202545_283762,1
202545_282075,0
202545_161539,1
202545_259105,0
202553_39763,0
202553_94875,0
202553_163461,0
202553_56517,1
202553_211944,0
202553_128483,1
202555_5207,1
202555_213865,0
202555_294419,0
202555_91432,0
202555_222763,1
202555_225510,0
202557_214382,0
202557_166203,1
202557_44384,0
202557_134489,0
202557_144357,1
202557_46756,1
202561_5577,0
202561_104351,1
202561_264485,1
202561_204185,0
202561_12003,1
202561_178337,1
202564_150563,0
202564_45900,1
202564_81651,0
202564_203473,0
202564_255121,0
202564_259716,1
202565_72281,0
202565_235658,1
202565_280605,1
202565_197026,1
202565_294724,0
202565_224222,1
202567_292620,0
202567_89842,0
202567_234274,1
202567_243158,1
202567_143734,0
202567_83089,0
202569_183431,1
202569_118170,1
202569_77246,0
202569_229468,0
202569_141826,0
202569_210701,1
202570_201417,0
202570_31440,0
202570_32442,0
202570_249975,0
202570_234177,1
202570_292311,1
202572_287137,1
202572_267971,0
202572_164753,1
202572_244223,1
202572_29426,1
202572_281141,1
202574_269244,0
202574_24547,1
202574_16603,1
202574_41510,0
202574_268900,0
202574_71455,1
202575_5389,1
202575_242243,1
202575_13563,0
202575_286017,0
202575_104207,1
202575_136245,0
202577_1659,0
202577_225461,0
202577_25635,0
202577_577,1
202577_148234,1
202577_143033,1
202578_183841,1
202578_97303,1
202578_74462,1
202578_63394,1
202578_284503,1
202578_128470,1
202579_122283,0
202579_99448,0
202579_205985,0
202579_105563,0
202579_230904,0
202579_1618,0
202581_166,1
202581_54974,0
202581_293775,0
202581_106448,0
202581_206582,0
202581_64642,1
202582_266616,1
202582_52107,1
202582_9919,0
202582_244122,1
202582_240753,1
202582_264668,1
202585_170608,1
202585_38285,0
202585_271560,0
202585_292405,0
202585_152738,0
202585_234392,1
202587_264598,0
202587_197908,0
202587_114265,0
202587_133732,0
202587_138963,0
202587_39252,1
202590_24563,1
202590_291325,1
202590_101514,1
202590_126078,1
202590_205036,1
202590_164254,0
202595_88633,0
202595_142760,1
202595_38409,1
202595_270004,0
202595_243374,1
202595_22716,1
202596_235322,0
202596_31843,0
202596_4148,1
202596_260780,1
202596_119355,0
202596_92112,0
202598_131564,0
202598_173538,0
202598_22940,0
202598_173630,0
202598_31668,0
202598_51635,0
202602_219726,0
202602_83159,1
202602_247366,1
202602_103841,1
202602_116327,0
202602_81751,0
202603_293696,1
202603_176676,1
202603_59006,1
202603_219934,1
202603_108900,1
202603_260291,1
202606_167673,1
202606_135408,1
202606_21332,1
202606_281970,1
202606_221801,1
202606_203152,1
202608_187969,1
202608_6548,1
202608_191413,0
202608_120178,1
202608_63723,1
202608_237367,1
202609_14260,0
202609_288029,1
202609_172022,1
202609_157155,1
202609_210740,1
202609_239473,1
202613_292785,0
202613_30865,1
202613_116618,0
202613_203633,0
202613_52855,0
202613_99448,1
202615_174365,1
202615_247228,1
202615_80345,1
202615_264112,0
202615_255003,1
202615_287748,0
202616_45474,0
202616_137251,0
202616_106446,0
202616_58141,0
202616_91021,0
202616_267798,0
202618_124769,1
202618_283018,0
202618_106666,0
202618_149006,0
202618_193374,0
202618_62602,0
202619_38168,1
202619_269837,0
202619_209395,0
202619_156913,1
202619_2121,1
202619_190068,1
202622_150707,1
202622_97217,0
202622_1479,1
202622_170920,1
202622_220488,1
202622_235709,0
202623_225505,0
202623_163853,0
202623_38168,0
202623_150748,0
202623_224337,0
202623_169517,0
202626_222314,0
202626_142205,0
202626_275559,1
202626_125452,0
202626_274118,1
202626_21415,0
202632_244219,1
202632_63855,0
202632_118794,1
202632_20747,1
202632_3970,1
202632_78856,0
202635_103335,1
202635_182778,0
202635_169435,0
202635_125926,1
202635_141970,1
202635_70500,1
202637_196980,1
202637_6460,1
202637_131782,1
202637_210861,1
202637_121932,1
202637_48961,0
202638_192308,1
202638_274123,0
202638_188352,0
202638_140971,1
202638_58204,1
202638_271205,0
202641_150387,1
202641_26687,1
202641_220747,0
202641_32218,1
202641_142796,0
202641_10453,1
202642_295562,0
202642_273311,1
202642_138698,0
202642_243722,0
202642_124387,1
202642_29894,1
202644_153506,1
202644_75956,0
202644_162171,1
202644_216311,1
202644_84633,1
202644_93128,1
202647_160146,1
202647_244786,1
202647_19780,0
202647_269824,0
202647_255673,0
202647_24104,0
202651_293440,0
202651_107137,0
202651_234091,0
202651_219330,0
202651_71357,0
202651_107828,0
202656_187169,1
202656_43473,1
202656_24631,0
202656_172449,1
202656_12984,1
202656_24076,1
202657_189417,0
202657_251806,1
202657_152825,1
202657_256008,1
202657_243646,1
202657_54662,1
202659_13962,1
202659_41575,0
202659_79419,1
202659_181066,1
202659_271874,0
202659_97397,1
202660_288063,1
202660_240,0
202660_160169,1
202660_155369,1
202660_49604,0
202660_47543,0
202663_109544,1
202663_99882,1
202663_252291,0
202663_186887,1
202663_213259,1
202663_203086,1
202664_43998,1
202664_72875,1
202664_96679,1
202664_146570,1
202664_206958,1
202664_53874,0
202666_126276,0
202666_146263,0
202666_113588,1
202666_71455,1
202666_240854,1
202666_23671,0
202667_99448,1
202667_271003,1
202667_233617,1
202667_85034,0
202667_270469,1
202667_134481,1
202668_79062,1
202668_275060,1
202668_203549,1
202668_89403,1
202668_268395,0
202668_212871,1
202670_175481,1
202670_17662,1
202670_134845,1
202670_152518,1
202670_259598,1
202670_138425,0
202671_193256,1
202671_205874,0
202671_175232,1
202671_155463,0
202671_148053,0
202671_88888,0
202672_192234,1
202672_272733,0
202672_163770,1
202672_229894,1
202672_125671,0
202672_225024,1
202674_63625,1
202674_107137,1
202674_205571,1
202674_140692,1
202674_202784,1
202674_232322,1
202675_29228,1
202675_155101,1
202675_225957,1
202675_209124,0
202675_16337,0
202675_169584,1
202676_165847,1
202676_28063,1
202676_46756,1
202676_211217,1
202676_263249,1
202676_36568,1
202678_161986,1
202678_76605,1
202678_176597,1
202678_58157,0
202678_15911,1
202678_100859,1
202679_278908,1
202679_38015,1
202679_128705,1
202679_232247,0
202679_148009,0
202679_100342,1
202683_71966,1
202683_111151,0
202683_237908,0
202683_282104,1
202683_112918,0
202683_267165,0
202685_30297,1
202685_77700,0
202685_41136,0
202685_164297,0
202685_29334,1
202685_144535,1
202689_22532,0
202689_261205,0
202689_275881,0
202689_146908,0
202689_138706,1
202689_206878,0
202691_224321,0
202691_75361,0
202691_187483,1
202691_218206,1
202691_285162,1
202691_213280,1
202693_239473,1
202693_66959,1
202693_205320,0
202693_142191,1
202693_102978,0
202693_242150,0
202703_8665,0
202703_266345,0
202703_2770,1
202703_152600,0
202703_143817,1
202703_112473,1
202705_55618,0
202705_57671,0
202705_192661,0
202705_84221,0
202705_272907,1
202705_255196,1
202706_133339,1
202706_96976,1
202706_21593,1
202706_242425,1
202706_68739,1
202706_56525,1
202710_227283,1
202710_111470,0
202710_223587,1
202710_79396,1
202710_128192,0
202710_193216,1
202713_81317,1
202713_109919,1
202713_151313,1
202713_119583,0
202713_70288,0
202713_4475,1
202714_72035,0
202714_158712,0
202714_253010,1
202714_112584,0
202714_120535,0
202714_23018,1
202716_132870,0
202716_260248,0
202716_20648,0
202716_65831,1
202716_19518,1
202716_34033,1
202717_96378,1
202717_66683,0
202717_104207,1
202717_235507,1
202717_34084,1
202717_245658,1
202720_91513,1
202720_100831,1
202720_85712,1
202720_250855,0
202720_103381,0
202720_201745,1
202726_319,1
202726_9253,0
202726_42375,1
202726_232937,1
202726_110949,0
202726_18486,0
202727_5844,1
202727_77048,1
202727_3380,0
202727_63625,1
202727_290142,0
202727_142865,0
202728_1242,1
202728_34940,1
202728_284909,0
202728_277054,1
202728_107193,1
202728_102449,1
202731_54516,0
202731_3854,0
202731_159387,0
202731_143524,0
202731_269270,0
202731_268488,0
202732_116032,0
202732_49889,1
202732_192970,0
202732_253486,0
202732_35663,1
202732_121824,1
202733_58944,0
202733_87578,0
202733_139577,0
202733_134099,0
202733_262071,0
202733_7438,0
202737_18486,1
202737_50473,1
202737_141439,0
202737_156937,1
202737_204462,1
202737_221862,0
202740_55402,1
202740_131564,0
202740_293496,1
202740_33489,0
202740_94700,0
202740_182181,0
202742_54263,1
202742_236939,0
202742_85718,1
202742_56869,1
202742_175202,0
202742_147802,1
202744_98681,1
202744_259354,1
202744_218879,0
202744_66790,1
202744_160012,0
202744_264575,0
202751_37535,0
202751_101871,0
202751_273185,1
202751_229045,0
202751_238892,0
202751_155791,1
202754_244657,1
202754_21168,0
202754_78150,1
202754_95924,1
202754_181408,0
202754_232056,1
202757_142770,0
202757_240430,0
202757_36048,0
202757_55055,0
202757_275881,0
202757_28244,0
202758_207739,1
202758_199979,1
202758_7990,0
202758_16093,0
202758_93808,0
202758_266667,0
202759_156246,0
202759_191023,1
202759_280897,0
202759_245583,1
202759_141970,1
202759_208477,1
202760_248632,0
202760_17790,0
202760_125210,0
202760_254516,0
202760_137485,0
202760_117377,0
202762_13566,0
202762_36903,1
202762_1743,1
202762_36935,0
202762_151555,1
202762_128255,1
202765_281402,1
202765_28653,0
202765_258448,1
202765_35367,1
202765_174690,0
202765_275816,1
202768_225319,0
202768_205018,1
202768_78601,0
202768_8441,0
202768_189775,1
202768_25866,0
202770_263957,1
202770_245127,1
202770_171683,0
202770_15951,1
202770_73940,1
202770_232828,1
202771_252656,1
202771_203711,1
202771_6686,0
202771_111151,0
202771_285227,1
202771_231071,0
202773_88977,0
202773_271794,0
202773_73312,0
202773_72875,1
202773_139440,1
202773_267297,0
202777_7114,0
202777_44704,1
202777_229415,1
202777_229707,1
202777_120535,0
202777_53151,1
202784_187302,1
202784_77716,1
202784_170092,1
202784_198409,1
202784_161062,1
202784_262955,1
202785_57480,0
202785_268182,1
202785_266209,0
202785_247218,1
202785_33120,1
202785_30196,0
202787_294832,1
202787_69315,0
202787_80572,1
202787_247494,1
202787_258891,1
202787_243378,1
202789_94236,0
202789_168654,0
202789_7845,0
202789_149675,0
202789_177900,0
202789_267494,0
202794_202580,1
202794_85672,0
202794_158891,1
202794_261122,0
202794_44308,1
202794_139396,1
202799_230358,1
202799_228522,0
202799_484,1
202799_295060,0
202799_178737,1
202799_285194,1
202800_63483,1
202800_105450,1
202800_293957,0
202800_83187,1
202800_87578,0
202800_271415,1
202803_228557,1
202803_6507,0
202803_256323,1
202803_41592,0
202803_130921,1
202803_107707,1
202805_266260,1
202805_250913,1
202805_107959,0
202805_260732,1
202805_269196,0
202805_163222,0
202806_271045,0
202806_92035,1
202806_264575,0
202806_169580,1
202806_60104,1
202806_18993,0
202807_5799,1
202807_107322,1
202807_155484,1
202807_228941,1
202807_254917,1
202807_212024,1
202808_42375,0
202808_116327,0
202808_26677,0
202808_87791,0
202808_91663,0
202808_89740,1
202811_27636,0
202811_19342,0
202811_138112,0
202811_276913,1
202811_43073,1
202811_171541,0
202815_73625,0
202815_108235,1
202815_185650,0
202815_269273,0
202815_216047,0
202815_75587,0
202820_76729,1
202820_94366,0
202820_149658,1
202820_141099,0
202820_81692,1
202820_161709,1
202822_134866,1
202822_226320,1
202822_216561,1
202822_130771,1
202822_251902,1
202822_231282,0
202825_158796,0
202825_153972,0
202825_109892,0
202825_52617,0
202825_250795,0
202825_150415,0
202828_71730,1
202828_131742,1
202828_198874,1
202828_73489,0
202828_180875,0
202828_282252,0
202832_166403,1
202832_187872,0
202832_38990,1
202832_275729,1
202832_143570,1
202832_246893,1
202840_120563,0
202840_119427,0
202840_2935,1
202840_229035,0
202840_82599,1
202840_18863,1
202841_278486,0
202841_267857,1
202841_25853,1
202841_119888,0
202841_192375,1
202841_27090,1
202842_49713,0
202842_100076,1
202842_120841,0
202842_250286,0
202842_89110,0
202842_237211,1
202844_268974,1
202844_70346,1
202844_170119,0
202844_61939,1
202844_182965,0
202844_101347,0
202846_170175,0
202846_41759,0
202846_217483,1
202846_43110,1
202846_15641,1
202846_4279,1
202847_121584,1
202847_30324,1
202847_114730,0
202847_100508,1
202847_292067,0
202847_126615,0
202848_212849,1
202848_56730,1
202848_23760,1
202848_148294,1
202848_224508,0
202848_272597,1
202850_204649,1
202850_26085,1
202850_136245,1
202850_268485,1
202850_279402,1
202850_124387,1
202851_280025,1
202851_280251,0
202851_158503,0
202851_76429,0
202851_76345,0
202851_101528,0
202852_12061,0
202852_16057,0
202852_271045,0
202852_248986,0
202852_277751,0
202852_170214,1
202854_84898,1
202854_175187,1
202854_60994,0
202854_74024,1
202854_52378,1
202854_101847,0
202855_165847,1
202855_73312,1
202855_275559,1
202855_20248,1
202855_237211,1
202855_35555,1
202858_280540,0
202858_182125,1
202858_112634,0
202858_12149,0
202858_26741,1
202858_232037,1
202859_129684,1
202859_194950,1
202859_271163,1
202859_245668,1
202859_72683,1
202859_91475,1
202864_72531,0
202864_278582,1
202864_35376,1
202864_51849,0
202864_116721,1
202864_90370,0
202865_52105,1
202865_244869,0
202865_31174,0
202865_117043,0
202865_56076,1
202865_223032,0
202866_31333,0
202866_233721,1
202866_43564,1
202866_169310,1
202866_210777,1
202866_104542,1
202870_252671,0
202870_163568,1
202870_69951,1
202870_43031,0
202870_116051,0
202870_108612,1
202871_228191,1
202871_135181,1
202871_102452,1
202871_14542,1
202871_249765,1
202871_105487,1
202876_80806,1
202876_130115,1
202876_42557,1
202876_194053,0
202876_200797,1
202876_210679,1
202877_122258,1
202877_84772,1
202877_174217,0
202877_293855,0
202877_97306,1
202877_6695,0
202881_102211,1
202881_75778,1
202881_51205,0
202881_162914,1
202881_108266,0
202881_287896,0
202886_191303,0
202886_179573,0
202886_159037,1
202886_155857,0
202886_109783,0
202886_243152,0
202891_112870,1
202891_191156,1
202891_26734,0
202891_43329,1
202891_144535,0
202891_269101,0
202894_52339,1
202894_110646,0
202894_78994,0
202894_20754,1
202894_61975,1
202894_247731,0
202897_109352,1
202897_60899,1
202897_105828,0
202897_258824,1
202897_97426,1
202897_34803,1
202899_126107,1
202899_88927,0
202899_175445,1
202899_13543,1
202899_55958,1
202899_167157,1
202901_51430,0
202901_13910,1
202901_259851,0
202901_258891,1
202901_273827,1
202901_205649,1
202906_21044,0
202906_67159,0
202906_120084,1
202906_92770,1
202906_159757,1
202906_178000,0
202907_230641,0
202907_42850,1
202907_273182,0
202907_82372,0
202907_178546,0
202907_134743,0
202908_94845,1
202908_96095,0
202908_97039,0
202908_210249,0
202908_211718,0
202908_48254,1
202909_87090,0
202909_250724,0
202909_101030,1
202909_167212,1
202909_159583,0
202909_245446,1
202913_148067,1
202913_233614,1
202913_130344,1
202913_194594,1
202913_287300,1
202913_277979,1
202914_164591,0
202914_219751,0
202914_123677,0
202914_17790,0
202914_243710,0
202914_52617,0
202916_184586,0
202916_115095,1
202916_117377,1
202916_136245,1
202916_63199,0
202916_157155,1
202917_149625,1
202917_132159,1
202917_137860,1
202917_67560,1
202917_252291,0
202917_133906,0
202924_12279,1
202924_273258,0
202924_12570,0
202924_239371,1
202924_80916,1
202924_253848,1
202926_20825,0
202926_293414,0
202926_136275,1
202926_104997,0
202926_129805,1
202926_158923,1
202929_78305,1
202929_249986,0
202929_47881,1
202929_294419,0
202929_70431,0
202929_182465,0
202931_71272,0
202931_289330,0
202931_191051,1
202931_254899,1
202931_61865,1
202931_12466,1
202932_40651,0
202932_161955,1
202932_241421,0
202932_139444,0
202932_247494,0
202932_288220,0
202934_77246,1
202934_218824,1
202934_58656,1
202934_228077,1
202934_214176,1
202934_100831,1
202938_190001,1
202938_232322,1
202938_251819,0
202938_105450,1
202938_246282,0
202938_62536,1
202942_292171,0
202942_85594,1
202942_263249,1
202942_203860,1
202942_121386,1
202942_191631,1
202946_4993,0
202946_162152,0
202946_198704,1
202946_175608,1
202946_145807,1
202946_23930,0
202950_203540,1
202950_238161,1
202950_46269,1
202950_183872,1
202950_259824,1
202950_292418,1
202951_57119,0
202951_29888,1
202951_18066,1
202951_197133,1
202951_273793,1
202951_163833,1
202953_27669,0
202953_221650,0
202953_206622,1
202953_149995,0
202953_247253,1
202953_265539,1
202955_99450,1
202955_77119,0
202955_257164,0
202955_253231,1
202955_229916,1
202955_285365,0
202964_163853,1
202964_267791,0
202964_9610,0
202964_203088,0
202964_120734,1
202964_229966,0
202965_31167,1
202965_79012,0
202965_146981,1
202965_220175,1
202965_76693,0
202965_212943,0
202969_5844,1
202969_66803,0
202969_168682,1
202969_86857,1
202969_36296,1
202969_206878,1
202970_271163,1
202970_3742,1
202970_283778,0
202970_196448,1
202970_253594,1
202970_66368,1
202971_257260,0
202971_120734,1
202971_224515,0
202971_148365,0
202971_193216,0
202971_113233,1
202982_212592,1
202982_153923,0
202982_264861,0
202982_94531,1
202982_155798,0
202982_91665,0
202990_111094,0
202990_148821,1
202990_225378,1
202990_152335,1
202990_222265,1
202990_201578,1
202991_108810,1
202991_166601,1
202991_206155,0
202991_66464,1
202991_71454,1
202991_35201,1
202993_230049,0
202993_193069,1
202993_149225,1
202993_140486,0
202993_266782,0
202993_75999,0
202995_211235,1
202995_29189,1
202995_248267,1
202995_67942,1
202995_201317,1
202995_175381,0
202996_66292,1
202996_119906,0
202996_109031,1
202996_239083,1
202996_176586,1
202996_28519,0
203000_12922,1
203000_121426,1
203000_263527,0
203000_73124,1
203000_61582,0
203000_246590,1
203003_268114,1
203003_199957,1
203003_219780,0
203003_74296,0
203003_153805,1
203003_2946,0
203006_70292,0
203006_148142,1
203006_66618,1
203006_177370,0
203006_139094,0
203006_150410,0
203007_144302,1
203007_3260,1
203007_75600,1
203007_178503,1
203007_170175,0
203007_15452,1
203008_191161,0
203008_145554,1
203008_221953,0
203008_272968,0
203008_17381,1
203008_62906,1
203012_152798,1
203012_159377,0
203012_110391,1
203012_2675,1
203012_21911,0
203012_261153,1
203016_225257,0
203016_40742,1
203016_82352,1
203016_126839,1
203016_187499,1
203016_139648,1
203018_226836,1
203018_77834,1
203018_21072,1
203018_259170,0
203018_217614,1
203018_57391,0
203021_159377,0
203021_78961,1
203021_31714,1
203021_210854,1
203021_102449,1
203021_189775,1
203023_85942,1
203023_256560,0
203023_284804,0
203023_147546,1
203023_267088,1
203023_122933,1
203024_275333,1
203024_137794,1
203024_131564,0
203024_231671,0
203024_239094,0
203024_26097,0
203026_137084,1
203026_289948,1
203026_84511,0
203026_133906,1
203026_19560,0
203026_173650,0
203032_218956,1
203032_193475,1
203032_210733,1
203032_101473,1
203032_104211,1
203032_180209,1
203035_48491,0
203035_66257,0
203035_207401,1
203035_271192,0
203035_261450,1
203035_76477,1
203036_82912,0
203036_288162,1
203036_73011,1
203036_45160,0
203036_50554,0
203036_62906,1
203040_232084,0
203040_204457,0
203040_81283,1
203040_163568,0
203040_64394,1
203040_220246,0
203043_3454,0
203043_211732,0
203043_7020,0
203043_606,0
203043_92064,0
203043_66529,0
203050_278717,0
203050_284123,1
203050_49796,0
203050_67915,1
203050_262438,1
203050_173650,0
203054_110830,1
203054_185796,1
203054_187994,0
203054_8051,1
203054_252250,1
203054_214191,1
203055_85681,1
203055_235974,1
203055_228095,1
203055_265135,1
203055_151585,0
203055_108080,1
203057_8229,0
203057_271100,1
203057_73466,1
203057_105078,0
203057_244528,1
203057_250273,1
203058_59211,1
203058_151964,1
203058_122933,0
203058_124250,0
203058_222603,0
203058_150352,0
203060_167965,1
203060_79309,1
203060_43938,0
203060_124985,0
203060_171322,1
203060_235072,1
203063_248880,1
203063_279014,1
203063_77914,1
203063_226836,1
203063_123611,0
203063_144499,1
203066_180371,1
203066_24683,1
203066_76335,0
203066_159787,1
203066_285472,1
203066_55552,1
203070_114730,1
203070_41730,0
203070_141610,0
203070_294732,1
203070_163853,1
203070_208113,0
203071_218586,0
203071_94258,1
203071_34084,1
203071_22940,1
203071_247218,1
203071_249323,0
203072_255787,1
203072_100454,1
203072_250377,1
203072_247065,1
203072_287656,1
203072_82422,1
203076_232242,0
203076_74204,0
203076_18253,0
203076_244697,1
203076_266307,0
203076_116681,1
203078_256827,1
203078_230444,0
203078_267670,1
203078_112163,1
203078_159603,0
203078_175117,0
203081_23124,0
203081_99187,1
203081_85881,0
203081_263220,0
203081_61244,0
203081_174271,1
203082_115656,1
203082_196470,1
203082_152742,0
203082_65230,0
203082_25836,0
203082_187117,1
203083_147736,1
203083_233308,1
203083_256132,0
203083_135348,1
203083_722,1
203083_126992,0
203085_290794,1
203085_210997,1
203085_242840,1
203085_62498,1
203085_8379,1
203085_293282,1
203086_48386,1
203086_69702,1
203086_13119,0
203086_88747,0
203086_270671,0
203086_278183,0
203089_250753,1
203089_147450,1
203089_62423,1
203089_85021,0
203089_78380,0
203089_120603,1
203091_80339,0
203091_221998,1
203091_139556,1
203091_246132,0
203091_262605,1
203091_142601,1
203095_71941,0
203095_226518,0
203095_111155,0
203095_249251,1
203095_130023,1
203095_28714,1
203098_198750,0
203098_98818,1
203098_167455,0
203098_248267,0
203098_9670,0
203098_282097,0
203101_200066,0
203101_42592,0
203101_117890,0
203101_158660,0
203101_185624,0
203101_235689,0
203103_83575,1
203103_228792,1
203103_182869,0
203103_224375,0
203103_224658,0
203103_74292,0
203105_276665,1
203105_7698,1
203105_295703,1
203105_157882,1
203105_92983,1
203105_224585,0
203106_199331,1
203106_102274,0
203106_83057,1
203106_211400,1
203106_290850,1
203106_73524,0
203109_246069,1
203109_98878,1
203109_136917,1
203109_27209,1
203109_23137,1
203109_20559,1
203110_96386,1
203110_1108,1
203110_158024,1
203110_133601,0
203110_165215,1
203110_39062,1
203113_60205,0
203113_17033,0
203113_45181,0
203113_37562,0
203113_191530,0
203113_257088,0
203120_92910,1
203120_188356,0
203120_61233,0
203120_247777,0
203120_83832,0
203120_124920,1
203123_177931,1
203123_78605,1
203123_97519,1
203123_260780,0
203123_96600,0
203123_285138,0
203126_281330,0
203126_19472,0
203126_141686,1
203126_282866,0
203126_208156,0
203126_241772,1
203130_46756,1
203130_198712,1
203130_191995,1
203130_139505,0
203130_135799,1
203130_91994,1
203131_266465,1
203131_7582,1
203131_280294,0
203131_68350,1
203131_144251,1
203131_184290,1
203132_222015,0
203132_124080,0
203132_217466,1
203132_227180,0
203132_281402,1
203132_93707,0
203133_124375,0
203133_140230,1
203133_193529,1
203133_101473,1
203133_15908,1
203133_281450,1
203142_144357,0
203142_200737,0
203142_85265,0
203142_198297,1
203142_6173,0
203142_12359,1
203144_160505,0
203144_15833,0
203144_218206,0
203144_85375,0
203144_285365,0
203144_262093,0
203148_60021,1
203148_35891,0
203148_160321,1
203148_289657,1
203148_48993,0
203148_135968,1
203150_230224,1
203150_196830,0
203150_159141,1
203150_99274,1
203150_239668,1
203150_140066,1
203151_216947,1
203151_75469,1
203151_54157,1
203151_268810,1
203151_159282,1
203151_161162,1
203153_116779,1
203153_170335,0
203153_126584,0
203153_217824,0
203153_184998,1
203153_105520,0
203156_156307,1
203156_251840,0
203156_274373,0
203156_180346,0
203156_45782,1
203156_279661,1
203158_134107,0
203158_201966,0
203158_254873,0
203158_212371,0
203158_145187,0
203158_18308,1
203160_274071,1
203160_212024,1
203160_134456,1
203160_239189,0
203160_205018,1
203160_201673,1
203161_129095,0
203161_236122,0
203161_80041,0
203161_291135,1
203161_96910,1
203161_200024,1
203165_280999,1
203165_211428,1
203165_135509,0
203165_188660,1
203165_235683,0
203165_194810,1
203170_223706,1
203170_197125,1
203170_47749,0
203170_144640,0
203170_268025,0
203170_100831,1
203173_259316,1
203173_79141,1
203173_110099,1
203173_213662,1
203173_141314,1
203173_180116,0
203175_124984,1
203175_79045,0
203175_71789,0
203175_106968,1
203175_86178,1
203175_53302,1
203178_28190,1
203178_212849,0
203178_263840,1
203178_253992,0
203178_248440,1
203178_233731,1
203180_271557,0
203180_4237,1
203180_253068,0
203180_238499,0
203180_287940,0
203180_29345,0
203181_294724,1
203181_255065,0
203181_34663,0
203181_36684,0
203181_136523,0
203181_211635,0
203183_287260,0
203183_56437,1
203183_276060,1
203183_104831,1
203183_211207,1
203183_165536,0
203188_205018,1
203188_110476,0
203188_113475,0
203188_6173,1
203188_165504,0
203188_166,0
203191_98351,0
203191_108855,1
203191_70788,1
203191_84448,0
203191_218905,1
203191_188639,1
203192_10001,0
203192_225134,0
203192_271903,1
203192_113219,1
203192_129207,1
203192_237185,0
203193_293515,1
203193_134774,0
203193_267076,0
203193_174047,0
203193_287047,1
203193_127834,1
203194_87505,0
203194_213544,1
203194_117,1
203194_152652,0
203194_95500,1
203194_73772,0
203202_117920,1
203202_285483,1
203202_183079,0
203202_290794,1
203202_205042,1
203202_206195,0
203205_271100,1
203205_106788,1
203205_151419,1
203205_130747,1
203205_230899,1
203205_145934,0
203206_176515,1
203206_185252,1
203206_98438,0
203206_190423,1
203206_57219,0
203206_271521,0
203208_186862,1
203208_92064,1
203208_149455,1
203208_63737,1
203208_177400,0
203208_224735,1
203210_41814,1
203210_175250,0
203210_206308,1
203210_153183,1
203210_273787,1
203210_133421,1
203211_125944,1
203211_28145,1
203211_139165,1
203211_217179,1
203211_58026,1
203211_56004,1
203214_31298,1
203214_61826,1
203214_281717,1
203214_275729,1
203214_1269,1
203214_219763,1
203215_107223,1
203215_54779,1
203215_7125,0
203215_254970,0
203215_177230,1
203215_292863,1
203221_33425,1
203221_152600,1
203221_165106,1
203221_164737,1
203221_181708,1
203221_125958,1
203224_91097,1
203224_231891,1
203224_66318,1
203224_155965,1
203224_213866,1
203224_281826,1
203227_76685,1
203227_162068,1
203227_128356,0
203227_76535,1
203227_208571,1
203227_233253,0
203228_221248,1
203228_7116,0
203228_120535,1
203228_70985,0
203228_258343,1
203228_2535,0
203229_122020,1
203229_111674,0
203229_264575,1
203229_215980,0
203229_182553,0
203229_71685,1
203231_92291,1
203231_239570,0
203231_45150,1
203231_111218,0
203231_187071,1
203231_97427,0
203232_35012,1
203232_72302,0
203232_215158,1
203232_236006,1
203232_53085,1
203232_79017,1
203235_143892,0
203235_38543,0
203235_4130,0
203235_74650,0
203235_130023,0
203235_176867,0
203237_108397,1
203237_117082,1
203237_86248,1
203237_5583,1
203237_118107,0
203237_92035,0
203238_118129,1
203238_223864,0
203238_246657,1
203238_46281,0
203238_1321,1
203238_231755,1
203240_165708,0
203240_157175,1
203240_234392,0
203240_17302,1
203240_219304,0
203240_37154,1
203243_84297,1
203243_233515,0
203243_81141,0
203243_192115,0
203243_190068,1
203243_247355,0
203251_209474,0
203251_176090,1
203251_53714,1
203251_170191,1
203251_134774,0
203251_260236,0
203258_86173,0
203258_147973,1
203258_269783,1
203258_12397,0
203258_239189,0
203258_159869,1
203259_94829,0
203259_140334,1
203259_117542,1
203259_133626,1
203259_128192,0
203259_114634,1
203260_129517,0
203260_6173,1
203260_99966,1
203260_95364,0
203260_125944,1
203260_237208,0
203261_131989,1
203261_104997,1
203261_105021,1
203261_46314,1
203261_245668,1
203261_32193,0
203262_92995,1
203262_85681,1
203262_155302,1
203262_61921,0
203262_176480,0
203262_80050,1
203263_240708,1
203263_240094,0
203263_107662,1
203263_220488,1
203263_220392,0
203263_77875,0
203264_138809,0
203264_266716,1
203264_116327,0
203264_119382,0
203264_287718,1
203264_242166,1
203267_291958,0
203267_12628,0
203267_4974,0
203267_9812,1
203267_51555,0
203267_217824,1
203268_54883,0
203268_82702,0
203268_153084,1
203268_61827,1
203268_151926,0
203268_156112,0
203273_225562,1
203273_274931,1
203273_120246,1
203273_212331,1
203273_29214,1
203273_112497,1
203275_154274,0
203275_205657,0
203275_8747,1
203275_53183,0
203275_190099,1
203275_215354,0
203276_152098,1
203276_161292,1
203276_164274,1
203276_109899,1
203276_21864,1
203276_185349,1
203277_15811,1
203277_220076,0
203277_247413,1
203277_13087,0
203277_226340,0
203277_10889,1
203280_234021,1
203280_292341,1
203280_211027,1
203280_278593,0
203280_97007,0
203280_261208,0
203281_51665,0
203281_137768,0
203281_48882,1
203281_179555,1
203281_207961,1
203281_156802,1
203282_12245,1
203282_16676,1
203282_257185,1
203282_252929,0
203282_65938,1
203282_176357,0
203283_50106,1
203283_135383,1
203283_33810,0
203283_173225,0
203283_267482,0
203283_268508,0
203288_232322,1
203288_134170,0
203288_247852,1
203288_267710,0
203288_172257,1
203288_257749,0
203293_146407,1
203293_5496,1
203293_228469,1
203293_11951,1
203293_152820,1
203293_228782,0
203298_199231,0
203298_142675,0
203298_40678,0
203298_89130,0
203298_207532,0
203298_59748,1
203300_182102,1
203300_274875,0
203300_188784,0
203300_54787,0
203300_184807,0
203300_39895,0
203304_185243,0
203304_244768,0
203304_79309,0
203304_283265,1
203304_144357,1
203304_272311,0
203311_73312,0
203311_278582,1
203311_279260,0
203311_125944,1
203311_188720,0
203311_252312,1
203312_169325,0
203312_243077,0
203312_182009,1
203312_84824,1
203312_138355,1
203312_246966,1
203313_72041,0
203313_58512,1
203313_34407,0
203313_69843,0
203313_9514,0
203313_68926,0
203316_167155,1
203316_18315,1
203316_263892,1
203316_270885,0
203316_280146,0
203316_30842,0
203319_126682,0
203319_247578,0
203319_81798,0
203319_45778,1
203319_94060,1
203319_63208,1
203322_35584,0
203322_185900,0
203322_268462,0
203322_81445,0
203322_193350,0
203322_272073,0
203323_14034,1
203323_262193,1
203323_5033,1
203323_159263,1
203323_41733,1
203323_74464,1
203326_263069,0
203326_86733,1
203326_100142,1
203326_14964,1
203326_219726,0
203326_152494,0
203330_81561,1
203330_37564,0
203330_38610,0
203330_130023,1
203330_92482,0
203330_217562,1
203337_179000,1
203337_176916,1
203337_124394,0
203337_179970,0
203337_85681,1
203337_203966,0
203338_244691,0
203338_57964,1
203338_212418,1
203338_183431,1
203338_102151,1
203338_171077,1
203341_118170,0
203341_246130,0
203341_276616,1
203341_277309,1
203341_226234,1
203341_63855,0
203342_81364,0
203342_272936,1
203342_235703,1
203342_252302,0
203342_140381,0
203342_119151,0
203347_215746,1
203347_22033,0
203347_236089,0
203347_245477,0
203347_121001,1
203347_139720,1
203348_58647,0
203348_259731,1
203348_290914,0
203348_128217,1
203348_186688,0
203348_275896,0
203351_154715,1
203351_65031,1
203351_237702,0
203351_85082,1
203351_266176,1
203351_75083,1
203352_141372,0
203352_210865,0
203352_222027,0
203352_47042,0
203352_84668,0
203352_173038,1
203355_261612,0
203355_70160,0
203355_260191,1
203355_113574,0
203355_179788,1
203355_19780,0
203365_248870,1
203365_180280,0
203365_144919,1
203365_278258,0
203365_104668,1
203365_217591,0
203366_151109,0
203366_51665,1
203366_140951,1
203366_149710,0
203366_247665,0
203366_272748,0
203368_71571,0
203368_180795,1
203368_91533,1
203368_71716,1
203368_87813,1
203368_109963,0
203372_131142,1
203372_77517,1
203372_181198,0
203372_234900,1
203372_81980,1
203372_295789,1
203379_189043,1
203379_166592,1
203379_99316,1
203379_46756,1
203379_92770,1
203379_221332,1
203382_10019,0
203382_223560,1
203382_1269,1
203382_123814,1
203382_291238,1
203382_221060,1
203383_154016,1
203383_118738,1
203383_196878,0
203383_163695,1
203383_165429,0
203383_179974,1
203385_271070,1
203385_248628,0
203385_246957,1
203385_26131,0
203385_37202,1
203385_5888,1
203388_258141,1
203388_152478,0
203388_166185,0
203388_275333,1
203388_83110,0
203388_159757,0
203390_188039,1
203390_296078,1
203390_278582,1
203390_69230,0
203390_204817,1
203390_197897,1
203392_41575,1
203392_165332,1
203392_187117,0
203392_121695,1
203392_155231,1
203392_87802,1
203394_193774,0
203394_181966,1
203394_270275,1
203394_156387,1
203394_34450,0
203394_240763,0
203395_87423,1
203395_246990,1
203395_142747,1
203395_182550,0
203395_103437,1
203395_27068,1
203397_292779,1
203397_14075,1
203397_104359,1
203397_255491,1
203397_84670,1
203397_281818,1
203398_119532,1
203398_234906,1
203398_2774,0
203398_65451,1
203398_137230,1
203398_5791,0
203400_273126,0
203400_57022,0
203400_95580,0
203400_18058,0
203400_86427,0
203400_109544,0
203403_101037,0
203403_212592,0
203403_229966,0
203403_148821,1
203403_31836,1
203403_265399,0
203406_286639,1
203406_228892,1
203406_132698,1
203406_156718,0
203406_93699,0
203406_268310,0
203408_247218,1
203408_213436,1
203408_217825,1
203408_139911,0
203408_715,1
203408_102523,1
203410_29381,0
203410_187117,1
203410_25866,0
203410_268019,0
203410_106058,1
203410_170629,1
203412_273027,1
203412_12836,0
203412_15596,1
203412_61826,1
203412_150640,0
203412_83575,1
203413_245972,1
203413_93865,1
203413_54388,1
203413_252444,1
203413_2924,1
203413_221284,0
203415_42715,1
203415_96885,0
203415_269846,0
203415_126720,0
203415_267404,1
203415_184685,1
203416_29973,1
203416_35012,1
203416_280902,0
203416_87004,1
203416_291248,1
203416_185182,1
203419_246966,1
203419_121824,1
203419_249919,1
203419_22370,1
203419_240300,0
203419_149762,0
203422_267135,1
203422_162550,1
203422_125383,0
203422_7827,1
203422_122621,0
203422_184959,0
203424_140019,0
203424_77834,0
203424_151892,1
203424_85147,0
203424_295799,1
203424_95933,1
203425_138863,1
203425_190099,0
203425_175560,1
203425_13734,1
203425_195519,0
203425_60645,1
203426_32153,0
203426_41758,0
203426_61145,0
203426_202074,0
203426_202503,0
203426_84780,0
203427_121135,1
203427_130153,0
203427_74464,0
203427_166340,0
203427_201678,1
203427_52641,1
203428_269910,0
203428_254778,0
203428_53306,1
203428_243020,0
203428_256797,1
203428_193596,1
203431_249437,1
203431_48874,1
203431_204836,1
203431_104085,1
203431_92147,1
203431_98450,1
203444_116728,0
203444_89743,1
203444_95829,1
203444_242650,1
203444_69435,0
203444_88589,0
203448_208748,1
203448_281532,0
203448_96446,1
203448_155530,1
203448_52495,1
203448_212561,0
203450_266551,1
203450_70390,0
203450_228892,1
203450_209181,1
203450_148181,1
203450_122681,0
203451_59346,1
203451_162728,0
203451_281564,1
203451_115506,0
203451_173506,1
203451_141548,0
203453_190549,0
203453_261205,0
203453_47136,1
203453_75999,0
203453_157639,0
203453_26762,0
203454_268572,1
203454_69262,0
203454_230339,0
203454_5056,0
203454_110391,1
203454_279943,1
203455_294196,0
203455_230358,1
203455_150669,0
203455_20754,1
203455_295546,1
203455_252262,1
203458_4669,1
203458_233607,1
203458_169269,0
203458_283354,1
203458_22728,1
203458_261123,1
203460_72875,1
203460_227711,1
203460_107093,0
203460_238633,1
203460_10080,0
203460_12065,1
203462_169630,0
203462_288689,1
203462_130741,1
203462_219216,1
203462_187120,1
203462_86732,1
203464_88551,0
203464_75697,0
203464_35811,0
203464_247925,1
203464_155703,0
203464_219955,0
203470_111631,1
203470_264093,0
203470_136415,0
203470_120519,1
203470_93707,1
203470_108675,1
203475_115345,0
203475_94703,1
203475_250601,0
203475_149971,1
203475_14162,0
203475_131633,0
203476_218525,1
203476_171755,0
203476_111631,1
203476_57092,1
203476_253231,1
203476_55598,1
203477_121370,0
203477_118165,0
203477_70296,0
203477_2924,0
203477_45150,0
203477_70569,0
203482_61917,1
203482_53961,0
203482_277566,0
203482_213833,1
203482_72920,1
203482_235493,1
203483_78532,0
203483_168457,0
203483_125944,0
203483_26441,0
203483_214452,0
203483_267307,0
203484_97320,1
203484_2771,0
203484_45295,1
203484_247227,0
203484_45549,1
203484_283378,1
203491_258686,1
203491_715,0
203491_273400,1
203491_279752,0
203491_40978,1
203491_210352,0
203492_273807,1
203492_29228,0
203492_144810,0
203492_5234,1
203492_229567,1
203492_35065,0
203494_289,1
203494_261695,1
203494_148712,1
203494_284720,1
203494_212587,1
203494_241201,0
203497_12756,1
203497_30981,1
203497_29745,1
203497_123815,1
203497_152941,1
203497_38749,1
203499_109544,1
203499_284781,0
203499_265065,1
203499_17436,1
203499_94777,0
203499_235689,1
203501_264790,0
203501_222928,0
203501_256132,1
203501_72282,0
203501_172420,1
203501_124804,0
203508_18565,1
203508_138954,1
203508_125856,1
203508_135181,0
203508_221486,0
203508_238705,0
203510_221371,1
203510_83385,0
203510_12647,1
203510_8379,1
203510_14343,0
203510_60913,1
203512_295960,0
203512_20968,1
203512_57640,1
203512_30902,1
203512_242292,1
203512_10679,1
203513_20427,1
203513_33778,0
203513_292039,1
203513_92711,1
203513_101804,0
203513_214036,1
203515_270373,1
203515_100831,1
203515_241413,1
203515_59512,0
203515_27323,0
203515_77834,1
203516_38015,1
203516_179993,1
203516_122589,1
203516_232322,1
203516_147450,0
203516_71875,0
203522_113233,1
203522_256132,0
203522_8926,0
203522_105779,1
203522_6079,1
203522_258438,1
203525_138243,1
203525_154062,1
203525_86550,0
203525_206870,0
203525_257816,1
203525_62952,0
203527_115973,0
203527_268388,1
203527_158219,0
203527_52227,0
203527_133906,1
203527_1139,1
203530_51667,1
203530_27420,0
203530_167314,0
203530_283015,1
203530_59071,0
203530_264551,1
203531_196867,1
203531_236493,1
203531_22655,0
203531_209273,0
203531_218956,0
203531_88599,1
203538_107606,0
203538_140019,1
203538_236653,0
203538_205370,1
203538_249753,1
203538_250281,0
203539_33669,0
203539_89156,1
203539_112508,0
203539_138596,0
203539_254251,0
203539_212413,0
203542_52853,1
203542_186500,1
203542_254479,1
203542_161595,1
203542_18633,1
203542_100709,1
203543_210990,1
203543_213129,0
203543_43391,1
203543_228961,1
203543_88313,0
203543_130547,1
203547_267717,0
203547_150719,1
203547_210830,0
203547_280411,0
203547_73312,0
203547_287390,1
203548_210738,1
203548_257482,1
203548_49233,1
203548_202329,0
203548_64497,1
203548_245883,1
203549_38502,1
203549_204679,0
203549_123878,1
203549_262193,0
203549_210564,0
203549_272503,0
203550_16374,1
203550_63199,1
203550_250855,0
203550_260145,0
203550_213607,1
203550_154362,0
203552_34940,1
203552_2213,0
203552_55079,1
203552_236963,1
203552_106948,1
203552_159695,1
203553_228598,1
203553_193651,0
203553_54378,0
203553_117529,1
203553_138122,0
203553_31116,1
203556_195923,0
203556_95312,0
203556_126493,0
203556_60408,0
203556_162830,0
203556_201817,1
203557_46889,0
203557_29653,0
203557_111183,1
203557_48386,1
203557_223542,1
203557_267796,0
203561_203604,1
203561_60627,1
203561_259274,1
203561_118170,1
203561_134460,1
203561_101124,1
203563_6686,0
203563_291926,0
203563_125718,0
203563_223368,1
203563_218868,1
203563_86964,1
203566_128649,1
203566_103319,0
203566_75061,0
203566_149632,0
203566_291552,0
203566_264767,1
203568_118162,0
203568_286826,1
203568_133341,1
203568_47788,0
203568_17400,0
203568_142066,1
203573_184644,1
203573_226133,1
203573_124387,1
203573_258795,1
203573_87751,0
203573_126581,0
203574_186266,0
203574_239930,0
203574_208284,0
203574_28745,0
203574_253265,1
203574_235319,0
203575_214632,1
203575_203438,0
203575_202953,1
203575_132003,0
203575_256949,1
203575_165413,0
203577_201675,1
203577_159278,1
203577_63164,0
203577_78732,1
203577_15059,1
203577_213443,0
203578_126448,1
203578_12345,0
203578_159052,1
203578_108780,0
203578_3498,1
203578_65451,0
203579_253486,1
203579_117529,1
203579_176236,1
203579_19236,1
203579_128892,1
203579_175250,1
203580_41532,1
203580_282493,0
203580_38160,1
203580_100183,0
203580_133617,1
203580_283327,1
203581_124089,1
203581_154010,1
203581_130344,1
203581_192250,1
203581_165136,0
203581_67081,1
203586_88612,0
203586_247853,1
203586_114730,1
203586_220657,0
203586_249919,1
203586_92770,0
203588_85388,0
203588_252612,0
203588_284320,0
203588_31066,0
203588_219225,0
203588_14203,0
203589_44539,1
203589_49653,0
203589_286054,1
203589_234047,0
203589_124091,0
203589_279927,1
203597_64002,0
203597_144480,1
203597_49434,0
203597_158436,0
203597_124646,0
203597_237564,0
203605_26097,1
203605_249611,1
203605_72227,1
203605_234432,1
203605_130698,1
203605_72875,1
203606_26012,0
203606_44622,0
203606_238389,1
203606_225847,1
203606_99344,1
203606_15759,1
203608_59826,0
203608_110764,0
203608_133701,0
203608_212347,0
203608_278709,0
203608_157697,0
203609_23822,1
203609_213072,1
203609_64617,0
203609_73043,1
203609_105450,1
203609_22560,1
203612_34989,1
203612_92759,0
203612_106179,0
203612_246219,1
203612_21280,1
203612_40258,0
203613_64402,1
203613_63737,1
203613_293717,1
203613_183711,1
203613_145108,0
203613_178108,1
203614_125802,0
203614_227205,0
203614_179533,0
203614_110928,0
203614_70788,0
203614_29189,0
203617_124227,0
203617_196233,0
203617_137780,1
203617_273164,1
203617_24216,1
203617_205370,1
203619_134431,1
203619_133594,1
203619_191147,1
203619_237331,1
203619_239276,0
203619_242201,0
203621_167873,1
203621_121908,0
203621_149464,1
203621_252399,1
203621_94497,0
203621_101871,0
203628_113179,1
203628_160928,0
203628_39966,1
203628_61778,1
203628_151321,1
203628_288689,1
203629_246261,0
203629_42596,0
203629_278907,1
203629_241727,1
203629_21782,0
203629_204424,1
203630_291450,1
203630_94705,1
203630_105524,1
203630_188201,1
203630_193003,0
203630_22158,1
203633_10016,1
203633_39766,0
203633_109544,1
203633_49270,0
203633_21576,1
203633_125958,1
203634_220488,1
203634_168365,1
203634_269070,0
203634_51826,1
203634_175274,1
203634_40595,0
203636_38700,0
203636_108161,0
203636_141089,0
203636_70469,0
203636_78147,0
203636_21392,0
203637_167328,1
203637_191202,1
203637_41254,1
203637_108678,1
203637_47394,1
203637_151109,1
203638_72261,1
203638_171303,1
203638_128747,1
203638_234742,1
203638_185423,1
203638_30525,0
203640_224525,0
203640_182869,1
203640_70997,0
203640_46679,1
203640_48891,1
203640_93769,0
203641_23646,1
203641_130023,1
203641_96378,1
203641_144357,1
203641_200220,1
203641_115183,0
203645_186298,1
203645_34503,1
203645_180381,1
203645_215325,1
203645_160321,1
203645_46063,1
203646_188255,1
203646_53910,1
203646_29189,1
203646_181198,0
203646_149832,1
203646_76295,1
203649_271560,1
203649_270308,1
203649_50689,1
203649_78766,0
203649_38122,1
203649_2872,1
203653_264668,1
203653_198095,0
203653_234884,1
203653_208656,1
203653_153353,0
203653_250816,1
203657_236066,1
203657_71054,1
203657_261507,1
203657_88839,1
203657_14678,0
203657_39046,1
203658_35391,1
203658_40736,0
203658_47896,0
203658_228598,1
203658_210126,0
203658_255048,1
203659_98516,0
203659_282530,1
203659_259785,1
203659_248745,1
203659_210778,0
203659_29988,1
203663_119126,1
203663_159936,1
203663_227005,0
203663_198197,1
203663_70177,1
203663_183169,0
203665_133594,1
203665_177230,1
203665_208113,0
203665_282338,0
203665_51122,1
203665_117054,1
203668_122251,0
203668_84944,0
203668_58680,0
203668_196646,0
203668_86633,0
203668_123622,0
203669_274660,0
203669_95924,1
203669_234728,1
203669_271100,1
203669_263438,0
203669_55077,0
203670_222463,0
203670_40258,0
203670_283265,0
203670_171374,0
203670_196860,0
203670_8669,1
203671_189634,0
203671_107145,0
203671_35530,0
203671_211845,0
203671_108776,0
203671_85663,1
203673_151926,1
203673_95924,1
203673_126082,1
203673_160674,1
203673_37154,1
203673_84045,1
203675_76841,1
203675_86258,0
203675_149725,1
203675_281242,1
203675_11827,1
203675_62276,0
203678_92112,1
203678_156529,0
203678_231146,0
203678_135169,1
203678_134456,0
203678_110494,1
203679_293543,0
203679_134819,0
203679_118536,1
203679_267359,1
203679_237493,0
203679_276561,1
203681_38884,1
203681_128732,1
203681_26578,0
203681_180650,0
203681_199240,0
203681_126992,1
203682_146569,1
203682_26085,0
203682_190788,1
203682_13258,1
203682_81075,0
203682_214822,0
203683_265027,1
203683_16529,0
203683_269483,0
203683_239473,1
203683_104630,0
203683_136234,0
203684_160651,0
203684_165044,1
203684_236961,0
203684_189657,0
203684_129497,1
203684_274209,1
203689_55221,1
203689_60401,1
203689_201216,1
203689_295242,1
203689_188137,1
203689_123220,1
203692_54807,1
203692_42724,1
203692_71544,1
203692_81537,1
203692_184835,1
203692_6585,1
203697_17970,1
203697_84668,0
203697_115731,0
203697_210849,0
203697_281002,1
203697_113522,1
203703_291128,1
203703_101806,0
203703_131564,1
203703_54690,1
203703_273201,1
203703_235689,1
203705_159576,1
203705_208525,0
203705_108966,1
203705_114282,1
203705_187071,1
203705_57625,1
203708_5844,1
203708_52120,1
203708_39925,1
203708_187314,1
203708_188639,1
203708_124387,1
203710_51430,1
203710_133701,1
203710_112965,1
203710_7183,1
203710_48781,1
203710_248870,1
203714_111092,0
203714_4101,0
203714_70637,0
203714_263069,0
203714_117315,0
203714_1737,0
203721_151503,0
203721_95619,1
203721_157420,1
203721_185584,0
203721_273613,1
203721_150048,1
203722_237990,1
203722_46676,1
203722_123607,1
203722_118932,0
203722_74913,1
203722_251349,1
203723_51965,1
203723_263321,1
203723_42331,1
203723_295965,1
203723_61827,1
203723_293310,1
203727_1438,1
203727_97639,1
203727_249464,0
203727_90947,1
203727_92557,1
203727_281497,0
203729_172614,0
203729_187923,1
203729_20747,1
203729_3569,1
203729_283022,1
203729_220478,1
203730_146263,1
203730_42024,0
203730_259316,0
203730_64051,0
203730_201216,1
203730_210795,0
203731_157808,0
203731_145627,0
203731_259942,1
203731_196140,1
203731_63542,1
203731_33195,1
203732_13816,1
203732_253134,1
203732_70306,1
203732_31909,1
203732_268580,1
203732_69315,0
203735_128370,1
203735_53839,1
203735_110764,1
203735_102452,1
203735_229744,0
203735_215325,1
203737_127473,1
203737_664,0
203737_259375,0
203737_260780,0
203737_165376,1
203737_175211,1
203740_263692,0
203740_151350,1
203740_31487,0
203740_278734,0
203740_212524,1
203740_249301,1
203741_295003,0
203741_92064,1
203741_46675,0
203741_136575,0
203741_93396,0
203741_193475,1
203742_247229,0
203742_255446,1
203742_218586,0
203742_259824,1
203742_112107,0
203742_148314,1
203749_59720,0
203749_16605,0
203749_83057,1
203749_198112,1
203749_26716,0
203749_2611,0
203752_108365,1
203752_164117,0
203752_180434,0
203752_132263,0
203752_25148,0
203752_20507,0
203756_1353,0
203756_97367,0
203756_281505,0
203756_200803,1
203756_56334,1
203756_140334,1
203758_74650,1
203758_28240,1
203758_46269,1
203758_198231,0
203758_236250,1
203758_272223,1
203764_55958,0
203764_85427,0
203764_133421,1
203764_22943,0
203764_149786,1
203764_163627,0
203765_121931,1
203765_181543,1
203765_21509,1
203765_124466,1
203765_22143,0
203765_117529,1
203768_101871,1
203768_121776,1
203768_183743,1
203768_175800,1
203768_292863,1
203768_95704,1
203770_1656,0
203770_32841,0
203770_160394,0
203770_110742,0
203770_219934,1
203770_243182,1
203771_187847,1
203771_271466,1
203771_10133,1
203771_149786,1
203771_66360,0
203771_245333,0
203772_268787,1
203772_146003,1
203772_61949,1
203772_288329,1
203772_167345,1
203772_138131,1
203774_189630,0
203774_28312,0
203774_8794,0
203774_174591,0
203774_91749,0
203774_287949,1
203775_144100,0
203775_147121,1
203775_37899,0
203775_138963,0
203775_423,1
203775_264668,0
203780_6354,0
203780_284285,0
203780_125702,1
203780_163090,0
203780_88041,0
203780_240535,1
203786_225329,1
203786_167292,1
203786_152798,1
203786_139135,1
203786_178133,1
203786_54217,1
203789_180229,0
203789_197195,0
203789_1974,0
203789_185112,0
203789_68960,0
203789_111718,0
203790_270719,1
203790_271460,1
203790_76960,1
203790_162749,1
203790_10628,1
203790_258270,1
203796_228892,0
203796_88839,0
203796_74096,0
203796_170809,0
203796_192045,0
203796_49158,0
203797_63628,1
203797_184252,0
203797_127217,0
203797_119394,1
203797_68416,0
203797_266210,0
203801_92064,1
203801_231332,1
203801_208526,0
203801_276983,1
203801_252250,1
203801_177605,0
203804_77805,1
203804_61999,1
203804_3197,0
203804_179800,1
203804_202483,1
203804_221486,0
203808_180408,1
203808_266465,1
203808_138087,1
203808_182097,1
203808_104207,1
203808_175211,0
203812_9823,0
203812_124461,0
203812_190255,1
203812_218284,1
203812_131352,1
203812_133110,0
203815_61298,0
203815_49634,1
203815_246582,0
203815_141921,0
203815_278243,1
203815_8980,1
203824_43533,0
203824_152797,1
203824_133701,1
203824_187491,1
203824_288430,1
203824_210227,1
203830_257687,0
203830_158098,1
203830_246966,1
203830_110099,1
203830_164543,1
203830_7596,1
203833_255446,0
203833_231282,0
203833_170884,1
203833_44383,0
203833_243303,0
203833_33807,1
203839_70188,1
203839_181948,1
203839_290819,1
203839_241491,1
203839_73015,0
203839_81075,0
203841_64884,0
203841_148574,1
203841_226439,0
203841_70100,1
203841_86106,0
203841_34998,0
203845_168755,0
203845_273919,1
203845_228224,0
203845_3109,1
203845_295380,1
203845_133421,0
203847_105649,0
203847_68319,1
203847_96617,1
203847_290018,0
203847_84910,1
203847_137348,1
203848_125822,1
203848_66265,0
203848_278258,1
203848_132689,1
203848_63002,0
203848_185828,1
203852_246521,1
203852_36641,0
203852_246583,0
203852_268810,0
203852_245841,0
203852_172876,1
203855_11786,1
203855_39340,0
203855_71059,0
203855_212849,1
203855_157469,1
203855_29309,1
203857_273394,1
203857_169125,1
203857_48501,1
203857_142770,1
203857_8669,1
203857_62892,0
203860_82113,1
203860_164212,1
203860_17658,1
203860_170214,1
203860_102769,0
203860_236543,0
203865_263727,1
203865_106183,1
203865_125944,1
203865_122862,1
203865_171106,1
203865_219973,1
203866_131585,1
203866_288566,1
203866_135278,0
203866_74622,1
203866_98748,1
203866_277957,0
203867_57671,0
203867_257340,1
203867_208698,1
203867_103841,1
203867_81364,1
203867_162429,0
203868_137648,0
203868_166743,1
203868_72842,1
203868_98681,1
203868_209367,1
203868_213984,0
203870_129095,1
203870_58794,0
203870_50164,0
203870_224337,1
203870_77834,1
203870_133302,0
203875_176916,1
203875_48263,1
203875_72786,0
203875_38354,1
203875_270499,1
203875_87277,1
203877_20460,1
203877_54219,1
203877_105033,1
203877_94498,0
203877_57625,1
203877_113398,0
203878_223238,1
203878_94390,1
203878_215312,1
203878_292590,0
203878_238296,0
203878_214897,1
203879_208733,1
203879_252363,1
203879_116,0
203879_122903,1
203879_133372,1
203879_141772,0
203882_63298,1
203882_123546,0
203882_22033,1
203882_235654,1
203882_15839,0
203882_16590,0
203885_72387,0
203885_216855,0
203885_193558,0
203885_160830,0
203885_252799,0
203885_62532,0
203887_244768,1
203887_157708,0
203887_1198,0
203887_157966,0
203887_125485,1
203887_14811,1
203888_118268,1
203888_181646,1
203888_84512,1
203888_66741,1
203888_213693,1
203888_94276,1
203890_157104,0
203890_246494,0
203890_156730,0
203890_182627,0
203890_51133,0
203890_259286,0
203900_279253,0
203900_128747,0
203900_81602,0
203900_147441,0
203900_130563,0
203900_148821,0
203901_57610,0
203901_42557,0
203901_163477,1
203901_173257,0
203901_72969,0
203901_238498,1
203904_21548,0
203904_290923,0
203904_42331,1
203904_244732,1
203904_232763,1
203904_93324,0
203908_26233,1
203908_270907,1
203908_278986,0
203908_22124,1
203908_93011,1
203908_138056,1
203910_86171,1
203910_61539,1
203910_261850,1
203910_230677,1
203910_260780,1
203910_230333,0
203912_255170,0
203912_177395,0
203912_231629,0
203912_209562,0
203912_179641,1
203912_271252,0
203913_257140,0
203913_212735,0
203913_239307,0
203913_64561,0
203913_138471,1
203913_187291,0
203914_58100,0
203914_279383,0
203914_186115,1
203914_288154,1
203914_134431,1
203914_88999,0
203923_142723,0
203923_165376,1
203923_206876,0
203923_113464,1
203923_107923,1
203923_85596,1
203925_162260,0
203925_30466,0
203925_230861,0
203925_140971,0
203925_180371,0
203925_289590,0
203928_51462,1
203928_283469,1
203928_54350,0
203928_154493,1
203928_202871,0
203928_87478,1
203929_245941,0
203929_240492,1
203929_190852,1
203929_26159,1
203929_23822,1
203929_85428,1
203930_195923,1
203930_218174,1
203930_295565,1
203930_219793,1
203930_293353,0
203930_20406,1
203933_67487,0
203933_70788,1
203933_187564,1
203933_86976,1
203933_244494,1
203933_43003,1
203934_101780,1
203934_280485,1
203934_17112,1
203934_86170,1
203934_246026,1
203934_281142,0
203938_183310,0
203938_287723,0
203938_250273,0
203938_114154,0
203938_21593,0
203938_177597,0
203940_155855,0
203940_225207,1
203940_212561,0
203940_105403,0
203940_216510,0
203940_53778,0
203942_267221,1
203942_58362,1
203942_247096,1
203942_46405,0
203942_116987,1
203942_64470,1
203946_229894,1
203946_28597,0
203946_256229,1
203946_210733,0
203946_162334,1
203946_254195,0
203947_203074,0
203947_94829,0
203947_172876,0
203947_85674,0
203947_274334,1
203947_255188,1
203952_71402,1
203952_21911,1
203952_295703,1
203952_206044,1
203952_72192,1
203952_262191,0
203953_200438,0
203953_255328,0
203953_238417,1
203953_150766,1
203953_87090,1
203953_178151,0
203956_268110,0
203956_269539,0
203956_100621,1
203956_42369,0
203956_292124,0
203956_133906,1
203960_175372,1
203960_164274,1
203960_47401,1
203960_42592,1
203960_72548,1
203960_160489,1
203961_286388,0
203961_284249,0
203961_73557,0
203961_113233,1
203961_18784,0
203961_143892,0
203966_95724,1
203966_215325,0
203966_135799,1
203966_277997,1
203966_210701,1
203966_151458,1
203967_158602,1
203967_253679,0
203967_23104,1
203967_271172,1
203967_100216,0
203967_101027,0
203971_165544,0
203971_199331,0
203971_268993,0
203971_105044,1
203971_186266,0
203971_275202,0
203972_278459,1
203972_2647,0
203972_33827,1
203972_153015,0
203972_67583,0
203972_80751,1
203974_34860,1
203974_221221,1
203974_207081,1
203974_200728,0
203974_66800,0
203974_188660,0
203976_71766,0
203976_127822,1
203976_109399,1
203976_196733,1
203976_265026,1
203976_5030,1
203979_156545,0
203979_117728,1
203979_293921,0
203979_10406,1
203979_191201,0
203979_160505,0
203981_44782,0
203981_262038,0
203981_76006,1
203981_61827,0
203981_271627,1
203981_208971,0
203983_253265,0
203983_212331,1
203983_222628,0
203983_275232,0
203983_250273,0
203983_274887,0
203984_26964,1
203984_254626,0
203984_35591,1
203984_93321,0
203984_165413,0
203984_241554,1
203986_203124,1
203986_96482,1
203986_83160,0
203986_156158,0
203986_233902,1
203986_277969,0
203987_105582,0
203987_215466,0
203987_186683,1
203987_77524,1
203987_90967,0
203987_74322,1
203989_259857,1
203989_290021,1
203989_146231,1
203989_162749,1
203989_110317,1
203989_194388,1
203994_51525,1
203994_15715,0
203994_221486,0
203994_14707,0
203994_973,1
203994_156942,1
204000_287949,0
204000_150859,0
204000_7796,0
204000_85942,0
204000_218234,0
204000_116022,0
204001_104463,1
204001_60048,0
204001_233790,1
204001_248122,1
204001_175800,1
204001_94060,1
204002_146459,1
204002_257969,1
204002_70179,0
204002_92030,0
204002_183230,0
204002_272030,1
204010_29894,1
204010_198112,0
204010_20968,0
204010_262921,1
204010_34084,1
204010_220428,1
204011_98915,1
204011_243895,1
204011_191995,1
204011_47136,0
204011_152820,0
204011_82265,0
204013_197399,1
204013_150712,1
204013_151301,0
204013_144357,1
204013_269998,0
204013_254496,1
204014_103546,1
204014_201267,0
204014_211845,0
204014_150618,0
204014_91276,0
204014_20091,0
204015_185036,1
204015_272464,1
204015_242162,1
204015_148821,1
204015_207148,1
204015_220633,0
204016_256907,1
204016_245372,1
204016_291974,0
204016_69797,1
204016_268603,0
204016_204340,0
204017_100900,1
204017_2073,1
204017_241288,1
204017_281804,1
204017_50586,0
204017_79920,1
204019_164522,0
204019_216343,1
204019_196449,1
204019_256132,1
204019_158483,1
204019_9373,1
204026_22940,1
204026_236466,0
204026_94007,1
204026_288329,1
204026_42033,0
204026_283018,1
204028_117734,0
204028_253344,1
204028_281079,1
204028_29894,1
204028_240121,1
204028_113437,1
204029_64364,0
204029_3018,1
204029_5960,1
204029_238016,0
204029_50360,1
204029_206241,0
204030_287001,1
204030_138742,0
204030_154413,1
204030_281423,1
204030_54626,0
204030_162429,0
204031_3837,0
204031_164925,1
204031_182581,0
204031_85999,1
204031_65831,0
204031_101359,1
204033_61826,0
204033_28633,0
204033_85242,1
204033_283607,0
204033_102270,1
204033_44416,0
204035_254494,1
204035_143363,1
204035_246913,1
204035_292510,1
204035_194512,1
204035_244081,1
204038_46362,0
204038_153740,0
204038_183138,0
204038_68647,1
204038_125944,0
204038_34407,1
204041_204883,1
204041_119294,1
204041_1657,1
204041_242681,1
204041_141772,1
204041_224388,0
204045_185650,0
204045_262854,0
204045_73945,0
204045_290787,1
204045_282216,0
204045_57119,0
204046_100398,1
204046_261372,0
204046_272272,0
204046_228745,0
204046_24463,0
204046_124492,0
204049_37667,0
204049_140602,1
204049_225257,0
204049_24235,1
204049_59548,0
204049_210682,1
204050_237727,1
204050_19207,1
204050_63975,1
204050_18526,1
204050_106256,1
204050_99054,1
204053_218337,1
204053_105251,1
204053_237718,1
204053_153923,1
204053_205122,1
204053_169293,1
204054_151042,1
204054_261797,1
204054_70268,1
204054_19178,1
204054_292446,1
204054_214767,0
204055_154016,1
204055_136610,1
204055_260780,1
204055_35663,1
204055_101780,1
204055_118521,0
204060_172006,0
204060_126615,1
204060_86457,1
204060_231333,1
204060_288807,1
204060_187940,0
204063_68676,1
204063_92843,0
204063_82454,0
204063_1047,1
204063_289497,1
204063_116092,1
204064_97717,1
204064_82336,1
204064_157129,0
204064_106381,0
204064_269124,0
204064_2593,1
204068_60913,1
204068_7669,1
204068_108780,1
204068_265407,0
204068_72875,1
204068_241941,0
204070_257937,1
204070_42688,1
204070_122086,1
204070_190099,1
204070_233747,0
204070_50106,0
204072_203676,0
204072_89367,0
204072_89892,0
204072_41254,1
204072_201191,0
204072_191284,1
204073_58296,1
204073_179993,1
204073_45657,1
204073_2571,1
204073_241981,1
204073_210352,1
204077_68040,0
204077_12095,1
204077_167115,1
204077_67508,0
204077_225026,1
204077_289111,1
204078_266465,0
204078_52617,0
204078_31300,0
204078_66741,0
204078_5888,0
204078_9636,0
204084_112017,1
204084_28872,1
204084_80864,1
204084_123010,1
204084_87090,0
204084_34503,1
204085_23883,1
204085_272351,0
204085_188781,1
204085_128579,1
204085_280431,0
204085_113989,1
204086_133701,0
204086_160396,1
204086_219380,0
204086_260905,1
204086_128732,1
204086_271794,0
204091_77246,1
204091_234552,0
204091_38570,0
204091_33344,1
204091_119294,0
204091_69821,1
204093_113357,1
204093_70306,0
204093_136275,1
204093_27345,1
204093_264787,0
204093_249649,1
204095_23545,0
204095_152652,0
204095_12821,0
204095_285012,0
204095_56869,0
204095_220131,1
204097_169707,1
204097_193119,1
204097_170207,1
204097_26734,1
204097_87512,0
204097_275482,1
204099_198743,1
204099_158907,1
204099_160862,1
204099_207071,0
204099_8229,1
204099_239570,1
204101_221248,1
204101_150191,1
204101_131179,1
204101_285162,1
204101_178659,1
204101_165847,1
204105_224795,1
204105_15951,0
204105_120563,1
204105_264362,1
204105_69262,1
204105_268659,1
204109_204859,1
204109_218868,0
204109_196733,0
204109_93175,1
204109_270929,0
204109_253373,1
204111_288029,0
204111_280978,1
204111_96659,1
204111_207449,1
204111_271172,1
204111_287423,0
204112_279943,1
204112_94303,1
204112_118285,1
204112_15573,1
204112_244732,1
204112_171077,1
204114_188126,1
204114_162334,1
204114_96377,0
204114_81704,0
204114_167265,1
204114_229916,1
204119_253533,1
204119_29079,0
204119_264152,1
204119_170773,1
204119_162967,1
204119_149377,1
204126_134837,1
204126_277867,1
204126_60913,1
204126_245712,0
204126_2924,1
204126_47209,0
204141_116779,0
204141_58361,1
204141_152518,1
204141_201673,1
204141_233466,0
204141_144499,1
204142_90775,1
204142_269065,1
204142_189307,1
204142_53711,0
204142_150772,0
204142_267643,1
204150_163286,1
204150_290591,1
204150_218145,0
204150_165136,0
204150_279621,1
204150_193877,0
204151_75113,1
204151_71455,0
204151_14123,1
204151_291071,0
204151_4626,0
204151_181292,1
204160_83157,0
204160_16916,1
204160_197914,0
204160_14070,1
204160_31436,1
204160_225974,1
204161_148151,1
204161_29784,1
204161_86017,0
204161_97458,1
204161_134225,1
204161_14995,0
204162_227368,0
204162_193774,0
204162_23629,1
204162_265129,1
204162_260905,1
204162_61829,0
204163_249718,1
204163_249798,1
204163_116992,1
204163_72334,1
204163_31303,1
204163_268554,0
204164_258527,0
204164_54093,1
204164_113179,1
204164_184807,1
204164_238342,1
204164_220073,1
204166_244608,1
204166_176178,1
204166_223034,1
204166_6972,1
204166_115757,1
204166_43031,1
204167_200574,0
204167_48450,1
204167_204853,0
204167_229555,1
204167_271812,0
204167_218715,1
204168_81075,0
204168_51234,1
204168_72875,1
204168_110067,0
204168_118642,1
204168_239516,1
204169_64461,1
204169_154323,0
204169_180461,1
204169_279226,1
204169_157372,1
204169_109937,1
204170_244774,1
204170_6079,1
204170_50334,1
204170_139770,0
204170_240854,1
204170_274583,1
204171_245646,0
204171_164398,1
204171_98681,1
204171_209075,1
204171_10133,1
204171_78355,1
204174_90184,1
204174_112727,1
204174_128616,1
204174_96781,1
204174_208656,1
204174_295315,1
204175_33574,0
204175_10206,0
204175_213280,0
204175_164812,0
204175_2397,0
204175_120246,0
204177_177642,1
204177_72375,1
204177_280920,0
204177_101586,1
204177_12277,0
204177_13543,0
204178_170180,1
204178_188352,0
204178_31487,1
204178_103393,1
204178_29228,1
204178_267135,1
204181_285658,1
204181_206895,1
204181_77007,1
204181_209637,1
204181_18392,1
204181_184364,1
204182_127695,0
204182_210701,1
204182_86183,1
204182_36514,1
204182_46756,1
204182_245285,1
204186_183156,1
204186_132800,1
204186_60780,1
204186_35854,0
204186_174788,1
204186_53302,0
204187_212917,0
204187_246593,1
204187_138773,1
204187_144511,1
204187_255065,1
204187_179555,1
204189_15252,0
204189_134017,1
204189_233551,0
204189_174323,1
204189_113171,1
204189_220669,0
204198_288338,0
204198_116186,1
204198_161255,1
204198_152033,1
204198_76255,0
204198_89658,1
204199_268057,0
204199_243340,0
204199_128217,1
204199_132656,1
204199_167873,1
204199_67625,0
204204_48874,1
204204_56544,1
204204_73161,1
204204_10587,0
204204_149126,0
204204_199796,1
204206_35669,0
204206_173390,1
204206_155161,0
204206_186400,0
204206_240451,1
204206_204859,1
204207_27668,0
204207_284284,1
204207_221902,0
204207_263727,1
204207_54734,1
204207_281844,0
204208_192564,0
204208_57529,0
204208_62906,0
204208_231891,0
204208_180127,0
204208_294233,0
204209_256132,1
204209_159976,1
204209_113017,1
204209_228775,1
204209_203813,0
204209_244371,1
204222_195539,0
204222_123232,1
204222_147573,1
204222_140602,0
204222_188408,1
204222_276782,1
204223_106094,1
204223_276418,1
204223_79670,1
204223_147920,1
204223_145626,1
204223_1447,0
204224_265337,1
204224_59985,1
204224_25410,1
204224_156457,1
204224_283757,1
204224_295625,0
204225_61826,0
204225_124845,0
204225_256179,1
204225_265573,1
204225_230910,1
204225_12020,0
204229_45050,1
204229_74476,0
204229_79131,0
204229_162063,1
204229_58837,0
204229_235584,1
204230_107960,1
204230_45997,1
204230_260905,1
204230_29186,1
204230_296098,0
204230_292863,1
204233_76394,1
204233_41733,1
204233_263937,1
204233_127348,1
204233_77321,1
204233_56211,1
204236_53465,0
204236_163495,0
204236_255048,0
204236_21392,0
204236_138863,1
204236_207401,1
204237_101586,0
204237_23755,1
204237_133601,1
204237_112944,1
204237_92516,1
204237_24050,1
204243_132800,1
204243_190862,0
204243_181316,0
204243_140847,1
204243_21297,0
204243_164753,1
204244_16238,0
204244_15649,0
204244_215927,0
204244_52368,0
204244_236960,0
204244_166911,0
204246_70744,1
204246_210793,0
204246_175884,1
204246_193774,1
204246_252444,1
204246_16300,0
204248_5086,1
204248_164981,0
204248_232078,1
204248_2538,1
204248_19696,1
204248_126210,0
204254_46509,0
204254_163853,0
204254_248356,1
204254_138794,0
204254_281636,1
204254_113219,1
204255_264416,1
204255_95068,1
204255_137432,0
204255_235387,1
204255_257573,1
204255_251043,1
204263_21858,1
204263_175812,0
204263_144530,0
204263_162740,0
204263_22940,0
204263_117482,0
204266_110738,1
204266_37463,1
204266_224601,1
204266_257949,1
204266_129467,0
204266_275559,1
204267_147044,1
204267_219959,1
204267_62265,1
204267_271783,1
204267_66702,0
204267_88453,1
204268_275729,1
204268_114634,1
204268_47785,1
204268_52046,1
204268_38990,1
204268_255089,1
204269_122139,1
204269_200317,0
204269_173538,1
204269_8809,1
204269_96336,1
204269_73557,1
204270_28473,0
204270_59719,1
204270_15629,1
204270_28790,1
204270_2924,1
204270_156078,1
204271_108161,1
204271_233929,0
204271_270515,1
204271_284781,0
204271_154274,0
204271_159757,1
204272_104542,1
204272_87851,1
204272_123087,1
204272_116413,1
204272_34397,0
204272_118642,1
204275_199099,1
204275_246990,1
204275_13287,1
204275_45712,0
204275_41814,1
204275_163063,1
204276_271163,0
204276_21657,0
204276_206878,0
204276_170260,0
204276_185252,0
204276_96407,0
204277_123323,0
204277_195944,1
204277_120536,1
204277_144551,1
204277_211836,1
204277_106321,1
204279_7596,1
204279_232059,0
204279_51216,1
204279_253665,0
204279_114620,1
204279_176639,1
204281_209370,0
204281_4659,0
204281_155463,1
204281_176273,0
204281_56334,0
204281_218525,0
204283_80916,0
204283_151247,1
204283_218867,1
204283_280697,1
204283_100767,1
204283_242840,1
204285_26532,1
204285_225174,1
204285_183996,1
204285_293376,1
204285_41733,1
204285_295703,1
204286_188908,0
204286_141772,1
204286_249778,1
204286_164737,1
204286_4445,0
204286_34084,1
204292_168182,0
204292_130023,1
204292_110855,0
204292_137780,1
204292_197465,1
204292_71826,0
204297_74714,0
204297_236867,1
204297_82700,1
204297_24263,1
204297_283814,1
204297_176099,1
204298_92770,0
204298_43845,0
204298_13622,0
204298_225510,1
204298_205438,1
204298_294871,1
204301_60175,1
204301_126166,1
204301_116741,0
204301_198927,0
204301_237679,0
204301_3939,1
204303_123232,0
204303_8229,0
204303_225174,0
204303_109794,0
204303_184587,0
204303_242915,0
204304_272739,0
204304_13641,1
204304_219726,0
204304_6173,1
204304_192889,0
204304_67081,1
204306_136624,0
204306_222809,1
204306_31711,0
204306_51675,0
204306_44705,0
204306_161539,0
204307_41044,0
204307_98851,1
204307_100088,1
204307_244037,1
204307_183138,0
204307_222572,0
204311_143363,0
204311_218868,0
204311_272553,0
204311_100659,0
204311_102349,0
204311_159637,0
204313_224931,1
204313_183711,1
204313_155837,0
204313_97397,1
204313_167889,0
204313_105061,0
204317_15336,1
204317_31300,1
204317_155861,1
204317_32861,1
204317_217877,1
204317_113137,1
204318_142715,1
204318_83057,1
204318_220929,1
204318_29189,0
204318_203116,0
204318_262257,1
204319_230810,0
204319_109020,1
204319_116382,1
204319_279219,0
204319_4070,0
204319_272223,1
204321_247494,1
204321_96631,1
204321_12476,1
204321_120535,1
204321_30807,1
204321_199786,1
204324_152518,1
204324_73524,0
204324_214172,1
204324_268935,0
204324_277751,1
204324_128292,0
204325_190068,0
204325_22124,0
204325_276467,0
204325_100142,0
204325_174920,0
204325_252021,0
204326_131109,1
204326_292983,1
204326_113135,1
204326_220428,1
204326_184817,1
204326_150772,0
204327_49793,1
204327_63528,1
204327_119997,0
204327_262617,1
204327_137128,1
204327_285432,0
204328_263857,1
204328_198043,0
204328_252127,1
204328_116312,1
204328_247253,1
204328_187371,0
204331_73524,1
204331_156207,1
204331_237575,1
204331_172811,0
204331_166608,1
204331_38168,1
204334_120563,0
204334_173982,0
204334_8665,1
204334_219811,0
204334_165708,1
204334_35414,0
204335_188925,0
204335_269998,0
204335_40055,0
204335_72875,0
204335_104370,0
204335_170556,1
204337_97701,1
204337_35927,1
204337_180533,1
204337_284316,0
204337_10944,1
204337_209343,1
204339_3864,0
204339_186399,1
204339_39969,1
204339_63625,1
204339_151722,1
204339_194256,0
204341_89795,1
204341_90547,0
204341_45900,1
204341_120563,1
204341_172426,0
204341_193318,1
204342_84020,1
204342_133594,1
204342_196639,1
204342_88078,1
204342_151735,0
204342_45613,1
204343_196807,0
204343_234236,1
204343_249638,1
204343_271100,1
204343_103247,0
204343_238633,1
204347_106591,1
204347_119892,1
204347_282572,1
204347_113135,1
204347_163570,1
204347_78704,1
204348_46796,0
204348_145437,0
204348_117436,1
204348_206026,1
204348_132105,0
204348_275809,1
204353_207422,0
204353_5718,0
204353_67328,0
204353_231243,1
204353_7698,1
204353_65110,0
204354_131564,1
204354_266209,1
204354_216947,0
204354_4352,0
204354_77246,1
204354_8045,1
204356_188589,0
204356_68746,0
204356_265328,0
204356_172006,0
204356_78174,0
204356_242681,0
204358_185584,0
204358_56962,0
204358_13495,1
204358_168785,1
204358_161620,0
204358_286863,1
204361_78910,1
204361_223583,0
204361_67995,0
204361_205329,1
204361_243020,0
204361_125958,1
204362_104207,1
204362_246587,1
204362_254382,0
204362_63542,1
204362_178370,1
204362_288455,0
204364_247070,0
204364_19157,0
204364_105117,1
204364_126928,0
204364_52572,0
204364_82803,1
204365_49697,0
204365_125418,0
204365_231891,1
204365_180708,0
204365_254008,0
204365_187705,0
204370_212675,1
204370_51234,1
204370_36324,0
204370_26076,0
204370_14193,0
204370_194221,1
204372_270503,0
204372_222691,1
204372_52853,1
204372_139312,0
204372_58443,1
204372_109899,0
204373_295159,1
204373_268906,1
204373_20482,1
204373_84264,0
204373_188676,1
204373_258339,0
204374_238336,0
204374_45900,0
204374_92575,1
204374_181708,0
204374_2538,1
204374_55909,0
204376_63216,1
204376_140677,1
204376_282791,1
204376_86217,0
204376_157784,0
204376_122096,1
204385_127841,1
204385_127547,0
204385_286803,1
204385_146933,1
204385_256424,1
204385_155463,1
204386_87428,1
204386_130023,1
204386_101954,1
204386_76902,1
204386_145350,1
204386_195535,0
204388_206458,0
204388_246923,1
204388_288539,1
204388_51235,0
204388_109069,0
204388_216514,0
204394_7845,1
204394_85596,1
204394_23417,0
204394_132365,1
204394_246992,0
204394_277360,0
204397_14754,0
204397_177654,1
204397_171830,1
204397_146446,1
204397_231419,1
204397_273489,1
204398_153790,1
204398_19052,1
204398_179298,0
204398_177824,0
204398_45343,0
204398_253685,0
204400_264152,0
204400_190898,1
204400_207440,0
204400_266685,0
204400_248131,0
204400_86038,1
204401_558,0
204401_254625,1
204401_31897,1
204401_251785,0
204401_264181,1
204401_227283,1
204403_175211,1
204403_259824,1
204403_100608,0
204403_104207,0
204403_236832,1
204403_39652,1
204407_129903,1
204407_26570,0
204407_207659,1
204407_210448,0
204407_170773,1
204407_64470,1
204409_77233,1
204409_246794,1
204409_263559,0
204409_91432,1
204409_255065,0
204409_88833,1
204411_184442,1
204411_207465,0
204411_267430,1
204411_204218,0
204411_198311,1
204411_130481,0
204413_125198,0
204413_121253,0
204413_6727,1
204413_119610,1
204413_90839,1
204413_146408,0
204414_140381,1
204414_125452,1
204414_193883,1
204414_129903,1
204414_100831,0
204414_59922,0
204415_172779,1
204415_267382,0
204415_156937,1
204415_80588,0
204415_136275,0
204415_40842,1
204419_243804,0
204419_138333,1
204419_246795,0
204419_245341,1
204419_104424,1
204419_189540,1
204423_106579,1
204423_73129,0
204423_134308,1
204423_279518,0
204423_92969,0
204423_4398,1
204424_139083,1
204424_219030,0
204424_284781,0
204424_268388,1
204424_291102,1
204424_159830,1
204426_3610,0
204426_163762,0
204426_164354,1
204426_106125,0
204426_166860,0
204426_276738,0
204427_140229,1
204427_240565,0
204427_15405,1
204427_217557,1
204427_194520,1
204427_201883,1
204428_207401,1
204428_224351,1
204428_294233,1
204428_263513,1
204428_256802,0
204428_25408,1
204436_134456,1
204436_163853,1
204436_269647,0
204436_114730,1
204436_71075,0
204436_217483,1
204437_26279,1
204437_69111,0
204437_222894,0
204437_101368,0
204437_106296,1
204437_37637,1
204443_37161,0
204443_48297,1
204443_254764,1
204443_63749,1
204443_57198,1
204443_290591,1
204444_210078,0
204444_260256,0
204444_48975,0
204444_35940,0
204444_160120,1
204444_130570,1
204445_127885,0
204445_70978,1
204445_89212,1
204445_103717,1
204445_79307,1
204445_234655,0
204446_152570,0
204446_160120,1
204446_206365,1
204446_167741,0
204446_52829,1
204446_288799,1
204449_292490,1
204449_90219,1
204449_85540,0
204449_42336,0
204449_147450,1
204449_268117,0
204450_42639,1
204450_256125,1
204450_116227,0
204450_186307,1
204450_125968,1
204450_13981,0
204455_49136,1
204455_113588,1
204455_289111,1
204455_151926,1
204455_121646,0
204455_7596,1
204458_277650,1
204458_273996,0
204458_171706,1
204458_193100,1
204458_69860,0
204458_104668,1
204460_52022,1
204460_175560,0
204460_92589,0
204460_244768,0
204460_50515,0
204460_193216,1
204463_36766,1
204463_45942,0
204463_248745,0
204463_106659,0
204463_34450,1
204463_203707,1
204465_55483,0
204465_212408,0
204465_236671,1
204465_65495,0
204465_286533,1
204465_64884,1
204469_284781,0
204469_278459,1
204469_1193,1
204469_69262,1
204469_270515,1
204469_43031,1
204470_101037,1
204470_31162,0
204470_253848,0
204470_166119,1
204470_66502,1
204470_95851,0
204477_216973,1
204477_166592,1
204477_155784,1
204477_291248,1
204477_108,1
204477_39092,1
204479_100959,0
204479_237661,0
204479_31945,0
204479_210679,1
204479_184785,1
204479_113224,1
204481_264667,0
204481_74142,1
204481_127221,0
204481_30742,0
204481_174747,0
204481_85530,1
204483_113224,1
204483_96679,1
204483_558,1
204483_175235,1
204483_169428,1
204483_34658,1
204486_65402,1
204486_156205,0
204486_225908,0
204486_105816,1
204486_246600,1
204486_264668,1
204487_200293,1
204487_39046,1
204487_102495,0
204487_63802,0
204487_219770,0
204487_220688,0
204488_259675,1
204488_213015,1
204488_196307,1
204488_187388,1
204488_114148,0
204488_211324,1
204489_287338,1
204489_211824,1
204489_9773,0
204489_174481,1
204489_4845,1
204489_177267,1
204490_29702,0
204490_262633,1
204490_133701,1
204490_194426,1
204490_123745,1
204490_124046,1
204492_36048,0
204492_169293,0
204492_75469,0
204492_212207,0
204492_144758,0
204492_116439,0
204496_226320,1
204496_103080,1
204496_9858,0
204496_126274,1
204496_22870,1
204496_31945,1
204497_20992,0
204497_221324,0
204497_133194,1
204497_224735,1
204497_92482,1
204497_235934,1
204504_64999,1
204504_48370,1
204504_220488,1
204504_226201,0
204504_188703,1
204504_152843,1
204508_238104,0
204508_14421,1
204508_287079,0
204508_36186,1
204508_31902,1
204508_92728,0
204510_185112,1
204510_62811,0
204510_81539,1
204510_92872,0
204510_264826,1
204510_207449,1
204511_82260,1
204511_118737,0
204511_18261,1
204511_213876,1
204511_215889,0
204511_3054,0
204516_207451,0
204516_102597,0
204516_191403,1
204516_122096,0
204516_164423,1
204516_74072,0
204522_73301,0
204522_2815,0
204522_232828,0
204522_133594,1
204522_65624,1
204522_36112,1
204523_213259,0
204523_243233,0
204523_15776,0
204523_271951,0
204523_244947,0
204523_74106,0
204525_268877,0
204525_269998,1
204525_250988,1
204525_168636,0
204525_130523,0
204525_52077,0
204529_205094,0
204529_251796,0
204529_42375,0
204529_18858,1
204529_17184,1
204529_251349,1
204534_181408,0
204534_189306,1
204534_130097,1
204534_78355,0
204534_56145,0
204534_202385,1
204535_260757,1
204535_172614,1
204535_295687,1
204535_42770,1
204535_284381,1
204535_125690,0
204536_104584,1
204536_156135,1
204536_229894,1
204536_228343,1
204536_187847,1
204536_118946,0
204537_163570,1
204537_283588,1
204537_182009,1
204537_110067,0
204537_143164,1
204537_289543,1
204544_66439,1
204544_291102,1
204544_26279,1
204544_217825,1
204544_73,0
204544_55417,0
204545_19115,0
204545_38168,1
204545_102550,1
204545_46347,1
204545_140360,1
204545_56483,1
204548_233221,1
204548_69954,1
204548_104109,1
204548_101199,1
204548_274058,0
204548_102597,1
204549_154274,1
204549_183243,0
204549_159689,0
204549_67051,0
204549_50229,0
204549_55248,1
204550_104290,1
204550_186507,1
204550_3569,1
204550_182736,1
204550_23126,0
204550_55013,1
204551_80454,1
204551_261695,1
204551_268462,1
204551_152867,1
204551_124372,0
204551_109884,0
204554_184166,0
204554_182581,0
204554_266022,0
204554_255916,1
204554_68358,1
204554_256008,1
204555_92591,0
204555_172006,1
204555_17348,0
204555_239619,1
204555_90219,0
204555_72812,0
204557_33628,1
204557_236066,1
204557_238215,0
204557_46343,0
204557_42666,0
204557_293353,1
204561_17790,0
204561_123687,0
204561_185689,1
204561_251785,0
204561_292306,0
204561_180875,1
204568_166240,1
204568_259246,0
204568_28974,0
204568_171358,1
204568_32262,1
204568_11535,0
204569_99812,0
204569_156375,0
204569_115753,1
204569_195922,1
204569_284211,1
204569_150712,1
204572_187377,0
204572_220973,1
204572_198317,0
204572_208220,1
204572_94020,0
204572_273976,1
204573_101868,1
204573_9852,0
204573_111874,1
204573_161617,1
204573_141058,1
204573_161373,1
204575_55412,1
204575_13791,0
204575_167292,1
204575_45093,0
204575_272907,1
204575_6039,0
204577_87512,1
204577_238389,1
204577_277311,0
204577_50721,0
204577_205294,1
204577_131241,1
204580_270301,1
204580_272547,0
204580_187158,1
204580_44677,1
204580_281826,1
204580_128924,1
204586_124967,1
204586_199071,0
204586_72387,0
204586_81216,0
204586_3569,1
204586_226889,1
204587_226765,0
204587_45093,1
204587_141772,1
204587_112339,1
204587_258965,1
204587_212938,0
204588_93973,1
204588_135348,0
204588_223164,1
204588_236906,1
204588_6876,0
204588_269975,1
204593_108183,1
204593_24631,0
204593_155592,0
204593_229309,0
204593_21293,0
204593_228692,1
204598_107493,0
204598_68469,0
204598_179152,1
204598_151458,1
204598_206878,1
204598_259101,0
204599_27573,0
204599_216497,1
204599_210926,1
204599_96430,0
204599_220864,1
204599_47420,0
204604_77767,1
204604_153474,0
204604_193272,1
204604_116320,1
204604_59009,1
204604_65112,0
204609_170344,1
204609_72875,0
204609_138156,1
204609_86340,1
204609_214851,0
204609_248267,0
204612_72875,1
204612_179048,0
204612_16669,0
204612_132263,0
204612_102306,0
204612_76964,0
204613_94339,0
204613_276490,1
204613_52855,0
204613_31136,1
204613_222780,1
204613_55219,0
204614_74142,1
204614_34829,0
204614_72179,1
204614_96397,1
204614_132263,1
204614_278879,0
204618_204836,1
204618_236883,0
204618_102452,1
204618_281521,0
204618_137794,0
204618_80308,0
204619_130807,0
204619_117071,1
204619_278923,0
204619_57222,0
204619_80165,1
204619_44312,0
204620_150387,0
204620_91334,1
204620_227801,1
204620_225964,0
204620_185497,0
204620_280830,0
204623_19780,1
204623_3996,1
204623_36728,1
204623_137371,1
204623_256232,0
204623_161568,1
204624_273264,1
204624_137128,1
204624_209878,1
204624_140692,1
204624_105449,1
204624_159936,1
204625_273540,0
204625_158684,0
204625_105290,0
204625_212170,0
204625_41017,0
204625_43443,0
204629_242097,0
204629_63795,0
204629_182794,0
204629_1618,1
204629_40093,1
204629_99683,0
204632_221740,1
204632_30408,0
204632_286228,0
204632_62385,0
204632_80016,0
204632_5207,0
204634_94419,1
204634_170175,0
204634_204950,1
204634_295130,1
204634_97245,0
204634_204859,1
204636_108780,1
204636_273201,1
204636_74714,1
204636_15951,1
204636_106962,1
204636_167030,1
204640_143670,0
204640_52767,0
204640_98525,1
204640_49084,1
204640_149658,1
204640_286035,1
204641_183047,1
204641_140802,1
204641_294400,0
204641_115679,0
204641_97487,0
204641_81428,1
204642_243850,1
204642_48253,1
204642_22340,1
204642_269199,1
204642_215809,0
204642_271459,0
204645_214272,1
204645_3860,0
204645_295528,1
204645_161898,1
204645_222088,0
204645_50350,0
204646_234157,1
204646_255065,1
204646_177205,1
204646_194256,0
204646_169117,0
204646_103870,0
204649_151693,0
204649_138040,1
204649_125284,1
204649_16879,1
204649_266896,0
204649_201169,1
204650_253486,1
204650_99942,1
204650_58443,1
204650_256424,1
204650_196345,1
204650_194991,1
204652_175274,0
204652_123937,1
204652_259675,1
204652_98317,1
204652_7873,1
204652_97179,1
204654_74714,0
204654_231206,0
204654_45410,0
204654_246114,0
204654_159155,0
204654_204992,0
204657_108546,0
204657_27428,1
204657_1651,0
204657_133594,1
204657_215433,0
204657_118162,1
204660_200381,1
204660_171007,0
204660_43783,1
204660_3109,0
204660_132415,0
204660_3687,1
204663_110918,1
204663_259089,1
204663_63471,1
204663_34407,1
204663_276119,1
204663_213755,1
204665_234884,1
204665_33983,0
204665_167301,0
204665_261070,1
204665_29600,0
204665_191995,1
204666_162905,0
204666_57671,1
204666_182410,0
204666_101002,1
204666_20726,1
204666_53767,0
204667_193883,0
204667_154383,0
204667_111014,1
204667_138963,1
204667_247347,0
204667_290591,1
204668_225091,0
204668_128960,0
204668_59291,1
204668_97676,0
204668_187074,1
204668_63776,1
204671_295639,0
204671_283708,1
204671_170344,1
204671_218238,1
204671_51996,1
204671_43783,0
204672_236256,1
204672_131564,1
204672_104295,1
204672_158912,0
204672_249930,1
204672_6681,0
204674_232269,0
204674_112781,0
204674_6629,1
204674_281826,1
204674_264901,1
204674_248024,1
204675_199937,0
204675_166,1
204675_161617,1
204675_143049,0
204675_247800,1
204675_80454,1
204676_142411,1
204676_187940,0
204676_263909,0
204676_288091,1
204676_185815,0
204676_2236,1
204677_294233,1
204677_63737,1
204677_224892,1
204677_34031,0
204677_110191,0
204677_157023,0
204682_86653,1
204682_149658,0
204682_13095,0
204682_231992,0
204682_11545,0
204682_54892,1
204683_198826,1
204683_97728,0
204683_4928,1
204683_56334,0
204683_269065,0
204683_211191,0
204687_14660,0
204687_34084,1
204687_107923,1
204687_226439,1
204687_26131,0
204687_61034,0
204691_245157,0
204691_149826,0
204691_4948,1
204691_145437,0
204691_222763,1
204691_1743,0
204696_225414,0
204696_28391,1
204696_100747,0
204696_111501,1
204696_255048,1
204696_154473,1
204697_239591,0
204697_13495,0
204697_98748,1
204697_209630,1
204697_38543,1
204697_210865,0
204698_34188,0
204698_252416,0
204698_254384,0
204698_42331,1
204698_200132,1
204698_163933,0
204699_252601,0
204699_265026,1
204699_271070,1
204699_271416,0
204699_17810,0
204699_126189,0
204704_157784,0
204704_46992,0
204704_273883,0
204704_198164,0
204704_26068,1
204704_271904,0
204706_229504,1
204706_51216,0
204706_197465,1
204706_98777,1
204706_206260,0
204706_275379,0
204707_289451,0
204707_1108,0
204707_230763,1
204707_133778,1
204707_50721,0
204707_91859,1
204709_52490,0
204709_49206,0
204709_248391,1
204709_225974,0
204709_120561,1
204709_89612,0
204711_27174,0
204711_95726,1
204711_163281,1
204711_157328,1
204711_16533,1
204711_140410,1
204712_277207,1
204712_26023,1
204712_165044,1
204712_65495,1
204712_260175,1
204712_72225,1
204721_88858,0
204721_104295,1
204721_187787,1
204721_54983,1
204721_33680,1
204721_8247,1
204722_193857,1
204722_255059,0
204722_150313,1
204722_85006,0
204722_202999,1
204722_13393,1
204723_26956,0
204723_158884,1
204723_121859,0
204723_196938,1
204723_188639,1
204723_156827,1
204727_140692,1
204727_32288,1
204727_44380,1
204727_183307,1
204727_141295,0
204727_128470,0
204728_207656,1
204728_118274,1
204728_141771,1
204728_109803,1
204728_37785,1
204728_125198,0
204731_159637,1
204731_246022,1
204731_59177,1
204731_96700,0
204731_109393,1
204731_273904,0
204732_238633,1
204732_267275,1
204732_87448,1
204732_138355,1
204732_253265,1
204732_152825,1
204733_204472,1
204733_125110,1
204733_135169,1
204733_220024,1
204733_205160,0
204733_295230,1
204735_100384,1
204735_194010,0
204735_43879,0
204735_294056,1
204735_70788,1
204735_250601,1
204736_246745,0
204736_6173,1
204736_169496,1
204736_168641,0
204736_46889,1
204736_23469,0
204739_105360,1
204739_49880,1
204739_123520,0
204739_230477,0
204739_80142,1
204739_267309,0
204740_185629,0
204740_61145,1
204740_196755,0
204740_72875,1
204740_121386,0
204740_44889,0
204743_257430,0
204743_122622,0
204743_186515,0
204743_229894,0
204743_237679,0
204743_264668,0
204744_26537,0
204744_193774,1
204744_70613,0
204744_15972,1
204744_46767,0
204744_48386,0
204747_47642,0
204747_144251,0
204747_88958,1
204747_26561,0
204747_87156,0
204747_65484,0
204748_214766,1
204748_8565,0
204748_147523,0
204748_213431,0
204748_139350,0
204748_230489,0
204749_29397,0
204749_233267,0
204749_203206,0
204749_2872,0
204749_248580,1
204749_123367,0
204753_166980,1
204753_134160,0
204753_52855,1
204753_248136,0
204753_198890,1
204753_201981,1
204754_33495,1
204754_86355,1
204754_165140,1
204754_124109,0
204754_254051,0
204754_88104,1
204755_50411,1
204755_195857,0
204755_111748,0
204755_171306,0
204755_216319,1
204755_219794,1
204756_175124,0
204756_159307,0
204756_96679,1
204756_287096,0
204756_130005,0
204756_124632,0
204757_6548,1
204757_139135,1
204757_166608,1
204757_88191,1
204757_43956,1
204757_24878,1
204759_277961,0
204759_251253,1
204759_279521,1
204759_121727,0
204759_57380,0
204759_22940,1
204760_268900,0
204760_122370,0
204760_162173,0
204760_231282,0
204760_15398,0
204760_91150,0
204762_105828,1
204762_164658,0
204762_267471,0
204762_191565,1
204762_267064,1
204762_274942,1
204768_258252,0
204768_197409,0
204768_31731,1
204768_149229,1
204768_171077,1
204768_169786,1
204772_13495,1
204772_281016,0
204772_46063,0
204772_250273,1
204772_120535,0
204772_245995,1
204774_274209,1
204774_283814,1
204774_26097,1
204774_136337,0
204774_59211,1
204774_27090,1
204775_69661,1
204775_247020,0
204775_20387,1
204775_141058,1
204775_15875,1
204775_177436,0
204777_92770,0
204777_23241,0
204777_268716,0
204777_194694,1
204777_41583,0
204777_186683,1
204778_72875,1
204778_34829,1
204778_295050,1
204778_98878,1
204778_100687,0
204778_221201,1
204779_214776,1
204779_60943,1
204779_166373,1
204779_65989,0
204779_189055,1
204779_241199,0
204783_263249,0
204783_194771,1
204783_151596,0
204783_91604,1
204783_52853,0
204783_269171,1
204785_114880,0
204785_66383,0
204785_83900,1
204785_13684,0
204785_290248,1
204785_39854,0
204787_164683,0
204787_167443,0
204787_210679,0
204787_91721,0
204787_224885,0
204787_207656,0
204790_267205,1
204790_219318,1
204790_122086,1
204790_43564,1
204790_200260,1
204790_269551,1
204791_167345,1
204791_150469,0
204791_121824,0
204791_55244,0
204791_252803,1
204791_258652,0
204802_85485,1
204802_146570,1
204802_47591,1
204802_269647,1
204802_104207,1
204802_44684,0
204805_247777,1
204805_271783,1
204805_261695,1
204805_66025,1
204805_217591,0
204805_72300,1
204807_5207,1
204807_74296,1
204807_264901,1
204807_249195,1
204807_182596,1
204807_121881,1
204808_108554,0
204808_230856,0
204808_128649,1
204808_118920,1
204808_59009,1
204808_295516,1
204810_137485,1
204810_294821,1
204810_26251,1
204810_255320,1
204810_194950,1
204810_247868,0
204811_73818,0
204811_150748,0
204811_279398,1
204811_167440,0
204811_72878,1
204811_138546,1
204813_88999,0
204813_184670,0
204813_74464,0
204813_79525,1
204813_150193,1
204813_223734,1
204816_207234,1
204816_71099,1
204816_286426,1
204816_88839,1
204816_65232,0
204816_133302,1
204817_226613,0
204817_26307,0
204817_179389,1
204817_98559,0
204817_265121,1
204817_76488,0
204819_252405,0
204819_276334,0
204819_270698,0
204819_187294,1
204819_243797,0
204819_11965,0
204820_27426,1
204820_111014,1
204820_278717,1
204820_227848,1
204820_206072,1
204820_33603,1
204821_60393,1
204821_249611,0
204821_212675,1
204821_151720,0
204821_98040,0
204821_281956,0
204823_16686,1
204823_127596,1
204823_14275,0
204823_58283,0
204823_294653,0
204823_17790,1
204824_66886,0
204824_140692,1
204824_265963,1
204824_116288,0
204824_42724,1
204824_169260,1
204826_146308,1
204826_234937,1
204826_272575,1
204826_6198,1
204826_58008,1
204826_138410,0
204833_86087,1
204833_87200,0
204833_229714,1
204833_200803,0
204833_108874,1
204833_250468,1
204835_130023,1
204835_116645,1
204835_45305,0
204835_216785,0
204835_94750,0
204835_66741,1
204841_250400,0
204841_70637,1
204841_283067,0
204841_264505,0
204841_166517,0
204841_102449,1
204842_47953,0
204842_210522,0
204842_295298,0
204842_57219,1
204842_212582,1
204842_150766,1
204844_175651,1
204844_226560,1
204844_230725,0
204844_177409,0
204844_250273,1
204844_52492,0
204848_136477,1
204848_106619,1
204848_165984,1
204848_214768,1
204848_266382,1
204848_237345,0
204851_22940,1
204851_133617,1
204851_158358,1
204851_195190,1
204851_177472,0
204851_75601,0
204853_282031,0
204853_41843,1
204853_275378,1
204853_237820,1
204853_181386,0
204853_283956,1
204854_35423,0
204854_98602,0
204854_113233,1
204854_2088,1
204854_145639,0
204854_155463,1
204855_163853,1
204855_194950,1
204855_49437,0
204855_155069,1
204855_88438,1
204855_38823,1
204856_100831,0
204856_175274,0
204856_48452,0
204856_139472,0
204856_45056,0
204856_260780,0
204857_150250,0
204857_263828,0
204857_128763,0
204857_145172,1
204857_48124,1
204857_9135,1
204858_70188,1
204858_12922,1
204858_18674,1
204858_82772,1
204858_267065,1
204858_281141,1
204863_148821,0
204863_222499,0
204863_224222,0
204863_179433,0
204863_223256,0
204863_288829,1
204868_28371,1
204868_273271,1
204868_172876,0
204868_177514,0
204868_236120,1
204868_213012,1
204869_197465,1
204869_36641,1
204869_261818,1
204869_218707,0
204869_266705,1
204869_32601,1
204871_153121,0
204871_30244,0
204871_218301,0
204871_244122,0
204871_122886,1
204871_142234,1
204873_23022,0
204873_143989,0
204873_260165,1
204873_142937,0
204873_97023,1
204873_227846,1
204874_179580,0
204874_78425,1
204874_131498,1
204874_237832,1
204874_171531,1
204874_292624,1
204875_176052,0
204875_29560,0
204875_19944,0
204875_18500,1
204875_142621,0
204875_255154,1
204876_160891,0
204876_86732,1
204876_40739,1
204876_162425,1
204876_148419,0
204876_72607,0
204878_100831,0
204878_67778,0
204878_185252,0
204878_224550,0
204878_40373,0
204878_142533,1
204879_14306,0
204879_5244,1
204879_10080,0
204879_177930,1
204879_46396,1
204879_119229,1
204880_176893,1
204880_93649,0
204880_39381,1
204880_71059,0
204880_139745,1
204880_36450,1
204882_6575,1
204882_143459,0
204882_251812,0
204882_213259,0
204882_55871,1
204882_289150,0
204886_212837,1
204886_253198,0
204886_76321,0
204886_159637,1
204886_177510,1
204886_180704,1
204888_226392,0
204888_21350,0
204888_237172,1
204888_179717,0
204888_105540,0
204888_105376,0
204889_31887,1
204889_176350,1
204889_197741,0
204889_5703,1
204889_230133,1
204889_122262,0
204892_292341,0
204892_161980,0
204892_282866,0
204892_282148,1
204892_55398,1
204892_120563,0
204893_183238,1
204893_120403,1
204893_60498,0
204893_270190,0
204893_139654,1
204893_194376,1
204895_44222,0
204895_17785,1
204895_179540,0
204895_219917,0
204895_257681,0
204895_86128,0
204898_199099,0
204898_54217,0
204898_201060,1
204898_253327,0
204898_34450,1
204898_175508,0
204900_113043,1
204900_110171,1
204900_76149,1
204900_15839,0
204900_281106,0
204900_92823,0
204901_33096,1
204901_238637,0
204901_88123,1
204901_69315,0
204901_117529,1
204901_170214,1
204903_196883,1
204903_159583,0
204903_129095,1
204903_116114,0
204903_201650,1
204903_225741,0
204904_67942,1
204904_164507,0
204904_214212,0
204904_50722,0
204904_175274,0
204904_192439,1
204905_56166,0
204905_89796,1
204905_113794,0
204905_43836,0
204905_123579,1
204905_29980,0
204907_229320,0
204907_115483,1
204907_146618,1
204907_176916,1
204907_3569,1
204907_184297,1
204911_91604,1
204911_137585,1
204911_220171,1
204911_148220,1
204911_183938,1
204911_63899,0
204917_165197,1
204917_82713,1
204917_182224,1
204917_88196,1
204917_261450,1
204917_178421,1
204918_210746,0
204918_43077,1
204918_90219,0
204918_111194,0
204918_152945,0
204918_212435,1
204921_129190,1
204921_80742,1
204921_295810,1
204921_61826,0
204921_286991,1
204921_156081,0
204922_84737,1
204922_96568,0
204922_17871,1
204922_200378,1
204922_191995,1
204922_286035,1
204924_41728,1
204924_161253,1
204924_230204,0
204924_19314,1
204924_258741,1
204924_37686,0
204927_263249,0
204927_62687,0
204927_142770,1
204927_141283,0
204927_35423,0
204927_281406,1
204928_142449,1
204928_201966,1
204928_230173,1
204928_105839,0
204928_221811,1
204928_116,1
204929_55618,1
204929_166608,1
204929_198368,0
204929_36479,1
204929_273426,1
204929_32601,1
204930_179976,0
204930_116603,0
204930_177633,1
204930_191102,0
204930_45553,0
204930_20648,1
204931_3392,1
204931_16585,0
204931_71402,1
204931_95051,1
204931_82772,1
204931_157208,0
204935_84995,1
204935_34566,1
204935_29653,1
204935_91269,1
204935_164191,1
204935_266181,1
204936_223222,1
204936_175803,1
204936_29894,0
204936_166071,1
204936_42907,1
204936_224696,0
204940_149715,1
204940_137895,1
204940_193887,0
204940_207694,1
204940_92193,0
204940_120090,1
204941_97283,0
204941_271864,0
204941_47136,1
204941_200615,1
204941_189758,1
204941_145121,1
204944_108969,1
204944_152518,1
204944_286426,1
204944_187847,1
204944_172339,1
204944_14969,1
204945_280992,0
204945_61929,0
204945_69271,1
204945_198699,1
204945_154877,0
204945_266949,1
204949_274424,1
204949_282136,1
204949_49332,1
204949_66741,1
204949_20797,0
204949_5007,1
204950_57951,0
204950_251119,1
204950_190469,0
204950_206047,1
204950_287954,1
204950_174498,0
204955_293240,1
204955_119294,1
204955_239718,0
204955_31341,1
204955_277404,0
204955_290233,1
204956_262192,0
204956_269227,1
204956_7664,0
204956_218520,1
204956_294134,0
204956_221255,1
204958_70188,1
204958_185112,1
204958_129410,1
204958_135961,0
204958_133123,0
204958_60074,1
204965_265495,0
204965_243829,1
204965_74768,1
204965_97254,0
204965_254802,0
204965_44675,0
204967_291573,0
204967_1139,1
204967_225847,1
204967_189264,1
204967_290920,1
204967_181441,0
204968_183592,0
204968_107959,1
204968_172779,1
204968_102547,1
204968_192525,1
204968_197897,1
204969_6103,0
204969_242680,1
204969_61941,0
204969_31243,1
204969_120609,1
204969_172024,0
204971_137230,1
204971_253265,1
204971_165939,0
204971_95924,1
204971_197364,0
204971_74024,1
204975_45605,0
204975_152766,0
204975_285194,1
204975_141111,1
204975_209955,0
204975_46629,0
204977_218715,1
204977_106640,0
204977_10843,0
204977_187117,1
204977_113233,1
204977_72875,0
204978_88186,0
204978_146497,1
204978_207747,0
204978_218867,1
204978_133821,1
204978_45631,0
204979_157139,1
204979_216226,1
204979_162874,1
204979_145783,1
204979_200093,1
204979_194512,0
204981_70547,1
204981_167778,0
204981_137370,1
204981_254626,0
204981_131564,1
204981_186266,1
204984_125251,1
204984_100907,1
204984_139116,0
204984_21633,0
204984_242809,1
204984_54093,1
204987_191046,1
204987_271205,0
204987_70373,1
204987_208587,0
204987_84159,1
204987_211834,0
204997_188147,0
204997_21532,1
204997_220024,1
204997_140529,0
204997_90652,0
204997_101395,1
205001_112947,0
205001_245888,1
205001_79919,1
205001_71654,0
205001_54690,1
205001_174591,1
205006_77145,1
205006_83097,1
205006_210679,1
205006_97675,1
205006_209577,0
205006_178659,1
205007_232816,0
205007_218715,1
205007_136275,1
205007_122769,0
205007_230508,0
205007_172876,0
205010_173982,1
205010_182328,0
205010_70165,0
205010_285465,0
205010_92843,0
205010_214629,0
205012_51665,1
205012_191014,1
205012_96935,1
205012_216947,0
205012_211324,1
205012_172056,1
205023_234632,1
205023_270735,1
205023_85290,1
205023_188274,0
205023_160291,0
205023_166587,0
205024_43482,1
205024_190004,1
205024_90663,0
205024_259824,1
205024_14871,0
205024_225329,0
205025_178284,1
205025_89799,0
205025_30264,0
205025_238869,1
205025_138001,1
205025_200296,1
205026_1139,1
205026_276165,0
205026_17790,0
205026_247100,0
205026_277309,0
205026_89365,0
205027_143465,0
205027_197364,1
205027_107627,0
205027_109231,0
205027_92564,0
205027_96488,1
205032_129366,1
205032_78362,1
205032_257520,1
205032_17532,1
205032_260159,1
205032_209370,1
205037_94893,1
205037_137672,0
205037_22398,1
205037_228440,0
205037_253019,0
205037_46661,1
205039_141114,0
205039_214212,0
205039_166494,1
205039_168400,0
205039_265328,1
205039_64497,1
205040_106390,0
205040_137720,0
205040_196068,0
205040_76892,0
205040_16066,0
205040_262438,1
205043_10453,1
205043_126274,1
205043_142310,1
205043_33163,1
205043_277610,1
205043_73454,1
205044_24729,1
205044_163833,0
205044_16905,1
205044_189192,0
205044_4882,1
205044_38933,0
205047_36093,1
205047_154382,1
205047_123749,0
205047_278582,1
205047_8544,1
205047_206385,1
205048_113776,1
205048_54263,0
205048_255065,1
205048_107247,1
205048_6898,1
205048_36656,0
205052_221989,0
205052_30947,1
205052_101875,1
205052_261904,0
205052_55900,0
205052_163069,1
205053_274796,0
205053_247218,1
205053_276415,1
205053_193375,0
205053_96378,1
205053_59158,1
205054_130063,0
205054_13446,1
205054_114070,0
205054_243011,1
205054_20999,0
205054_186570,1
205058_170175,1
205058_254092,1
205058_195256,1
205058_203088,1
205058_36535,0
205058_208101,1
205060_237061,1
205060_103265,1
205060_67518,1
205060_274923,1
205060_142896,1
205060_194526,1
205062_7797,1
205062_35663,0
205062_288887,1
205062_33860,1
205062_69111,0
205062_84919,0
205064_52384,0
205064_95704,0
205064_275816,1
205064_219934,1
205064_189457,0
205064_236289,0
205065_61104,1
205065_82722,1
205065_195435,1
205065_74879,1
205065_109884,0
205065_176547,1
205066_31436,1
205066_144357,0
205066_206507,1
205066_100669,0
205066_45343,1
205066_244657,0
205067_178030,1
205067_175211,1
205067_235023,1
205067_145639,1
205067_257914,1
205067_242078,1
205069_83647,0
205069_256960,1
205069_715,1
205069_21593,0
205069_170773,0
205069_166959,0
205072_44795,0
205072_86119,1
205072_192610,0
205072_283225,0
205072_126299,1
205072_241966,1
205075_60011,1
205075_269223,1
205075_101360,1
205075_47425,1
205075_50194,1
205075_87110,1
205081_50380,0
205081_104324,0
205081_16600,0
205081_245382,0
205081_151282,1
205081_196938,1
205082_267388,1
205082_211307,1
205082_58152,1
205082_115511,0
205082_276694,1
205082_142458,0
205083_32050,0
205083_7217,0
205083_98748,1
205083_237211,0
205083_174669,1
205083_91954,0
205086_94809,0
205086_101871,1
205086_81932,1
205086_86266,1
205086_90722,1
205086_195923,1
205087_285012,1
205087_110764,0
205087_201658,0
205087_165838,1
205087_281016,1
205087_261695,0
205089_118170,0
205089_17252,1
205089_64041,1
205089_279796,0
205089_33227,1
205089_120609,0
205093_80916,1
205093_180685,0
205093_32836,0
205093_244712,1
205093_86310,0
205093_39840,1
205095_227368,1
205095_221867,0
205095_80916,0
205095_39447,0
205095_78822,1
205095_97256,0
205096_62049,0
205096_32231,1
205096_131585,1
205096_251497,1
205096_21488,1
205096_41254,1
205097_188655,1
205097_89877,1
205097_273696,1
205097_144119,1
205097_117622,0
205097_160555,1
205099_63855,1
205099_185962,1
205099_150186,1
205099_155861,0
205099_32210,1
205099_179298,1
205103_176279,1
205103_186152,1
205103_234021,1
205103_202423,1
205103_206236,1
205103_45287,1
205104_181505,0
205104_94893,1
205104_170625,1
205104_176515,0
205104_171865,0
205104_211958,1
205111_100342,1
205111_244712,1
205111_117706,1
205111_77052,1
205111_214191,1
205111_182507,0
205117_152229,1
205117_99925,1
205117_113125,0
205117_142844,1
205117_40857,1
205117_234654,0
205118_229673,0
205118_268900,0
205118_159452,0
205118_184793,0
205118_54378,0
205118_291745,0
205120_135154,0
205120_105779,0
205120_295555,1
205120_63674,1
205120_267749,0
205120_251337,0
205123_121386,1
205123_206878,1
205123_149602,1
205123_254626,1
205123_18977,0
205123_160399,1
205124_272503,0
205124_207840,1
205124_88272,0
205124_178614,0
205124_215251,0
205124_75756,1
205126_285415,1
205126_96337,1
205126_235774,1
205126_23103,1
205126_73046,0
205126_275026,0
205128_9514,1
205128_224020,1
205128_177982,1
205128_286440,1
205128_168274,0
205128_38525,1
205130_15067,0
205130_134414,1
205130_102495,1
205130_137794,0
205130_99683,0
205130_74313,0
205135_19380,0
205135_29202,1
205135_109967,0
205135_115955,1
205135_60217,1
205135_191023,1
205140_18863,0
205140_228810,1
205140_245705,0
205140_223796,1
205140_203549,0
205140_89380,1
205141_223542,0
205141_123323,1
205141_128541,0
205141_21830,0
205141_113437,0
205141_255095,0
205142_263421,1
205142_101943,0
205142_104154,1
205142_153408,1
205142_253225,0
205142_115106,1
205143_292225,1
205143_269227,1
205143_127672,1
205143_37497,1
205143_140856,1
205143_14894,0
205145_191466,1
205145_238067,0
205145_68160,1
205145_254909,1
205145_160012,1
205145_131131,0
205150_291149,1
205150_120563,1
205150_28056,1
205150_284950,0
205150_269099,1
205150_119795,0
205151_226244,1
205151_1212,0
205151_179540,0
205151_30974,1
205151_196375,0
205151_276615,1
205160_41254,1
205160_271788,0
205160_224508,1
205160_291958,0
205160_72969,1
205160_172746,0
205168_216902,1
205168_39465,1
205168_79891,1
205168_257520,1
205168_242777,1
205168_286420,0
205172_136433,0
205172_55324,0
205172_180373,1
205172_162416,1
205172_123826,0
205172_238593,1
205174_70555,1
205174_57610,0
205174_57625,0
205174_184751,0
205174_210399,1
205174_118998,1
205176_225753,1
205176_21868,0
205176_80389,0
205176_203750,0
205176_249959,1
205176_176833,1
205184_42592,1
205184_114265,0
205184_101962,0
205184_282216,1
205184_252930,1
205184_62493,1
205185_26561,1
205185_259824,1
205185_1618,1
205185_125461,1
205185_159847,1
205185_244657,1
205186_159757,1
205186_205427,1
205186_101871,1
205186_174313,0
205186_54117,0
205186_240854,1
205187_87671,1
205187_66591,0
205187_219934,1
205187_290854,0
205187_84177,1
205187_76222,1
205190_238161,1
205190_172006,1
205190_82406,0
205190_116,1
205190_133065,1
205190_266590,0
205193_103861,1
205193_136724,1
205193_74142,1
205193_11529,1
205193_173257,1
205193_214238,1
205195_122217,0
205195_276543,0
205195_225598,0
205195_58395,0
205195_208301,0
205195_133594,0
205196_15839,0
205196_101464,1
205196_39460,1
205196_45085,0
205196_257410,0
205196_138809,1
205201_293310,1
205201_229589,0
205201_106788,1
205201_76477,1
205201_201221,1
205201_141895,1
205202_102547,1
205202_27740,0
205202_31765,1
205202_61826,1
205202_7845,0
205202_142408,1
205203_136245,0
205203_228403,1
205203_25226,1
205203_25075,0
205203_287013,1
205203_70080,0
205204_33644,1
205204_211184,0
205204_29963,0
205204_99197,1
205204_3967,1
205204_206618,0
205207_128672,0
205207_209918,1
205207_31317,1
205207_104713,0
205207_108342,1
205207_145730,1
205208_215927,1
205208_203206,0
205208_289330,0
205208_82095,1
205208_105580,0
205208_238868,0
205212_156566,1
205212_270076,0
205212_262534,0
205212_245486,1
205212_30947,0
205212_32392,1
205216_38168,1
205216_75833,1
205216_12957,1
205216_112408,0
205216_19696,1
205216_152274,0
205217_41843,1
205217_200034,0
205217_141686,1
205217_234502,0
205217_24878,1
205217_209949,0
205219_41749,0
205219_89072,0
205219_217249,1
205219_5621,0
205219_102754,0
205219_80998,0
205220_204462,1
205220_199777,1
205220_58308,1
205220_75564,0
205220_115212,1
205220_63542,1
205221_165847,1
205221_112323,1
205221_190001,0
205221_231566,1
205221_118922,1
205221_131456,0
205225_265077,0
205225_59838,1
205225_14485,1
205225_142178,0
205225_237211,1
205225_227362,0
205229_38390,0
205229_98535,0
205229_249437,0
205229_212840,1
205229_258111,1
205229_130747,1
205231_82912,1
205231_289823,1
205231_115303,0
205231_83360,0
205231_128541,1
205231_207447,1
205235_108780,1
205235_173257,0
205235_139002,1
205235_188352,0
205235_266065,0
205235_213796,0
205236_240753,1
205236_193475,1
205236_258891,1
205236_83936,0
205236_159457,0
205236_75759,1
205237_82003,0
205237_121263,1
205237_131863,1
205237_165973,1
205237_138428,0
205237_203198,1
205238_251772,0
205238_66578,0
205238_228077,0
205238_187560,0
205238_64402,0
205238_265480,0
205239_256903,0
205239_13177,0
205239_73557,0
205239_87727,0
205239_210150,0
205239_15405,1
205240_65587,1
205240_140216,0
205240_274990,1
205240_15876,1
205240_132694,0
205240_121386,1
205241_240213,0
205241_79099,0
205241_193272,0
205241_146446,1
205241_125210,1
205241_162126,1
205242_277785,0
205242_144625,0
205242_190154,0
205242_138243,1
205242_165376,1
205242_15821,1
205243_175571,0
205243_262025,1
205243_226542,1
205243_244630,1
205243_124945,0
205243_261437,0
205244_40651,0
205244_17792,0
205244_28776,0
205244_180229,0
205244_143350,0
205244_138604,0
205245_206807,0
205245_289678,1
205245_109399,1
205245_45215,1
205245_15139,0
205245_216613,1
205246_237713,0
205246_232467,1
205246_218813,1
205246_254238,1
205246_129301,0
205246_120246,1
205247_201673,1
205247_244088,1
205247_102452,0
205247_169732,0
205247_6991,0
205247_192819,1
205248_116312,0
205248_222956,1
205248_145554,1
205248_236455,1
205248_61827,1
205248_194466,0
205249_56544,1
205249_249915,1
205249_20124,1
205249_102495,0
205249_233111,0
205249_254494,0
205250_145494,1
205250_116596,0
205250_61826,1
205250_262438,1
205250_145062,1
205250_88231,1
205252_295907,0
205252_21657,1
205252_136736,1
205252_54947,1
205252_46242,1
205252_231712,1
205255_21593,0
205255_254625,0
205255_52956,0
205255_138621,0
205255_103835,0
205255_268227,0
205260_251792,0
205260_219084,0
205260_192375,0
205260_71131,0
205260_148053,0
205260_148670,1
205261_267297,1
205261_186399,1
205261_206604,1
205261_234652,1
205261_211276,0
205261_270522,1
205269_220811,0
205269_30816,0
205269_51839,0
205269_249980,0
205269_11209,1
205269_209370,0
205271_108120,0
205271_212297,0
205271_7136,0
205271_83417,0
205271_44677,0
205271_189348,1
205272_33914,0
205272_212856,1
205272_20895,0
205272_157936,1
205272_230677,0
205272_33088,1
205277_100384,0
205277_40678,0
205277_262538,0
205277_263958,0
205277_162013,1
205277_217252,1
205280_152363,1
205280_17381,1
205280_15405,1
205280_44577,0
205280_160057,0
205280_207401,0
205283_101201,0
205283_43889,1
205283_208135,1
205283_250091,1
205283_131065,0
205283_24822,0
205284_206031,0
205284_181901,0
205284_44355,0
205284_204836,0
205284_112965,0
205284_270899,0
205290_86858,1
205290_251318,1
205290_261423,0
205290_252656,1
205290_171850,1
205290_171330,0
205291_127691,1
205291_288689,1
205291_24878,1
205291_271560,0
205291_14104,0
205291_234432,1
205293_132089,1
205293_127691,0
205293_116639,1
205293_132164,0
205293_137768,0
205293_132832,1
205295_252791,1
205295_213257,1
205295_249749,1
205295_221944,1
205295_10335,1
205295_56154,0
205298_81244,0
205298_283670,0
205298_25248,1
205298_606,1
205298_192610,0
205298_150651,1
205299_264668,0
205299_4695,0
205299_222880,0
205299_252285,0
205299_1048,0
205299_287941,1
205302_92516,1
205302_120603,1
205302_285365,1
205302_253373,1
205302_252399,1
205302_169945,1
205303_188811,1
205303_203707,1
205303_276908,1
205303_185112,1
205303_125738,0
205303_246593,1
205304_292278,1
205304_185514,0
205304_225510,0
205304_143576,0
205304_217865,1
205304_113233,1
205305_13056,0
205305_16429,1
205305_200378,1
205305_32141,0
205305_113895,0
205305_123050,0
205309_41371,1
205309_100178,1
205309_211708,0
205309_388,0
205309_287748,1
205309_210030,1
205310_159603,1
205310_120563,1
205310_241845,0
205310_194393,0
205310_96143,0
205310_97306,1
205311_60681,1
205311_79708,0
205311_12003,0
205311_137615,0
205311_134458,1
205311_26097,1
205319_111410,0
205319_94057,1
205319_244809,1
205319_148821,1
205319_70788,1
205319_62652,1
205320_141884,0
205320_116125,1
205320_20267,0
205320_93560,0
205320_267408,0
205320_214122,0
205325_203340,1
205325_568,1
205325_170526,0
205325_244134,1
205325_157852,0
205325_58037,1
205326_107923,0
205326_75823,0
205326_143734,1
205326_290824,1
205326_136200,0
205326_100174,0
205327_101143,0
205327_52706,1
205327_47141,0
205327_181291,1
205327_78961,0
205327_11373,0
205328_284909,0
205328_131989,0
205328_165042,1
205328_260261,1
205328_265508,1
205328_271088,0
205332_190000,0
205332_281372,1
205332_285878,1
205332_2924,0
205332_91414,1
205332_232357,1
205333_189823,0
205333_260040,1
205333_120552,0
205333_286464,1
205333_92449,1
205333_45355,1
205335_190154,1
205335_12347,1
205335_222892,1
205335_173920,1
205335_235999,0
205335_24426,1
205336_125706,1
205336_217877,1
205336_133302,0
205336_261450,1
205336_65110,0
205336_81750,1
205340_232937,1
205340_246027,1
205340_250931,0
205340_171830,0
205340_263727,1
205340_111346,1
205341_153968,1
205341_183842,1
205341_61874,1
205341_96757,1
205341_25406,0
205341_72904,0
205344_123579,1
205344_206044,0
205344_87090,0
205344_51034,0
205344_230487,0
205344_71685,1
205349_36512,0
205349_238389,1
205349_210627,1
205349_31507,1
205349_226210,1
205349_127876,0
205355_73299,1
205355_267088,1
205355_71369,0
205355_226318,1
205355_85596,1
205355_132099,0
205361_248189,1
205361_216110,0
205361_72068,0
205361_168585,0
205361_89693,1
205361_181316,1
205362_270814,0
205362_236777,1
205362_154727,1
205362_23137,1
205362_51399,0
205362_81685,1
205365_139335,0
205365_143033,1
205365_275881,1
205365_98643,1
205365_277736,1
205365_47901,1
205369_203268,0
205369_23039,0
205369_238638,0
205369_140334,0
205369_175342,0
205369_267824,1
205371_237622,1
205371_106482,1
205371_285710,0
205371_104350,1
205371_285862,1
205371_147585,1
205376_68373,0
205376_11585,0
205376_102449,1
205376_130335,1
205376_182823,1
205376_64133,1
205377_15807,1
205377_66003,1
205377_97763,0
205377_119098,1
205377_263543,0
205377_262649,0
205378_253265,0
205378_30905,0
205378_230976,1
205378_1618,1
205378_275379,1
205378_227657,0
205379_112227,1
205379_126293,0
205379_129114,1
205379_127917,0
205379_257145,1
205379_53295,0
205381_88453,1
205381_150748,1
205381_200432,1
205381_111521,1
205381_252700,0
205381_170260,1
205384_240580,1
205384_224508,1
205384_228892,1
205384_218803,1
205384_187162,1
205384_61778,1
205386_43950,0
205386_149717,0
205386_207890,0
205386_268974,0
205386_40651,0
205386_244608,0
205390_53459,1
205390_179152,1
205390_140692,0
205390_49020,0
205390_92035,1
205390_191565,1
205392_137108,0
205392_76162,1
205392_5649,0
205392_232410,0
205392_170317,0
205392_215158,0
205393_33758,0
205393_292639,0
205393_173627,0
205393_155158,0
205393_161719,0
205393_274209,0
205394_88221,0
205394_190423,0
205394_231652,0
205394_158503,0
205394_116674,0
205394_74023,0
205395_153238,1
205395_271629,1
205395_254092,0
205395_78434,1
205395_132076,0
205395_115324,1
205396_248166,0
205396_94509,0
205396_51435,1
205396_141423,0
205396_261344,1
205396_55613,0
205399_50228,1
205399_152736,0
205399_54571,1
205399_74162,0
205399_194545,1
205399_43886,0
205400_238206,0
205400_129397,0
205400_213280,0
205400_236878,1
205400_47591,0
205400_175429,0
205403_20747,0
205403_96663,0
205403_22340,0
205403_130849,0
205403_139662,0
205403_237857,0
205405_271252,0
205405_251785,0
205405_151534,1
205405_270910,0
205405_230677,1
205405_101745,0
205408_36836,1
205408_45027,0
205408_228746,0
205408_204840,1
205408_287567,1
205408_25544,1
205409_5762,1
205409_235716,0
205409_292863,0
205409_210194,0
205409_175602,1
205409_269463,1
205412_153065,1
205412_49270,0
205412_274352,0
205412_221862,0
205412_54093,1
205412_114656,1
205415_23138,1
205415_99100,0
205415_287523,1
205415_169917,0
205415_114634,1
205415_271802,0
205419_47433,0
205419_184217,1
205419_268160,0
205419_132799,1
205419_288536,1
205419_109899,0
205420_252600,0
205420_109899,1
205420_260711,1
205420_230811,1
205420_182181,1
205420_75469,0
205425_228077,1
205425_43457,1
205425_149391,1
205425_154323,1
205425_110426,1
205425_282757,1
205428_209776,1
205428_256189,1
205428_231004,0
205428_182465,0
205428_291616,0
205428_182281,1
205430_201216,0
205430_130673,0
205430_148541,0
205430_126366,1
205430_73129,1
205430_77178,1
205431_240972,0
205431_165800,1
205431_108161,1
205431_42375,1
205431_46889,1
205431_127969,0
205432_20342,0
205432_200974,1
205432_295464,0
205432_66286,1
205432_292483,0
205432_266148,1
205434_198054,1
205434_151831,1
205434_210286,1
205434_227594,1
205434_103661,1
205434_7845,0
205435_266155,1
205435_271453,1
205435_198197,1
205435_224539,0
205435_161734,0
205435_8595,1
205436_165847,0
205436_263438,1
205436_198105,1
205436_54154,1
205436_17927,1
205436_213019,0
205438_28142,1
205438_54339,0
205438_128541,1
205438_83669,0
205438_8217,1
205438_17022,0
205440_42326,1
205440_253858,1
205440_274830,1
205440_230239,1
205440_102349,1
205440_4663,1
205441_12821,1
205441_105030,0
205441_121897,0
205441_275881,0
205441_247218,1
205441_83900,1
205444_205438,1
205444_264575,1
205444_202385,1
205444_184977,1
205444_10062,1
205444_201709,1
205445_176639,1
205445_160440,1
205445_205419,1
205445_151926,0
205445_167017,1
205445_86973,0
205446_63375,1
205446_277747,1
205446_203422,1
205446_149317,1
205446_167731,1
205446_18191,1
205450_196345,1
205450_278744,0
205450_62372,0
205450_8244,0
205450_92449,1
205450_43031,1
205452_294674,0
205452_45631,1
205452_294452,1
205452_155158,1
205452_130097,1
205452_100831,1
205455_130388,1
205455_201611,1
205455_63023,0
205455_115145,1
205455_21274,1
205455_139152,1
205456_21607,0
205456_281557,1
205456_149602,0
205456_182521,1
205456_92480,0
205456_32111,0
205459_13735,0
205459_67487,1
205459_82902,1
205459_30893,1
205459_9240,1
205459_6195,1
205460_126448,1
205460_265106,1
205460_43564,0
205460_29941,0
205460_215788,1
205460_37686,0
205463_246593,1
205463_107922,1
205463_85443,0
205463_219002,1
205463_282478,0
205463_234884,1
205464_136920,1
205464_242960,0
205464_107959,1
205464_245412,0
205464_25110,0
205464_268974,0
205466_22451,1
205466_194547,1
205466_6088,0
205466_200314,1
205466_236709,1
205466_219450,1
205469_181292,1
205469_290192,0
205469_116166,1
205469_231030,1
205469_236939,1
205469_27573,1
205476_151595,1
205476_278582,1
205476_285578,1
205476_261695,1
205476_125168,1
205476_150250,1
205477_294474,0
205477_120178,1
205477_32824,0
205477_164423,1
205477_109899,1
205477_6116,0
205480_156832,1
205480_80165,1
205480_128914,1
205480_230065,1
205480_265909,0
205480_47008,1
205483_268365,1
205483_123878,1
205483_115145,1
205483_120151,1
205483_225947,1
205483_168672,0
205485_255307,0
205485_10033,0
205485_246794,0
205485_51234,0
205485_132105,0
205485_271111,0
205487_15873,0
205487_212026,0
205487_134433,0
205487_77246,1
205487_162300,0
205487_112287,1
205488_41814,1
205488_5755,1
205488_159118,1
205488_175398,1
205488_96757,1
205488_48124,1
205491_57788,0
205491_12411,0
205491_10453,1
205491_270526,0
205491_124951,0
205491_236909,1
205493_162334,1
205493_237211,1
205493_117963,0
205493_222463,0
205493_10453,1
205493_274829,0
205498_63375,1
205498_295659,0
205498_173500,0
205498_61385,1
205498_166645,0
205498_250273,1
205502_161738,0
205502_70372,1
205502_139784,0
205502_163930,1
205502_245940,1
205502_82610,0
205504_167972,0
205504_199667,0
205504_42050,0
205504_164737,0
205504_159624,0
205504_248758,0
205505_263363,1
205505_81283,1
205505_163471,1
205505_62865,0
205505_110228,0
205505_294146,1
205506_56954,0
205506_13495,1
205506_289948,1
205506_35018,0
205506_117728,1
205506_186266,1
205510_182883,0
205510_21415,1
205510_134872,1
205510_78298,1
205510_38663,1
205510_144038,0
205513_170755,0
205513_120020,1
205513_24894,0
205513_145215,1
205513_137615,0
205513_244850,1
205516_236695,0
205516_6463,0
205516_104855,1
205516_225719,0
205516_62484,0
205516_98851,1
205520_49477,0
205520_171850,1
205520_8244,1
205520_277753,1
205520_100898,0
205520_229237,0
205522_94706,0
205522_166417,0
205522_295221,0
205522_118166,0
205522_229894,0
205522_53925,0
205524_173538,0
205524_271488,0
205524_265783,0
205524_91338,0
205524_5207,1
205524_130543,1
205525_225964,0
205525_262257,1
205525_65856,0
205525_179540,0
205525_134456,1
205525_17785,1
205527_172745,0
205527_205676,0
205527_293706,1
205527_46756,0
205527_133674,0
205527_123997,0
205533_99165,1
205533_202178,0
205533_266705,0
205533_113798,0
205533_253143,0
205533_125533,0
205535_225510,1
205535_53887,1
205535_294577,1
205535_144016,0
205535_151212,0
205535_140955,0
205540_286485,0
205540_117759,0
205540_217619,0
205540_127473,0
205540_39268,1
205540_210733,1
205541_227212,1
205541_244404,0
205541_266908,0
205541_148738,1
205541_200797,0
205541_156705,0
205548_7845,1
205548_271794,1
205548_224515,1
205548_110985,1
205548_191565,0
205548_200166,0
205549_183763,0
205549_32988,0
205549_282168,1
205549_121932,1
205549_6629,0
205549_288468,0
205551_245005,0
205551_287953,1
205551_222395,1
205551_77215,0
205551_128747,1
205551_158665,1
205556_147382,1
205556_96327,1
205556_159342,1
205556_152941,1
205556_52442,1
205556_257199,1
205558_31958,0
205558_194353,0
205558_141359,1
205558_128980,0
205558_157149,1
205558_110556,1
205561_276272,0
205561_172945,0
205561_242156,1
205561_6781,0
205561_139809,1
205561_238892,1
205562_57183,0
205562_176951,1
205562_165523,1
205562_95652,0
205562_213986,1
205562_289507,0
205564_126118,1
205564_237685,1
205564_20747,1
205564_229162,1
205564_208113,1
205564_70883,0
205566_50496,0
205566_114855,0
205566_206241,0
205566_60171,0
205566_118725,0
205566_290416,0
205567_110753,1
205567_217480,1
205567_286426,1
205567_103521,0
205567_86266,1
205567_36641,1
205568_185815,0
205568_113826,1
205568_137128,1
205568_42334,0
205568_144752,0
205568_232268,1
205569_221835,1
205569_274604,0
205569_208162,1
205569_289553,1
205569_169490,1
205569_145554,1
205571_199310,1
205571_78961,1
205571_119772,1
205571_150618,1
205571_51374,1
205571_258492,0
205574_141055,1
205574_45395,0
205574_51566,1
205574_128887,1
205574_234449,0
205574_67556,1
205575_243858,1
205575_282423,0
205575_166258,1
205575_2404,1
205575_22991,1
205575_27420,1
205578_292073,0
205578_49793,0
205578_40556,1
205578_283715,0
205578_187847,1
205578_175402,1
205579_185571,0
205579_40198,0
205579_108780,1
205579_55412,1
205579_60913,1
205579_42395,0
205580_238869,1
205580_79141,1
205580_22156,0
205580_44210,1
205580_285465,1
205580_70885,0
205582_200024,0
205582_21657,0
205582_247946,1
205582_261130,0
205582_278113,0
205582_203206,0
205587_189679,1
205587_2267,1
205587_252421,0
205587_130332,1
205587_53801,0
205587_23182,0
205588_103341,1
205588_6604,1
205588_128541,0
205588_30437,1
205588_83093,1
205588_272881,1
205592_191051,0
205592_166081,1
205592_43457,0
205592_24792,0
205592_55931,0
205592_26132,1
205594_218529,1
205594_204462,1
205594_143094,0
205594_178133,0
205594_170480,0
205594_220317,0
205596_43575,1
205596_182596,0
205596_17070,0
205596_236653,0
205596_83842,0
205596_247336,0
205599_67669,0
205599_247951,0
205599_87809,0
205599_277645,0
205599_55248,0
205599_236493,0
205600_172798,0
205600_194721,0
205600_293022,0
205600_248267,1
205600_93327,0
205600_17882,1
205601_42048,1
205601_216751,0
205601_10628,1
205601_109937,0
205601_31296,0
205601_129844,1
205604_193430,1
205604_163722,1
205604_169293,1
205604_273779,1
205604_105893,0
205604_126584,1
205606_214587,0
205606_52454,0
205606_53085,0
205606_270142,1
205606_287257,0
205606_294027,1
205608_232322,1
205608_63674,0
205608_221618,0
205608_12476,1
205608_164778,1
205608_272332,1
205611_197939,1
205611_97335,0
205611_30461,1
205611_240074,1
205611_13641,1
205611_229242,1
205614_116779,0
205614_104371,0
205614_121054,0
205614_100174,0
205614_21858,1
205614_239131,0
205615_116092,0
205615_154382,0
205615_130975,0
205615_118738,0
205615_55513,0
205615_42268,0
205616_80972,1
205616_150772,0
205616_160151,0
205616_122532,0
205616_244729,1
205616_289823,1
205620_209370,1
205620_123813,0
205620_216891,0
205620_73557,1
205620_79309,0
205620_259598,1
205625_12922,0
205625_2141,0
205625_221503,0
205625_132656,1
205625_52613,0
205625_87423,0
205630_295130,1
205630_41700,1
205630_126097,0
205630_130747,1
205630_200914,0
205630_231030,1
205633_238298,1
205633_289111,1
205633_109069,0
205633_269483,1
205633_185418,1
205633_281904,1
205635_218868,1
205635_280978,1
205635_216902,1
205635_144357,1
205635_207066,1
205635_207401,1
205636_81715,0
205636_101057,0
205636_238616,0
205636_123328,1
205636_280825,0
205636_158637,1
205643_34084,0
205643_119553,1
205643_148821,0
205643_38235,0
205643_4651,0
205643_72035,0
205644_119355,0
205644_255926,0
205644_146641,1
205644_31303,1
205644_196307,1
205644_229248,0
205645_284908,1
205645_185584,0
205645_73557,1
205645_113233,0
205645_21317,0
205645_39252,1
205646_132368,0
205646_141376,0
205646_156097,1
205646_107724,0
205646_176879,1
205646_272569,0
205647_61949,1
205647_221248,1
205647_107724,1
205647_274543,0
205647_199031,0
205647_45078,1
205654_284401,0
205654_222979,0
205654_39841,0
205654_72334,0
205654_62874,0
205654_80100,1
205655_249959,0
205655_210679,1
205655_238892,0
205655_92770,1
205655_249735,1
205655_26808,0
205657_268839,0
205657_214061,1
205657_294256,0
205657_67605,1
205657_280639,0
205657_8605,0
205660_144927,1
205660_77094,0
205660_121881,1
205660_202784,1
205660_45838,0
205660_134932,0
205671_8217,1
205671_144040,1
205671_86340,1
205671_244556,1
205671_205908,0
205671_148453,1
205673_215746,1
205673_78684,1
205673_186919,0
205673_167340,0
205673_268348,0
205673_256132,1
205676_283018,1
205676_72239,1
205676_152716,1
205676_28561,1
205676_204267,1
205676_42276,1
205677_75462,0
205677_39366,1
205677_95503,1
205677_249683,1
205677_52617,1
205677_18863,1
205678_188641,0
205678_109228,0
205678_234614,0
205678_99448,0
205678_46056,0
205678_254770,1
205680_206044,1
205680_76408,1
205680_198318,0
205680_177219,0
205680_252312,0
205680_44287,1
205681_243378,1
205681_108161,0
205681_210352,0
205681_249511,1
205681_201491,0
205681_128236,0
205682_86732,1
205682_255196,0
205682_102495,1
205682_194594,1
205682_202648,1
205682_67942,0
205685_171850,1
205685_242808,1
205685_105813,1
205685_295795,0
205685_138620,0
205685_262150,0
205687_80075,0
205687_79419,1
205687_160239,1
205687_101082,0
205687_36027,1
205687_202958,1
205690_180059,1
205690_213495,0
205690_234891,1
205690_151866,1
205690_176125,1
205690_59544,1
205691_82813,1
205691_28015,0
205691_265394,0
205691_136671,0
205691_111189,0
205691_107615,0
205693_89595,0
205693_50348,1
205693_61822,0
205693_123299,1
205693_236976,1
205693_252291,0
205694_85435,0
205694_158912,1
205694_249815,1
205694_59985,1
205694_270469,1
205694_14266,1
205695_21911,1
205695_94531,0
205695_206359,0
205695_266141,1
205695_51234,1
205695_198277,0
205696_265011,0
205696_184941,0
205696_123878,1
205696_42557,0
205696_276596,0
205696_86119,1
205697_92064,1
205697_73043,1
205697_69464,1
205697_135987,0
205697_44315,1
205697_252089,1
205698_145945,1
205698_80381,1
205698_224105,1
205698_236979,1
205698_184518,0
205698_34059,0
205701_11897,0
205701_26097,0
205701_193403,0
205701_193941,0
205701_201302,0
205701_235250,1
205706_71375,0
205706_233657,0
205706_150375,1
205706_177489,1
205706_202650,0
205706_199099,1
205708_97039,0
205708_236365,1
205708_90929,1
205708_26132,0
205708_204146,1
205708_248581,0
205712_136867,0
205712_84342,0
205712_239810,0
205712_223395,1
205712_77246,0
205712_164130,0
205713_15715,1
205713_150772,1
205713_227165,1
205713_25235,1
205713_76477,1
205713_190380,0
205717_108463,0
205717_110918,0
205717_18152,1
205717_101214,0
205717_133065,1
205717_255065,1
205720_179215,1
205720_257950,0
205720_215660,1
205720_150186,1
205720_103269,1
205720_114296,0
205721_28513,1
205721_147237,0
205721_118642,1
205721_249029,1
205721_196750,0
205721_215438,1
205723_108501,1
205723_37899,1
205723_130441,1
205723_199782,1
205723_153491,1
205723_192093,1
205724_96509,0
205724_221601,0
205724_267297,0
205724_91750,0
205724_128795,0
205724_233322,0
205725_200907,1
205725_263137,1
205725_174498,1
205725_40651,1
205725_174892,1
205725_191161,1
205726_191175,0
205726_126366,1
205726_22728,1
205726_251908,1
205726_68327,0
205726_69954,1
205728_141964,1
205728_255065,0
205728_6118,1
205728_72568,1
205728_213645,0
205728_30026,0
205730_259552,1
205730_184917,1
205730_31440,1
205730_60996,0
205730_123232,1
205730_100342,1
205731_205006,1
205731_222789,0
205731_158665,1
205731_221307,1
205731_92754,0
205731_84780,1
205732_170370,0
205732_50889,0
205732_94652,0
205732_63628,1
205732_61826,1
205732_277867,1
205733_179349,0
205733_268469,0
205733_268953,0
205733_203796,0
205733_142870,1
205733_56437,0
205738_229589,1
205738_37787,0
205738_172530,1
205738_17184,1
205738_54170,0
205738_267870,1
205739_8858,1
205739_204125,0
205739_248475,1
205739_75391,1
205739_195166,0
205739_267161,0
205745_36761,0
205745_157643,1
205745_140087,1
205745_92599,1
205745_105024,0
205745_47475,0
205746_84995,0
205746_110067,1
205746_255782,1
205746_33537,1
205746_257902,1
205746_203134,1
205747_43929,0
205747_125944,0
205747_295701,0
205747_108560,1
205747_19615,1
205747_36544,1
205750_253344,1
205750_31836,1
205750_239644,1
205750_243183,1
205750_17785,1
205750_235898,0
205755_96723,1
205755_169846,1
205755_16544,1
205755_20895,1
205755_262471,0
205755_244528,1
205757_204272,1
205757_276334,0
205757_163853,0
205757_86353,0
205757_142205,1
205757_199137,1
205759_207209,1
205759_24632,1
205759_99448,0
205759_290056,1
205759_257120,0
205759_74995,0
205761_152587,1
205761_267997,1
205761_131633,1
205761_107959,1
205761_153410,1
205761_257116,1
205763_176879,1
205763_160197,1
205763_93020,0
205763_216756,1
205763_73706,1
205763_91832,1
205764_292490,1
205764_17790,0
205764_208885,0
205764_139441,0
205764_252711,0
205764_44118,1
205765_31440,1
205765_104050,1
205765_89416,1
205765_218525,1
205765_173007,1
205765_233592,1
205767_73557,1
205767_288575,0
205767_45302,1
205767_200907,1
205767_295703,0
205767_53935,0
205768_261029,0
205768_71455,1
205768_68409,1
205768_38990,1
205768_159496,1
205768_180875,0
205769_138112,0
205769_29371,0
205769_223542,1
205769_126992,1
205769_135825,1
205769_109544,0
205772_152491,1
205772_87556,0
205772_157702,1
205772_20101,0
205772_293717,1
205772_268974,1
205774_187348,1
205774_227689,1
205774_20999,0
205774_234661,0
205774_261613,0
205774_17776,0
205778_239143,1
205778_22870,1
205778_35591,1
205778_286045,1
205778_199694,0
205778_123940,1
205790_15189,0
205790_185349,1
205790_119755,1
205790_34084,1
205790_146192,1
205790_105788,0
205791_226439,1
205791_80050,1
205791_52022,1
205791_98544,0
205791_260381,0
205791_17645,0
205793_14994,1
205793_89647,0
205793_288404,1
205793_1407,0
205793_231206,1
205793_53459,1
205796_151331,0
205796_265278,0
205796_34583,1
205796_45872,0
205796_268761,0
205796_33195,0
205797_263787,0
205797_20992,0
205797_131669,0
205797_154135,0
205797_221371,0
205797_172745,0
205799_189755,0
205799_287057,0
205799_175560,0
205799_217435,0
205799_44557,0
205799_176586,0
205801_104342,0
205801_271794,0
205801_194512,0
205801_71004,1
205801_71402,0
205801_106094,0
205802_152151,1
205802_133381,0
205802_155596,1
205802_54636,1
205802_38282,1
205802_57772,0
205806_294753,0
205806_103097,0
205806_108855,0
205806_13796,0
205806_150110,0
205806_240545,0
205808_91591,1
205808_32754,0
205808_285488,0
205808_163853,1
205808_158835,0
205808_291238,1
205810_37517,1
205810_103268,1
205810_240074,1
205810_247441,1
205810_77301,1
205810_66911,0
205812_84521,0
205812_169566,0
205812_172099,1
205812_94274,1
205812_79784,1
205812_246970,1
205815_242586,0
205815_264901,1
205815_88448,1
205815_202922,0
205815_132290,1
205815_39969,0
205817_244697,1
205817_215196,1
205817_226681,0
205817_106176,1
205817_176083,0
205817_26734,0
205819_104812,0
205819_207450,1
205819_240094,1
205819_171850,1
205819_57881,1
205819_153934,1
205825_23285,1
205825_118799,1
205825_230717,0
205825_949,1
205825_84907,0
205825_128192,0
205826_288807,1
205826_250760,0
205826_8669,1
205826_124935,0
205826_119064,1
205826_106428,1
205827_114465,0
205827_281141,1
205827_86103,1
205827_211931,1
205827_81589,0
205827_260869,1
205828_172420,1
205828_86194,1
205828_34428,1
205828_295221,0
205828_154740,1
205828_249717,1
205830_250798,0
205830_116166,0
205830_248548,0
205830_78345,0
205830_8542,0
205830_137608,0
205833_288806,1
205833_278923,1
205833_247086,1
205833_287625,1
205833_21454,1
205833_195560,0
205834_71524,0
205834_92075,1
205834_44874,0
205834_294134,1
205834_153936,0
205834_118642,1
205844_244406,0
205844_231282,0
205844_238411,0
205844_108768,1
205844_236223,0
205844_22156,1
205845_141142,0
205845_99629,0
205845_133449,0
205845_144795,0
205845_38556,0
205845_111755,1
205846_190154,1
205846_40847,1
205846_184277,1
205846_239284,1
205846_291128,1
205846_238121,0
205847_203088,0
205847_231687,1
205847_285401,0
205847_229500,1
205847_217398,1
205847_206655,0
205848_252250,1
205848_201157,0
205848_182452,1
205848_243774,0
205848_2102,0
205848_236750,1
205852_32249,1
205852_67942,1
205852_295623,1
205852_156705,1
205852_135278,1
205852_91989,1
205857_39477,1
205857_6522,0
205857_113783,1
205857_277867,1
205857_116646,0
205857_103870,1
205858_46063,1
205858_158358,1
205858_83187,1
205858_12279,0
205858_27622,0
205858_226489,0
205860_167616,0
205860_53964,0
205860_46756,0
205860_33628,0
205860_65494,0
205860_12766,0
205863_127402,0
205863_287583,0
205863_20208,0
205863_109024,0
205863_113710,1
205863_274290,1
205864_120278,1
205864_261800,1
205864_82537,1
205864_200093,0
205864_59524,0
205864_17052,1
205874_267359,0
205874_184634,0
205874_228077,1
205874_135745,0
205874_125944,0
205874_60206,1
205875_125770,1
205875_195560,0
205875_223038,0
205875_156534,1
205875_104207,0
205875_92930,0
205876_294674,0
205876_290530,1
205876_279698,1
205876_197270,0
205876_292379,0
205876_203569,0
205877_172935,1
205877_167617,1
205877_207239,0
205877_122187,0
205877_144111,1
205877_292863,0
205888_249008,0
205888_96407,1
205888_213741,1
205888_187355,1
205888_170150,1
205888_185407,0
205890_43392,1
205890_272344,0
205890_122062,0
205890_159255,1
205890_293533,1
205890_57280,0
205891_236939,1
205891_2129,1
205891_226590,0
205891_22239,0
205891_194839,1
205891_60285,0
205897_102837,1
205897_278925,1
205897_255803,0
205897_210854,1
205897_229233,0
205897_73557,1
205904_63834,1
205904_264668,1
205904_271623,1
205904_20883,0
205904_150945,0
205904_165847,0
205906_105338,0
205906_210455,1
205906_37753,0
205906_179502,1
205906_230239,0
205906_117671,1
205912_124885,1
205912_11674,1
205912_128579,1
205912_154387,1
205912_166288,0
205912_51965,1
205913_90335,1
205913_49506,0
205913_74025,0
205913_137128,1
205913_22754,1
205913_142796,1
205916_134951,0
205916_8691,1
205916_20460,0
205916_71685,1
205916_106714,0
205916_205370,0
205918_151690,1
205918_207449,1
205918_59211,0
205918_21741,1
205918_73043,1
205918_234626,0
205919_258721,1
205919_45171,1
205919_198368,1
205919_259517,0
205919_183505,0
205919_70500,0
205920_174805,0
205920_49824,1
205920_146407,1
205920_262093,1
205920_246593,1
205920_247343,0
205926_253373,1
205926_27740,0
205926_148499,0
205926_165444,1
205926_61857,1
205926_187940,0
205927_21222,0
205927_5944,1
205927_281136,0
205927_253265,1
205927_24434,0
205927_82912,1
205928_78434,1
205928_67504,1
205928_125166,1
205928_88839,0
205928_269227,0
205928_182869,0
205930_10470,0
205930_210679,1
205930_170676,1
205930_190932,1
205930_76392,1
205930_206985,1
205931_153617,1
205931_173538,1
205931_165847,1
205931_64561,1
205931_113552,0
205931_47136,1
205932_198231,0
205932_86511,0
205932_7180,1
205932_37833,0
205932_106602,1
205932_238161,0
205933_188579,0
205933_52519,1
205933_236207,0
205933_253109,0
205933_3307,0
205933_162777,0
205937_165685,1
205937_198043,0
205937_183583,0
205937_15970,1
205937_266555,1
205937_225036,1
205940_263230,1
205940_133302,1
205940_73203,1
205940_213259,0
205940_65494,0
205940_27345,0
205943_63072,1
205943_229244,0
205943_274200,0
205943_134403,0
205943_189306,0
205943_288455,1
205945_77246,0
205945_185295,0
205945_122933,0
205945_147882,1
205945_52233,1
205945_235341,1
205947_89252,0
205947_261113,1
205947_35077,0
205947_169125,0
205947_156674,1
205947_287377,1
205948_219726,0
205948_10628,1
205948_64461,1
205948_292418,1
205948_283327,0
205948_225893,1
205949_278223,0
205949_234602,0
205949_57000,1
205949_136164,1
205949_146981,0
205949_207717,1
205951_261450,1
205951_154902,0
205951_230797,1
205951_274388,0
205951_251810,1
205951_50748,1
205954_207175,1
205954_20747,1
205954_24242,0
205954_262288,1
205954_11278,0
205954_172209,1
205956_284665,0
205956_119294,1
205956_109170,1
205956_244415,1
205956_139938,0
205956_187048,1
205957_196685,1
205957_48266,0
205957_229543,0
205957_19406,1
205957_190212,1
205957_229242,1
205960_266566,0
205960_17790,1
205960_236248,1
205960_77558,1
205960_46053,0
205960_76601,1
205961_76477,0
205961_28989,0
205961_212524,1
205961_164191,0
205961_223064,0
205961_212149,0
205962_31974,1
205962_163364,0
205962_18099,0
205962_218112,1
205962_114345,1
205962_124416,0
205963_106318,1
205963_240094,1
205963_211591,1
205963_49236,1
205963_291410,1
205963_47084,1
205964_177911,1
205964_45612,1
205964_219256,1
205964_85638,0
205964_118737,1
205964_154484,0
205965_276615,0
205965_189909,0
205965_74688,1
205965_272763,0
205965_240094,1
205965_243440,1
205972_1704,1
205972_50079,1
205972_49171,0
205972_137209,0
205972_32050,1
205972_3610,0
205975_8669,1
205975_85596,1
205975_277360,1
205975_38354,1
205975_228397,1
205975_135181,1
205979_109667,0
205979_6734,0
205979_294698,0
205979_140381,0
205979_178913,0
205979_67881,0
205980_242405,1
205980_210744,1
205980_174387,0
205980_62052,1
205980_33774,0
205980_286454,1
205981_255012,0
205981_66902,1
205981_32098,1
205981_121048,1
205981_219412,1
205981_81100,1
205982_176802,0
205982_163884,1
205982_183185,0
205982_387,1
205982_275712,0
205982_69556,0
205983_278582,1
205983_134081,1
205983_264957,1
205983_224410,1
205983_255962,1
205983_269280,1
205986_207449,1
205986_181774,0
205986_82430,1
205986_247777,0
205986_66943,1
205986_113871,1
205987_180341,0
205987_279408,1
205987_242066,1
205987_219764,1
205987_68360,1
205987_147342,0
205989_181496,1
205989_250273,1
205989_90712,1
205989_77246,1
205989_104483,1
205989_65284,1
205990_177230,0
205990_97319,0
205990_41843,1
205990_193526,0
205990_57671,1
205990_11430,1
205996_274352,1
205996_244372,1
205996_75976,1
205996_28142,1
205996_295024,1
205996_98540,1
205997_129610,0
205997_99318,1
205997_199345,0
205997_73557,1
205997_6111,1
205997_254499,1
205999_132179,1
205999_236832,0
205999_281946,1
205999_284093,1
205999_264575,0
205999_265309,0
206000_2141,1
206000_62691,1
206000_192476,0
206000_289817,1
206000_171248,1
206000_25107,1
206004_568,0
206004_46922,0
206004_214979,1
206004_253140,1
206004_55675,1
206004_289647,0
206006_271070,1
206006_171270,0
206006_63415,1
206006_218868,0
206006_74860,1
206006_228880,0
206010_210508,1
206010_13796,0
206010_213584,1
206010_38168,1
206010_171253,1
206010_230614,0
206012_256118,0
206012_255945,0
206012_9308,1
206012_130436,0
206012_102989,0
206012_272522,0
206013_203224,1
206013_269171,1
206013_91604,1
206013_246219,1
206013_268110,1
206013_185615,1
206015_183204,1
206015_233790,0
206015_260795,0
206015_100831,1
206015_178264,0
206015_220806,0
206016_190571,0
206016_247366,1
206016_18079,0
206016_43077,1
206016_287979,1
206016_266382,0
206017_113224,0
206017_284203,1
206017_81980,0
206017_236433,0
206017_171373,0
206017_84503,0
206021_166,0
206021_62893,1
206021_75153,1
206021_266280,1
206021_292818,1
206021_44021,1
206024_105387,1
206024_82964,1
206024_243907,1
206024_109020,1
206024_29428,1
206024_271192,1
206028_262670,1
206028_284195,0
206028_9297,0
206028_238961,0
206028_278646,0
206028_51286,0
206030_41735,1
206030_129748,1
206030_172782,0
206030_146498,0
206030_67246,0
206030_104991,0
206031_284705,0
206031_43564,0
206031_248385,0
206031_254916,0
206031_65494,1
206031_1779,1
206032_6960,0
206032_17742,1
206032_30556,0
206032_168107,1
206032_188810,0
206032_211298,0
206033_137613,1
206033_119040,0
206033_79098,0
206033_243335,0
206033_14303,1
206033_208438,1
206035_257772,0
206035_87101,0
206035_142428,0
206035_238121,1
206035_123579,0
206035_8544,1
206037_254625,1
206037_173257,0
206037_277961,1
206037_170214,1
206037_151720,1
206037_160011,0
206038_37631,0
206038_230700,1
206038_267915,0
206038_199757,1
206038_279204,0
206038_48201,0
206039_129467,0
206039_223862,1
206039_266108,1
206039_138993,0
206039_120535,1
206039_109899,1
206043_280992,0
206043_38181,1
206043_251949,1
206043_286694,1
206043_284840,1
206043_294920,1
206045_277957,1
206045_110928,0
206045_42557,1
206045_225750,1
206045_105635,1
206045_174892,1
206047_49440,1
206047_49594,1
206047_139745,1
206047_163570,0
206047_254117,0
206047_90219,1
206049_106644,1
206049_188056,0
206049_83265,1
206049_147585,1
206049_25855,1
206049_266431,1
206050_58443,1
206050_255065,0
206050_74765,0
206050_207366,1
206050_130938,1
206050_158210,1
206051_63545,1
206051_155463,1
206051_267297,1
206051_76693,0
206051_199132,1
206051_51965,1
206053_274078,1
206053_255180,0
206053_275085,1
206053_286329,1
206053_105070,1
206053_73665,0
206054_28806,0
206054_263321,1
206054_47964,1
206054_226950,1
206054_276203,1
206054_246946,1
206055_14655,1
206055_232977,1
206055_20895,1
206055_175884,0
206055_78423,0
206055_164787,1
206057_32405,1
206057_247666,1
206057_224688,1
206057_155049,0
206057_71402,1
206057_1040,1
206059_114406,1
206059_182054,1
206059_50802,1
206059_139886,1
206059_146446,1
206059_123997,1
206063_150707,1
206063_119064,0
206063_31498,0
206063_139631,1
206063_146605,1
206063_76937,0
206064_239989,1
206064_141283,1
206064_260814,0
206064_249335,1
206064_61145,1
206064_102735,1
206065_15617,1
206065_184799,1
206065_272116,1
206065_242416,1
206065_55958,0
206065_223536,1
206066_82422,0
206066_89164,1
206066_84768,1
206066_254496,0
206066_77695,1
206066_194060,1
206067_210150,1
206067_292527,0
206067_207081,0
206067_9408,0
206067_113135,0
206067_76685,0
206068_85803,0
206068_152941,0
206068_228909,1
206068_215208,1
206068_210854,0
206068_97328,1
206071_220786,0
206071_125970,1
206071_119355,1
206071_22398,1
206071_110669,1
206071_215335,0
206072_226585,1
206072_32704,1
206072_99692,1
206072_112225,0
206072_167234,0
206072_111908,0
206075_192756,1
206075_10085,1
206075_196755,1
206075_6240,1
206075_225874,1
206075_49685,1
206076_58443,1
206076_53704,1
206076_6198,1
206076_225997,0
206076_26097,0
206076_126239,1
206079_272575,1
206079_208894,0
206079_241669,1
206079_51086,0
206079_270004,1
206079_262057,1
206081_138880,0
206081_243081,0
206081_155703,1
206081_253736,0
206081_19314,1
206081_108279,0
206083_291516,0
206083_130543,1
206083_133634,1
206083_176706,1
206083_143603,1
206083_48954,1
206086_188408,0
206086_93632,0
206086_186266,0
206086_100290,0
206086_21514,0
206086_214729,1
206087_182297,1
206087_233141,0
206087_293811,0
206087_78910,1
206087_53464,0
206087_180704,1
206089_235213,1
206089_20124,0
206089_171693,1
206089_192962,1
206089_64884,1
206089_287970,1
206090_210614,0
206090_141612,0
206090_278815,0
206090_74435,0
206090_189324,0
206090_51450,0
206091_148659,0
206091_189214,1
206091_24891,0
206091_126973,1
206091_157016,0
206091_147523,1
206092_6875,0
206092_127703,0
206092_25974,1
206092_248452,0
206092_103891,1
206092_295907,1
206093_188035,0
206093_166554,0
206093_270515,0
206093_127880,0
206093_271783,1
206093_286439,0
206094_113233,1
206094_283425,1
206094_29440,0
206094_59811,0
206094_44927,1
206094_282774,1
206095_213237,0
206095_88858,1
206095_13796,0
206095_152798,0
206095_40326,0
206095_276760,1
206097_132777,1
206097_190087,1
206097_295799,1
206097_67942,0
206097_281418,1
206097_79921,1
206099_222892,1
206099_270737,1
206099_15876,0
206099_34822,0
206099_211631,1
206099_252656,0
206100_69158,0
206100_268974,1
206100_244238,1
206100_222274,0
206100_156784,1
206100_203651,0
206102_182336,0
206102_153172,1
206102_5506,1
206102_108873,0
206102_245486,1
206102_74098,1
206104_187348,0
206104_102134,1
206104_105049,1
206104_294860,1
206104_17404,0
206104_75905,0
206105_268603,0
206105_157373,1
206105_202599,1
206105_196733,1
206105_147585,1
206105_238995,1
206106_152536,1
206106_273740,1
206106_118659,0
206106_109544,1
206106_172024,0
206106_200856,1
206107_84033,0
206107_177824,0
206107_7859,0
206107_153972,1
206107_269685,0
206107_219317,0
206109_140113,0
206109_223796,1
206109_120535,1
206109_63532,0
206109_170331,1
206109_63471,0
206110_148036,0
206110_40736,1
206110_57636,0
206110_291706,0
206110_249437,1
206110_24547,1
206111_6378,0
206111_194224,0
206111_101082,0
206111_8192,0
206111_61024,0
206111_82260,0
206112_33603,1
206112_216028,0
206112_113590,1
206112_115335,0
206112_211324,1
206112_271351,0
206117_180899,0
206117_249464,1
206117_191626,1
206117_195967,0
206117_7055,1
206117_58702,1
206118_171584,1
206118_248267,1
206118_185664,1
206118_29988,0
206118_234342,1
206118_275056,1
206127_245509,1
206127_230460,1
206127_7698,1
206127_227713,1
206127_165734,1
206127_131863,1
206128_72192,0
206128_153409,1
206128_170037,0
206128_19615,0
206128_137247,1
206128_55021,0
206130_82365,1
206130_147920,1
206130_90813,1
206130_119451,1
206130_164710,0
206130_20797,1
206132_275274,0
206132_108120,1
206132_261653,1
206132_205259,1
206132_144483,1
206132_92449,1
206142_268131,1
206142_211560,0
206142_93092,0
206142_230929,0
206142_220125,1
206142_99485,0
206143_266887,0
206143_126992,1
206143_289970,1
206143_77896,0
206143_83641,1
206143_197270,1
206144_60008,0
206144_215223,1
206144_34084,1
206144_181208,1
206144_7596,1
206144_166193,0
206145_90278,0
206145_238022,0
206145_88592,1
206145_96861,1
206145_228865,1
206145_73628,0
206146_146618,0
206146_161958,1
206146_248798,1
206146_47926,0
206146_84041,0
206146_178878,1
206147_274871,1
206147_150680,0
206147_161598,1
206147_144317,0
206147_180306,1
206147_138733,0
206149_30742,0
206149_231146,0
206149_141772,1
206149_263044,1
206149_42092,0
206149_25885,1
206151_212159,1
206151_156250,0
206151_188481,0
206151_134852,0
206151_204649,0
206151_259950,1
206153_293310,0
206153_244850,1
206153_272937,0
206153_268085,1
206153_219532,1
206153_134456,1
206158_163508,0
206158_216497,1
206158_238867,1
206158_23321,1
206158_166203,1
206158_189775,1
206159_244668,0
206159_182550,0
206159_94571,1
206159_132858,1
206159_200856,0
206159_185252,1
206161_294522,0
206161_76601,1
206161_86732,1
206161_70188,1
206161_87727,0
206161_279280,1
206163_281026,1
206163_126615,0
206163_79396,0
206163_271163,0
206163_79115,1
206163_89301,0
206166_242764,0
206166_268635,0
206166_20206,0
206166_179905,0
206166_109671,0
206166_227345,0
206168_77454,1
206168_12003,1
206168_23135,1
206168_230068,1
206168_30742,1
206168_101433,0
206171_23287,1
206171_135959,1
206171_193475,1
206171_116566,0
206171_122008,1
206171_242220,1
206172_288533,1
206172_33039,0
206172_263438,0
206172_19573,1
206172_269776,1
206172_203339,0
206177_107338,1
206177_23919,0
206177_81203,1
206177_103055,1
206177_171830,1
206177_92995,0
206178_67509,1
206178_171233,1
206178_268005,0
206178_148708,1
206178_246923,0
206178_161907,1
206182_222381,0
206182_87854,0
206182_173038,0
206182_167873,0
206182_24769,1
206182_247797,0
206185_186068,0
206185_225690,1
206185_132656,1
206185_117661,1
206185_130241,1
206185_245693,0
206187_101321,0
206187_158792,0
206187_223542,1
206187_129742,0
206187_257913,1
206187_155158,1
206190_176480,0
206190_225174,1
206190_217825,1
206190_170092,0
206190_157001,1
206190_41802,1
206192_3856,1
206192_173990,1
206192_36793,1
206192_213698,1
206192_110777,1
206192_110260,1
206193_96932,1
206193_290250,1
206193_60913,1
206193_31259,1
206193_279310,1
206193_248009,0
206196_247662,1
206196_263438,0
206196_228598,1
206196_243667,1
206196_133264,1
206196_30271,0
206199_284946,0
206199_218277,1
206199_19596,1
206199_202034,1
206199_172339,1
206199_185481,1
206200_238892,0
206200_292079,0
206200_235551,1
206200_240753,1
206200_252172,1
206200_245984,1
206203_242360,0
206203_204221,0
206203_196957,0
206203_13669,0
206203_242894,0
206203_50296,0
206204_231891,0
206204_188137,0
206204_20739,0
206204_268716,1
206204_257520,1
206204_134403,1
206209_12026,0
206209_85659,0
206209_13284,0
206209_22572,1
206209_38526,1
206209_134951,1
206210_256093,0
206210_70292,1
206210_245734,0
206210_86451,0
206210_41733,0
206210_140465,1
206213_118129,1
206213_273400,0
206213_148053,0
206213_220566,1
206213_183637,0
206213_116741,1
206214_26225,0
206214_285511,0
206214_149611,1
206214_285366,1
206214_131359,0
206214_25231,1
206216_35953,1
206216_143669,1
206216_246993,1
206216_175211,1
206216_189952,1
206216_155249,0
206220_249530,1
206220_230797,1
206220_216597,1
206220_218547,0
206220_278687,1
206220_86266,1
206221_191565,0
206221_213761,0
206221_194655,1
206221_165283,1
206221_61789,1
206221_122616,1
206224_117651,0
206224_286626,0
206224_193206,0
206224_130523,1
206224_265129,0
206224_176586,0
206236_3413,1
206236_153492,1
206236_229304,0
206236_3240,1
206236_64409,0
206236_268917,1
206239_9936,1
206239_41762,1
206239_286462,0
206239_292203,0
206239_129596,1
206239_252284,0
206240_248811,1
206240_248917,1
206240_111165,0
206240_274359,1
206240_232141,1
206240_210602,1
206241_103722,0
206241_106639,1
206241_33617,0
206241_5791,1
206241_245277,0
206241_55166,0
206244_175250,1
206244_246243,0
206244_232351,1
206244_88855,0
206244_263647,1
206244_140840,1
206245_100384,1
206245_76693,1
206245_295314,1
206245_163176,0
206245_205897,0
206245_244947,1
206247_23325,0
206247_235849,1
206247_8252,1
206247_159583,0
206247_223475,1
206247_207389,1
206250_243100,1
206250_186289,1
206250_274397,1
206250_131564,1
206250_234884,1
206250_76477,1
206253_46336,0
206253_170506,1
206253_176515,1
206253_127562,0
206253_18066,0
206253_137615,1
206255_256132,1
206255_15696,1
206255_5704,0
206255_204080,1
206255_59006,1
206255_228140,1
206264_256294,1
206264_210990,0
206264_56665,0
206264_255003,1
206264_230898,1
206264_270395,0
206267_264152,1
206267_201449,0
206267_67007,0
206267_178506,1
206267_210390,0
206267_51849,0
206268_169878,1
206268_179563,1
206268_46242,1
206268_248887,1
206268_122347,1
206268_47528,1
206270_159972,0
206270_157111,1
206270_22858,1
206270_279589,0
206270_172031,1
206270_295735,0
206273_20485,0
206273_118737,0
206273_92881,0
206273_2535,1
206273_195077,1
206273_211217,0
206276_128672,0
206276_63456,0
206276_161708,1
206276_109877,1
206276_254625,1
206276_107886,1
206277_149472,0
206277_206372,0
206277_164737,1
206277_28886,0
206277_172257,0
206277_261346,1
206278_166193,0
206278_100831,1
206278_10206,1
206278_217200,1
206278_74490,1
206278_73227,0
206280_128562,0
206280_229243,0
206280_100062,1
206280_87086,1
206280_58443,1
206280_166099,0
206287_206713,1
206287_288628,1
206287_202784,1
206287_34461,0
206287_60557,1
206287_23057,1
206290_17882,0
206290_13910,1
206290_74002,0
206290_165215,1
206290_6589,0
206290_197189,1
206291_214505,1
206291_52511,1
206291_30877,1
206291_261797,1
206291_291336,1
206291_92874,0
206292_248952,1
206292_51465,1
206292_164271,1
206292_55598,1
206292_232242,0
206292_86183,1
206297_39332,1
206297_269065,1
206297_225598,0
206297_277827,1
206297_249446,1
206297_180370,1
206299_270454,1
206299_130731,1
206299_136523,0
206299_246097,1
206299_251474,1
206299_244047,1
206311_247413,1
206311_291302,1
206311_113707,1
206311_119394,1
206311_228562,1
206311_162018,0
206312_293884,1
206312_264826,1
206312_292716,1
206312_136885,1
206312_180456,1
206312_20655,1
206313_105061,1
206313_266225,1
206313_171951,1
206313_156898,1
206313_82732,1
206313_123749,1
206317_183872,1
206317_234421,0
206317_29189,1
206317_194662,1
206317_55085,0
206317_284451,0
206318_101434,1
206318_149751,0
206318_108241,0
206318_248033,0
206318_264806,0
206318_118675,1
206319_32033,1
206319_19964,0
206319_231,1
206319_263034,0
206319_270533,1
206319_271416,1
206320_85194,1
206320_34829,0
206320_159496,1
206320_205018,1
206320_87261,1
206320_156153,1
206321_188703,1
206321_247218,1
206321_4604,1
206321_118375,1
206321_69994,1
206321_210733,1
206322_253545,1
206322_38933,1
206322_291603,1
206322_262787,1
206322_68942,1
206322_151000,1
206323_196140,0
206323_292341,1
206323_170809,1
206323_12476,1
206323_42907,1
206323_225426,1
206324_262542,1
206324_253486,0
206324_230508,1
206324_266566,0
206324_281886,0
206324_13758,0
206331_113922,0
206331_240854,0
206331_111580,0
206331_73182,0
206331_149035,0
206331_135721,0
206332_231566,1
206332_145730,1
206332_12095,1
206332_262192,0
206332_185776,0
206332_246593,1
206333_262534,0
206333_159232,0
206333_188111,1
206333_171282,1
206333_256589,0
206333_194944,0
206335_167750,1
206335_21415,1
206335_27,1
206335_275231,1
206335_110313,0
206335_3569,1
206337_64044,0
206337_142715,1
206337_12497,0
206337_190227,0
206337_94478,1
206337_270148,1
206340_29404,1
206340_56437,1
206340_267557,1
206340_249121,1
206340_45823,1
206340_87058,1
206342_116812,1
206342_205018,1
206342_78996,0
206342_95777,0
206342_79349,1
206342_248554,0
206345_41114,0
206345_256424,1
206345_250167,1
206345_223862,1
206345_144326,1
206345_17389,0
206346_30002,1
206346_257260,0
206346_154860,1
206346_43026,1
206346_131305,0
206346_59780,1
206347_30979,0
206347_204209,0
206347_61939,0
206347_221618,0
206347_179890,0
206347_170773,0
206349_46795,0
206349_122337,1
206349_262955,1
206349_24822,1
206349_119453,1
206349_105306,1
206351_30917,0
206351_150724,0
206351_263249,0
206351_48874,0
206351_166959,0
206351_246000,1
206352_155049,0
206352_29228,0
206352_138462,0
206352_92498,0
206352_213095,0
206352_22385,0
206354_53126,1
206354_253231,0
206354_193003,1
206354_163366,0
206354_226836,1
206354_108161,1
206356_222793,0
206356_247415,0
206356_218564,1
206356_163775,0
206356_103351,0
206356_184525,1
206357_56221,1
206357_36024,1
206357_38990,1
206357_89641,1
206357_257520,1
206357_101779,1
206358_210062,1
206358_96911,0
206358_121408,0
206358_272652,0
206358_48282,1
206358_235658,0
206360_51584,0
206360_91145,1
206360_233515,0
206360_96631,0
206360_174820,1
206360_270419,1
206363_102333,0
206363_274334,0
206363_205311,0
206363_259458,0
206363_78317,0
206363_256751,0
206365_254703,0
206365_160218,0
206365_85844,0
206365_224189,0
206365_14665,0
206365_130302,0
206366_292852,0
206366_155798,0
206366_258252,1
206366_235716,1
206366_6477,0
206366_147573,1
206373_17943,1
206373_244729,1
206373_54263,1
206373_238458,1
206373_201216,1
206373_27085,1
206374_219973,1
206374_277268,0
206374_104207,1
206374_80916,1
206374_248074,1
206374_235658,0
206375_151926,1
206375_231206,0
206375_163041,1
206375_179433,0
206375_270004,1
206375_216316,1
206376_143570,0
206376_15129,0
206376_155189,1
206376_118920,0
206376_231092,0
206376_173007,1
206378_153311,1
206378_255060,0
206378_159024,0
206378_43565,1
206378_40857,0
206378_94409,1
206381_236642,1
206381_186785,1
206381_140945,0
206381_209029,1
206381_177653,1
206381_216843,1
206382_140950,0
206382_137694,1
206382_18433,0
206382_25635,0
206382_252285,1
206382_210830,1
206386_225598,0
206386_213222,0
206386_85833,1
206386_213584,1
206386_180492,0
206386_138834,0
206390_119532,0
206390_230677,1
206390_473,0
206390_206044,0
206390_42815,1
206390_289282,1
206395_189755,1
206395_87792,0
206395_63792,0
206395_150355,0
206395_276411,1
206395_110426,1
206397_219794,1
206397_237172,1
206397_242432,1
206397_152843,1
206397_178259,1
206397_63779,0
206399_240309,1
206399_195117,0
206399_177400,0
206399_39917,1
206399_137170,1
206399_239591,1
206402_231629,1
206402_262601,1
206402_110191,1
206402_127276,0
206402_20079,0
206402_61975,0
206403_102611,1
206403_163315,1
206403_193857,1
206403_134456,1
206403_109128,0
206403_263044,1
206407_104780,1
206407_265703,0
206407_1916,1
206407_230797,1
206407_223738,0
206407_83127,1
206408_133479,1
206408_116439,1
206408_53842,0
206408_202982,1
206408_163096,1
206408_130812,1
206410_109487,0
206410_4101,1
206410_95503,0
206410_72162,0
206410_85642,0
206410_278459,1
206411_244657,1
206411_125669,1
206411_237704,1
206411_30224,1
206411_111621,1
206411_201249,1
206412_147896,1
206412_144993,1
206412_154980,0
206412_32548,1
206412_272575,0
206412_106441,1
206414_121838,1
206414_235828,0
206414_131186,0
206414_262811,1
206414_33774,0
206414_63542,0
206418_42246,0
206418_71574,0
206418_46424,1
206418_58838,0
206418_230125,0
206418_268974,0
206421_82634,0
206421_124359,0
206421_207462,1
206421_284167,1
206421_90254,1
206421_119229,1
206423_134510,1
206423_76499,1
206423_185341,0
206423_76685,1
206423_33120,1
206423_221726,0
206424_238389,0
206424_209665,0
206424_293108,0
206424_182009,0
206424_202342,0
206424_163694,0
206425_158858,0
206425_228509,1
206425_22196,1
206425_240074,0
206425_20655,1
206425_33020,1
206429_15776,1
206429_104780,1
206429_120377,0
206429_249649,1
206429_277404,1
206429_210390,0
206431_279176,1
206431_193883,1
206431_216542,1
206431_183431,1
206431_70188,0
206431_236695,1
206433_123687,0
206433_65981,1
206433_5869,1
206433_29894,1
206433_220973,1
206433_112449,1
206435_173952,1
206435_169169,1
206435_168141,0
206435_131030,0
206435_109362,0
206435_40868,1
206438_242765,1
206438_26716,1
206438_72517,1
206438_55061,1
206438_147209,1
206438_152319,1
206440_128562,0
206440_209629,0
206440_126806,1
206440_190420,0
206440_52063,0
206440_249827,1
206441_80688,0
206441_126274,0
206441_263249,1
206441_283685,0
206441_211093,1
206441_87090,1
206444_258974,1
206444_176916,1
206444_92588,0
206444_3569,1
206444_175818,1
206444_141834,0
206450_54995,1
206450_46357,1
206450_228140,1
206450_164307,1
206450_227919,1
206450_245668,1
206451_273837,1
206451_99448,1
206451_19902,1
206451_207465,1
206451_113065,1
206451_62580,1
206453_51034,1
206453_172604,1
206453_113219,1
206453_239933,0
206453_162541,1
206453_224914,1
206454_292863,1
206454_244283,1
206454_52464,1
206454_140019,1
206454_22728,1
206454_178423,1
206457_257085,0
206457_95215,0
206457_232679,0
206457_66639,0
206457_295766,1
206457_134885,1
206458_242843,0
206458_83825,0
206458_151623,0
206458_133381,0
206458_190092,1
206458_161072,1
206459_19518,1
206459_16265,1
206459_163881,0
206459_104463,1
206459_138685,1
206459_213042,1
206460_249195,1
206460_153562,1
206460_64855,1
206460_150748,1
206460_29963,0
206460_17790,1
206463_50972,0
206463_137071,0
206463_126711,0
206463_276147,0
206463_271416,0
206463_74548,0
206464_3569,1
206464_158665,1
206464_184977,0
206464_51468,0
206464_66593,1
206464_255280,1
206466_187433,1
206466_202350,0
206466_90198,1
206466_166,1
206466_102136,1
206466_107761,1
206467_285034,1
206467_69860,1
206467_174796,0
206467_265509,1
206467_14858,0
206467_82581,1
206469_196106,0
206469_185039,0
206469_59058,1
206469_118690,1
206469_58026,1
206469_156741,0
206473_185269,0
206473_114421,1
206473_266150,0
206473_234437,0
206473_140136,0
206473_40543,1
206477_149995,0
206477_248976,0
206477_255809,0
206477_165044,0
206477_36008,0
206477_284294,0
206478_206244,1
206478_213876,1
206478_198531,0
206478_254092,1
206478_167873,1
206478_143915,1
206488_66013,0
206488_144240,1
206488_39137,0
206488_245030,0
206488_119064,1
206488_229894,1
206490_75419,0
206490_42005,1
206490_265755,1
206490_50380,1
206490_244947,0
206490_28142,0
206492_133617,0
206492_197553,0
206492_197939,0
206492_147617,0
206492_91475,0
206492_272907,0
206495_29848,1
206495_184977,1
206495_114997,1
206495_92292,1
206495_154766,0
206495_133679,1
206496_279136,0
206496_36734,1
206496_114070,1
206496_90143,1
206496_136823,1
206496_125926,1
206497_129430,1
206497_85516,1
206497_121354,1
206497_279103,0
206497_110099,1
206497_52782,1
206498_141610,1
206498_61778,1
206498_288162,1
206498_116601,1
206498_110779,1
206498_124043,1
206501_124329,0
206501_150748,1
206501_158835,1
206501_144718,1
206501_101044,1
206501_209807,0
206502_61189,1
206502_268234,0
206502_79131,0
206502_280697,1
206502_136209,0
206502_72266,1
206504_293345,0
206504_271496,1
206504_209633,1
206504_291248,0
206504_258529,0
206504_127776,0
206505_278582,0
206505_206716,0
206505_276208,1
206505_181901,0
206505_100659,0
206505_266102,0
206508_148821,1
206508_18717,0
206508_204850,0
206508_230460,1
206508_12443,1
206508_143654,1
206511_80339,0
206511_131030,0
206511_9230,1
206511_153183,1
206511_34503,1
206511_259383,0
206512_192794,1
206512_102452,1
206512_218188,0
206512_56551,1
206512_268462,1
206512_268169,0
206513_158785,0
206513_62665,1
206513_69236,0
206513_162558,0
206513_271100,1
206513_141772,0
206514_182297,1
206514_286148,1
206514_112564,1
206514_292067,1
206514_43366,0
206514_106262,1
206516_164591,0
206516_8859,0
206516_224588,1
206516_187535,1
206516_241491,1
206516_22764,1
206517_230239,1
206517_228140,1
206517_164737,1
206517_48891,0
206517_86060,0
206517_210337,0
206518_283731,1
206518_193297,0
206518_271948,1
206518_177642,0
206518_105813,1
206518_12821,0
206520_262221,0
206520_281542,1
206520_213017,1
206520_152839,0
206520_157487,0
206520_261695,1
206522_10320,1
206522_238083,0
206522_5844,1
206522_239409,0
206522_163933,0
206522_258733,1
206524_194060,1
206524_73043,1
206524_242843,1
206524_213072,1
206524_127533,1
206524_153565,1
206526_19940,1
206526_134845,1
206526_85073,1
206526_228600,1
206526_229564,0
206526_116597,0
206531_201541,0
206531_210380,0
206531_74096,0
206531_41136,0
206531_255048,0
206531_222340,0
206532_103204,1
206532_104959,1
206532_70788,1
206532_150186,1
206532_225690,1
206532_167451,1
206534_17786,1
206534_47528,1
206534_43031,1
206534_105306,1
206534_52617,1
206534_33768,0
206535_153573,1
206535_22676,1
206535_288188,1
206535_213810,1
206535_172517,0
206535_36456,0
206536_217483,1
206536_229966,0
206536_39477,1
206536_238633,1
206536_26561,1
206536_23246,1
206538_192491,1
206538_273201,0
206538_286426,0
206538_132263,0
206538_295270,1
206538_55356,1
206539_271692,1
206539_219973,1
206539_23585,1
206539_41244,1
206539_213013,1
206539_281068,0
206541_25240,1
206541_101309,0
206541_291603,0
206541_193937,0
206541_267928,1
206541_65301,1
206543_234742,1
206543_47761,1
206543_218247,0
206543_19517,1
206543_289582,1
206543_177881,1
206552_24992,0
206552_281406,1
206552_145554,1
206552_232719,1
206552_85690,1
206552_7221,0
206553_50702,1
206553_135930,0
206553_177509,1
206553_254764,0
206553_7375,0
206553_134403,1
206554_246721,0
206554_204950,0
206554_38045,1
206554_264584,1
206554_244231,1
206554_64059,1
206561_172945,1
206561_65494,0
206561_192397,1
206561_267943,1
206561_219692,0
206561_274151,0
206562_95631,0
206562_85681,1
206562_137432,0
206562_250655,0
206562_57899,1
206562_57506,0
206564_87423,1
206564_100439,1
206564_1230,1
206564_23057,1
206564_175571,0
206564_220671,1
206565_35663,0
206565_143570,0
206565_32901,0
206565_231615,1
206565_176736,1
206565_126366,0
206574_82934,1
206574_100685,1
206574_264575,1
206574_251584,1
206574_244009,1
206574_175119,1
206578_216933,1
206578_143164,0
206578_200013,1
206578_12896,1
206578_73735,0
206578_260221,0
206582_87411,1
206582_85690,1
206582_213761,1
206582_232205,1
206582_171306,1
206582_107923,1
206583_182755,1
206583_159787,1
206583_70048,0
206583_20873,0
206583_17645,1
206583_31945,0
206587_286308,0
206587_250273,1
206587_43564,1
206587_232937,1
206587_258137,0
206587_52572,1
206588_170973,1
206588_109899,1
206588_102133,0
206588_131682,0
206588_293108,1
206588_231141,1
206589_94274,1
206589_83093,1
206589_139963,1
206589_238153,0
206589_127691,1
206589_92449,1
206590_236433,1
206590_123232,1
206590_126037,1
206590_284760,1
206590_63870,1
206590_87590,0
206591_131453,1
206591_36570,1
206591_122185,0
206591_190154,1
206591_197897,1
206591_31481,1
206595_12095,1
206595_203676,1
206595_213015,1
206595_230656,1
206595_150456,0
206595_8638,0
206596_35571,0
206596_273219,0
206596_225974,1
206596_219973,1
206596_110001,1
206596_176916,1
206598_232815,1
206598_267153,0
206598_31751,1
206598_187820,0
206598_187483,1
206598_287718,1
206601_256397,1
206601_247494,1
206601_61145,1
206601_101681,1
206601_225690,1
206601_20747,1
206602_212487,1
206602_22090,0
206602_179502,1
206602_68236,1
206602_287047,0
206602_33774,0
206605_109024,1
206605_227850,1
206605_210054,0
206605_162210,0
206605_186422,1
206605_82931,0
206608_243273,0
206608_228208,1
206608_90682,0
206608_223358,0
206608_71131,0
206608_101816,1
206609_34529,1
206609_258891,0
206609_286803,1
206609_57036,1
206609_187225,0
206609_176009,1
206615_213053,1
206615_162280,0
206615_287027,0
206615_211436,1
206615_113219,1
206615_176907,1
206616_241497,1
206616_21911,0
206616_211899,0
206616_256132,0
206616_49270,1
206616_37154,1
206618_102547,1
206618_28397,0
206618_205725,0
206618_112225,0
206618_290150,1
206618_5194,1
206619_84696,1
206619_107290,1
206619_130771,0
206619_266315,0
206619_16500,0
206619_59153,1
206620_227705,0
206620_149725,1
206620_215596,1
206620_276008,1
206620_117939,0
206620_284144,1
206621_212979,1
206621_130097,0
206621_156112,0
206621_273165,0
206621_147585,1
206621_223266,0
206622_82535,1
206622_266191,1
206622_141058,0
206622_79546,0
206622_200385,1
206622_102452,1
206628_149202,1
206628_175884,0
206628_129742,0
206628_237854,0
206628_43564,1
206628_261450,1
206629_226836,0
206629_115603,1
206629_129572,0
206629_38168,1
206629_13371,1
206629_294134,0
206632_180875,1
206632_182515,1
206632_201345,0
206632_120563,0
206632_101871,1
206632_97871,1
206635_149820,0
206635_217483,0
206635_231206,1
206635_149502,0
206635_66368,0
206635_73524,0
206636_72280,1
206636_92798,0
206636_46420,1
206636_126271,1
206636_187416,1
206636_218867,1
206637_197908,0
206637_216609,0
206637_223610,0
206637_83963,0
206637_201387,0
206637_178370,0
206638_210428,1
206638_3415,1
206638_225319,0
206638_113179,1
206638_5030,1
206638_186913,1
206640_280507,1
206640_76477,0
206640_118014,1
206640_77301,0
206640_10470,0
206640_211460,1
206641_32537,0
206641_202658,1
206641_72771,1
206641_265682,1
206641_210380,1
206641_65680,0
206642_25595,0
206642_250273,1
206642_238977,1
206642_158671,1
206642_195653,1
206642_222246,1
206643_10717,0
206643_73202,1
206643_212828,1
206643_90499,0
206643_285000,0
206643_114074,1
206646_201211,1
206646_41843,1
206646_250273,1
206646_103304,1
206646_74323,0
206646_224854,1
206651_212933,0
206651_25597,1
206651_2535,0
206651_224054,1
206651_153854,1
206651_27372,0
206654_272374,1
206654_157924,1
206654_289153,1
206654_206026,0
206654_286026,0
206654_253265,1
206658_40041,1
206658_251574,1
206658_274784,0
206658_151924,0
206658_54406,0
206658_295204,1
206659_278582,1
206659_284632,1
206659_256392,1
206659_163570,1
206659_57744,1
206659_152401,1
206665_226439,1
206665_16343,0
206665_207540,0
206665_58920,1
206665_192661,0
206665_232295,0
206666_265026,1
206666_149501,1
206666_182531,0
206666_210069,0
206666_277867,1
206666_213928,0
206669_71357,0
206669_256840,0
206669_273785,0
206669_46369,0
206669_84033,0
206669_210830,0
206674_99694,1
206674_166929,0
206674_193899,0
206674_57953,0
206674_218083,0
206674_241845,0
206680_66230,0
206680_932,0
206680_110697,1
206680_139368,0
206680_268310,0
206680_42724,0
206682_166106,0
206682_112243,0
206682_133178,1
206682_221085,1
206682_19494,0
206682_55758,0
206684_255048,1
206684_262758,1
206684_166402,1
206684_202088,0
206684_250753,1
206684_208091,1
206690_193006,1
206690_20101,0
206690_236433,1
206690_277148,1
206690_53831,0
206690_79474,1
206691_170736,0
206691_181316,1
206691_230725,1
206691_173538,0
206691_124188,0
206691_166288,1
206692_242097,0
206692_263986,0
206692_145495,1
206692_268004,1
206692_170625,1
206692_134160,1
206697_181990,1
206697_108078,1
206697_96412,0
206697_293648,0
206697_283208,1
206697_270972,0
206698_211734,0
206698_5791,1
206698_113475,0
206698_293496,0
206698_42334,1
206698_44927,0
206700_214898,1
206700_196938,1
206700_214856,1
206700_256509,1
206700_226836,1
206700_184275,1
206702_122951,1
206702_167414,0
206702_26709,1
206702_127691,1
206702_7698,1
206702_157372,1
206705_141945,1
206705_38951,0
206705_216914,1
206705_221647,1
206705_152626,1
206705_9092,0
206707_69287,1
206707_214414,0
206707_211860,1
206707_216316,1
206707_125669,1
206707_15951,1
206723_132581,0
206723_95497,1
206723_151311,0
206723_275328,0
206723_284199,0
206723_260816,0
206725_116299,1
206725_224482,1
206725_165975,1
206725_115364,1
206725_7698,1
206725_87732,0
206726_35015,0
206726_129906,0
206726_270539,0
206726_201577,0
206726_122008,0
206726_200093,1
206730_144656,0
206730_69821,1
206730_54217,1
206730_51601,0
206730_285412,0
206730_157150,0
206731_231925,1
206731_168801,0
206731_144543,0
206731_195089,0
206731_102305,0
206731_251253,0
206732_194060,0
206732_36734,1
206732_162282,1
206732_43889,1
206732_111841,1
206732_91475,1
206734_230677,1
206734_285012,1
206734_62907,0
206734_252291,0
206734_237493,1
206734_164857,1
206737_113384,1
206737_160151,0
206737_93084,1
206737_72517,1
206737_78487,0
206737_243273,1
206738_194426,0
206738_41805,0
206738_137128,1
206738_237211,1
206738_269099,1
206738_194256,0
206740_290701,1
206740_192339,1
206740_96987,1
206740_162248,1
206740_95686,1
206740_63855,1
206742_39526,1
206742_102713,1
206742_71685,1
206742_158436,0
206742_114823,1
206742_200797,1
206743_185892,1
206743_52670,0
206743_162604,0
206743_168585,1
206743_128307,0
206743_283845,1
206744_76458,0
206744_209776,1
206744_92127,1
206744_36099,1
206744_275816,0
206744_285488,0
206746_246898,1
206746_122086,0
206746_64884,0
206746_212229,1
206746_90826,1
206746_60804,1
206747_55747,0
206747_138343,0
206747_262534,0
206747_91475,0
206747_258966,0
206747_52572,0
206751_260175,0
206751_187940,0
206751_210507,0
206751_264901,0
206751_1779,0
206751_140229,1
206752_161539,0
206752_156768,0
206752_181441,0
206752_211282,1
206752_252306,1
206752_142425,0
206753_177502,0
206753_262985,0
206753_237493,1
206753_58922,0
206753_243871,1
206753_54991,1
206758_122903,1
206758_120291,0
206758_56221,1
206758_223064,1
206758_86372,1
206758_153971,1
206761_103841,0
206761_80419,0
206761_253265,1
206761_267088,1
206761_258661,0
206761_128692,0
206766_102523,1
206766_240980,1
206766_256922,1
206766_163317,1
206766_33795,1
206766_23103,1
206767_169664,0
206767_129814,0
206767_119532,1
206767_20206,1
206767_193262,0
206767_148418,0
206768_291256,1
206768_149373,0
206768_144499,1
206768_201870,0
206768_151866,0
206768_90031,1
206770_163081,0
206770_178848,1
206770_269223,1
206770_261450,1
206770_92869,1
206770_104207,1
206772_180346,0
206772_262811,0
206772_255449,1
206772_214209,1
206772_295555,1
206772_185243,0
206774_129926,1
206774_7845,1
206774_184067,1
206774_153888,1
206774_142764,0
206774_267906,1
206775_226868,1
206775_7596,0
206775_288743,1
206775_279422,0
206775_1214,0
206775_178604,1
206776_294251,1
206776_225847,1
206776_205705,0
206776_232242,1
206776_184020,1
206776_92062,1
206779_66979,0
206779_242830,0
206779_57871,0
206779_234742,0
206779_53964,0
206779_155036,0
206781_116706,1
206781_89740,1
206781_95870,1
206781_277360,1
206781_284631,0
206781_46756,1
206782_44315,0
206782_147140,0
206782_118024,1
206782_104996,1
206782_139135,1
206782_265278,1
206785_111838,0
206785_162728,0
206785_227346,1
206785_131564,1
206785_136273,1
206785_92903,1
206786_156784,1
206786_210380,1
206786_278304,0
206786_76408,1
206786_165136,0
206786_32899,0
206787_136853,1
206787_228746,1
206787_46108,0
206787_8544,1
206787_238705,0
206787_76477,1
206797_247266,1
206797_80165,0
206797_61498,0
206797_141970,0
206797_149469,0
206797_137371,0
206799_247642,0
206799_192550,0
206799_42024,0
206799_160994,0
206799_289735,0
206799_241706,0
206800_50030,1
206800_217557,1
206800_166077,0
206800_152966,0
206800_210817,0
206800_69150,1
206803_120731,0
206803_174185,1
206803_185219,1
206803_15839,1
206803_239826,1
206803_21651,1
206804_122433,1
206804_282689,0
206804_63023,1
206804_141634,0
206804_249743,0
206804_268310,0
206805_123579,1
206805_70346,1
206805_68409,1
206805_221211,1
206805_108998,1
206805_167750,1
206807_87515,0
206807_220447,0
206807_98188,1
206807_119199,0
206807_184986,1
206807_129791,1
206809_177028,1
206809_90722,1
206809_152033,1
206809_123328,1
206809_244947,1
206809_263084,0
206812_92711,1
206812_219484,0
206812_142869,1
206812_63580,0
206812_142715,1
206812_138638,1
206813_116706,1
206813_242931,0
206813_257085,1
206813_145063,0
206813_208348,1
206813_197934,1
206814_82210,1
206814_143824,1
206814_46262,0
206814_289968,1
206814_158548,0
206814_255433,0
206818_239036,0
206818_111462,0
206818_113902,0
206818_101201,1
206818_236750,0
206818_273182,1
206820_194256,0
206820_229894,1
206820_289911,1
206820_192814,1
206820_109687,0
206820_96203,1
206823_185481,0
206823_270240,0
206823_83722,1
206823_242933,0
206823_202068,1
206823_101757,1
206831_60074,1
206831_119375,1
206831_241006,0
206831_32116,0
206831_61949,1
206831_115533,0
206832_215980,0
206832_46242,1
206832_275379,0
206832_295965,1
206832_260484,0
206832_72326,1
206835_262757,1
206835_125944,0
206835_52460,1
206835_149988,1
206835_267297,0
206835_58132,1
206842_107138,0
206842_86732,0
206842_210522,0
206842_227156,0
206842_173891,0
206842_148704,0
206844_195629,0
206844_216542,1
206844_98909,0
206844_253791,1
206844_124587,0
206844_265407,1
206847_97902,0
206847_79045,1
206847_254092,1
206847_150250,1
206847_13430,1
206847_210701,1
206849_215571,1
206849_111808,1
206849_100090,0
206849_180612,1
206849_275102,1
206849_65494,1
206853_213415,0
206853_179502,1
206853_97763,0
206853_169325,1
206853_72658,1
206853_128588,1
206854_211902,0
206854_251785,0
206854_231282,0
206854_134403,1
206854_125105,1
206854_220069,0
206855_177346,0
206855_290879,0
206855_92649,0
206855_133537,0
206855_155158,1
206855_201966,1
206862_274716,1
206862_57492,0
206862_157022,0
206862_34397,0
206862_181664,1
206862_253298,1
206864_244443,1
206864_106788,1
206864_274209,1
206864_73557,1
206864_246219,1
206864_254625,1
206867_235721,0
206867_166592,1
206867_115449,0
206867_72494,0
206867_268388,1
206867_55330,1
206868_19138,0
206868_208389,0
206868_79099,0
206868_271713,0
206868_22640,1
206868_289911,0
206869_20502,0
206869_84528,0
206869_280897,0
206869_294744,0
206869_173316,0
206869_139002,0
206870_219283,1
206870_270633,1
206870_176639,1
206870_236674,1
206870_245918,1
206870_195944,1
206872_127061,0
206872_287568,0
206872_70431,1
206872_225319,1
206872_33807,1
206872_75040,1
206873_56779,1
206873_198890,1
206873_261450,1
206873_76512,1
206873_264746,1
206873_19840,0
206874_152626,1
206874_26772,1
206874_7596,1
206874_127013,1
206874_194393,0
206874_163464,0
206876_278312,1
206876_124221,1
206876_180634,1
206876_157537,1
206876_26716,1
206876_30281,1
206877_36734,1
206877_115964,1
206877_183265,0
206877_90031,1
206877_245995,1
206877_190163,1
206879_46842,1
206879_174622,0
206879_123428,1
206879_175144,1
206879_23103,0
206879_210455,0
206881_295417,0
206881_225414,1
206881_90184,0
206881_289212,0
206881_15876,0
206881_106602,0
206883_15641,0
206883_159369,0
206883_30271,0
206883_293332,0
206883_281459,0
206883_243020,0
206888_33163,0
206888_58453,1
206888_38879,1
206888_217557,0
206888_31358,0
206888_50334,1
206889_229818,1
206889_220024,1
206889_1795,0
206889_238240,0
206889_58813,1
206889_93197,0
206895_32052,1
206895_238220,0
206895_111208,0
206895_272859,1
206895_118370,1
206895_266181,1
206896_59743,1
206896_149497,1
206896_227347,0
206896_138591,0
206896_65150,1
206896_277868,1
206900_168329,1
206900_291708,0
206900_126862,1
206900_2518,1
206900_54876,1
206900_69078,1
206903_68265,0
206903_108935,0
206903_130606,0
206903_256132,1
206903_262478,0
206903_263909,0
206907_96424,1
206907_29297,1
206907_45733,1
206907_166209,0
206907_21151,0
206907_54371,0
206909_225212,1
206909_263890,1
206909_19192,0
206909_39213,0
206909_88605,0
206909_72875,1
206912_137645,0
206912_71059,1
206912_13065,1
206912_32601,1
206912_232699,0
206912_269171,1
206917_76964,0
206917_185348,0
206917_171901,0
206917_153606,0
206917_87193,0
206917_132076,0
206922_279223,1
206922_225225,1
206922_216817,1
206922_75829,1
206922_215788,0
206922_100664,1
206924_10400,0
206924_271774,1
206924_176242,1
206924_138379,0
206924_193934,1
206924_138272,0
206927_222314,0
206927_60175,1
206927_86094,1
206927_252559,1
206927_41351,1
206927_52855,1
206930_35669,1
206930_125820,0
206930_121931,1
206930_46756,1
206930_6302,0
206930_173488,1
206932_109424,0
206932_183720,0
206932_185456,1
206932_83513,0
206932_55219,1
206932_45210,1
206938_180476,0
206938_122233,1
206938_5566,1
206938_2794,0
206938_280711,0
206938_205438,0
206939_29228,1
206939_8229,0
206939_124387,1
206939_140770,0
206939_278660,1
206939_43336,0
206941_142918,0
206941_74142,1
206941_275881,0
206941_94066,0
206941_113829,0
206941_136909,0
206943_168313,1
206943_175211,1
206943_91475,0
206943_261844,1
206943_161403,0
206943_139588,0
206953_98454,1
206953_185152,0
206953_249638,1
206953_174880,0
206953_231629,1
206953_209992,0
206954_279759,1
206954_160120,1
206954_61335,0
206954_124188,0
206954_80346,1
206954_22991,1
206964_35594,0
206964_40586,1
206964_167173,0
206964_185650,1
206964_78961,1
206964_116493,0
206965_119772,1
206965_233107,1
206965_250175,0
206965_128465,0
206965_109393,1
206965_260514,1
206966_219395,0
206966_284142,0
206966_67942,0
206966_246777,0
206966_81819,0
206966_13765,0
206968_12646,1
206968_288733,0
206968_254625,1
206968_181408,0
206968_267135,1
206968_95277,1
206969_103911,1
206969_88858,0
206969_107708,1
206969_97179,1
206969_2952,1
206969_178370,0
206971_60913,1
206971_61298,1
206971_104463,1
206971_257185,1
206971_239063,1
206971_286329,1
206978_34824,1
206978_40240,0
206978_84969,1
206978_274808,0
206978_199166,0
206978_250601,0
206979_231295,1
206979_141446,1
206979_21392,0
206979_14769,0
206979_243931,0
206979_190294,0
206981_182055,0
206981_289249,0
206981_239957,0
206981_109643,0
206981_53517,0
206981_76282,1
206985_66593,1
206985_230811,1
206985_185213,0
206985_133601,1
206985_236750,0
206985_72878,0
206987_280913,0
206987_278454,0
206987_273225,0
206987_24992,1
206987_239604,0
206987_6428,0
206989_184756,0
206989_46016,1
206989_186376,1
206989_125831,0
206989_212418,1
206989_161072,0
206991_156392,1
206991_283814,1
206991_143355,0
206991_88160,0
206991_235754,0
206991_200166,1
206993_99054,0
206993_29228,1
206993_145316,1
206993_192211,0
206993_246049,0
206993_216497,1
206996_3324,0
206996_46063,1
206996_179502,0
206996_118642,1
206996_292079,0
206996_286863,0
207001_142143,1
207001_168682,1
207001_279367,0
207001_3458,1
207001_85428,1
207001_176676,1
207003_99683,1
207003_10727,0
207003_29848,1
207003_281086,0
207003_294181,1
207003_209840,1
207006_250639,1
207006_292480,1
207006_34824,1
207006_20564,0
207006_259770,1
207006_142900,0
207007_169586,1
207007_60760,1
207007_8669,1
207007_91752,0
207007_39447,1
207007_89403,0
207008_52313,0
207008_238633,1
207008_277360,1
207008_5120,1
207008_57334,0
207008_177355,0
207010_267804,1
207010_180860,0
207010_213132,0
207010_71117,0
207010_39439,1
207010_83669,1
207013_122251,0
207013_55303,1
207013_210682,0
207013_49944,1
207013_54157,0
207013_31487,0
207014_238486,0
207014_50911,1
207014_165318,0
207014_98818,1
207014_131887,1
207014_38540,0
207015_109499,0
207015_84938,0
207015_207890,0
207015_161640,0
207015_33997,0
207015_129022,0
207021_104422,0
207021_51034,0
207021_179429,0
207021_8229,0
207021_16870,0
207021_37161,0
207028_212853,1
207028_290150,1
207028_129095,1
207028_181634,1
207028_166525,1
207028_166636,0
207029_190154,0
207029_207021,1
207029_288580,1
207029_219934,1
207029_185211,0
207029_133940,1
207031_209371,1
207031_131453,1
207031_264668,1
207031_106597,1
207031_211324,1
207031_183138,1
207038_93092,1
207038_127078,0
207038_128145,1
207038_84494,1
207038_160239,1
207038_148978,1
207041_154286,1
207041_231206,0
207041_219330,1
207041_84802,0
207041_53138,1
207041_143258,1
207048_124109,1
207048_15398,0
207048_268974,1
207048_38282,1
207048_253358,0
207048_81061,1
207049_265545,1
207049_231566,1
207049_292619,0
207049_194630,1
207049_30853,1
207049_220,1
207052_246580,1
207052_250151,0
207052_158554,0
207052_145314,1
207052_67942,1
207052_92770,1
207054_67640,1
207054_92702,0
207054_106250,0
207054_57311,1
207054_55100,1
207054_117482,0
207057_2538,0
207057_281451,1
207057_272692,0
207057_210522,0
207057_274758,1
207057_114804,0
207058_187050,1
207058_99432,1
207058_96915,1
207058_254860,1
207058_80165,1
207058_135191,1
207059_264901,0
207059_109919,1
207059_71771,0
207059_148670,1
207059_103603,1
207059_160785,1
207061_134951,1
207061_148839,1
207061_247086,1
207061_130574,1
207061_12476,1
207061_108088,1
207069_172006,0
207069_217798,0
207069_262093,1
207069_94777,1
207069_125958,0
207069_109907,1
207075_291128,1
207075_224225,0
207075_49699,1
207075_17169,0
207075_139320,1
207075_235040,0
207076_179922,0
207076_124337,0
207076_116166,1
207076_138809,1
207076_120535,1
207076_17035,1
207077_78499,0
207077_211648,0
207077_236724,0
207077_246593,0
207077_147973,0
207077_148821,1
207078_126133,1
207078_294836,1
207078_94893,1
207078_166592,1
207078_113421,1
207078_243873,1
207079_235554,1
207079_210651,0
207079_75464,0
207079_187291,1
207079_33908,1
207079_175144,1
207081_35844,0
207081_283762,0
207081_129106,0
207081_239282,1
207081_194914,0
207081_109877,1
207084_52572,1
207084_104676,1
207084_162604,1
207084_2779,0
207084_51561,1
207084_85820,1
207087_247198,1
207087_88851,1
207087_18515,0
207087_210850,1
207087_191524,0
207087_193069,1
207091_228174,1
207091_236750,1
207091_114634,1
207091_86178,0
207091_74945,0
207091_31919,1
207092_13690,0
207092_55613,0
207092_71099,0
207092_174013,0
207092_143526,0
207092_66593,1
207093_63737,1
207093_123749,1
207093_63659,0
207093_185423,0
207093_10559,0
207093_233143,1
207095_207938,1
207095_12974,0
207095_186491,1
207095_89984,1
207095_135749,1
207095_17904,0
207100_140632,0
207100_134155,0
207100_17387,0
207100_5616,0
207100_5376,0
207100_85777,0
207101_265184,1
207101_223050,0
207101_2759,1
207101_211089,0
207101_131792,0
207101_147058,1
207102_7596,0
207102_291128,1
207102_6336,1
207102_21497,0
207102_138963,1
207102_96930,0
207103_248714,1
207103_11425,0
207103_34235,0
207103_242595,0
207103_137362,1
207103_192174,1
207105_127596,0
207105_161578,0
207105_20032,1
207105_149874,0
207105_38502,1
207105_142747,1
207107_215873,0
207107_279375,1
207107_143879,1
207107_85021,1
207107_182948,0
207107_22263,0
207108_202273,0
207108_233293,1
207108_186331,1
207108_23596,0
207108_219934,1
207108_91370,1
207109_253109,1
207109_53602,1
207109_274657,0
207109_116076,1
207109_107731,1
207109_190560,1
207113_290097,0
207113_77524,1
207113_242733,0
207113_69230,1
207113_165215,0
207113_131309,0
207116_181830,1
207116_30742,0
207116_10155,0
207116_191060,1
207116_196470,0
207116_202984,0
207118_29324,1
207118_20169,0
207118_266624,0
207118_106067,1
207118_155549,0
207118_250273,1
207124_280823,0
207124_6898,0
207124_13910,1
207124_197189,1
207124_101047,0
207124_53905,0
207125_150186,1
207125_24429,1
207125_28228,0
207125_68236,1
207125_56525,1
207125_233209,0
207130_214788,0
207130_85942,0
207130_203948,1
207130_277550,0
207130_228746,1
207130_153565,0
207133_181634,1
207133_194486,0
207133_98798,1
207133_19421,1
207133_113391,1
207133_132861,0
207135_185235,1
207135_2503,1
207135_251972,0
207135_15941,1
207135_32961,1
207135_87583,1
207136_271252,1
207136_254659,1
207136_255065,0
207136_62493,1
207136_151915,0
207136_194950,1
207140_181629,0
207140_147585,0
207140_190469,1
207140_77246,1
207140_256424,1
207140_16382,0
207142_236280,1
207142_171151,1
207142_30048,1
207142_147089,0
207142_209960,1
207142_120603,1
207143_87654,0
207143_116307,1
207143_192816,1
207143_45900,0
207143_131044,0
207143_143565,1
207147_159349,1
207147_271070,1
207147_204162,1
207147_269065,1
207147_20010,0
207147_217996,1
207149_254625,1
207149_98027,1
207149_225127,1
207149_221656,1
207149_53207,0
207149_294871,0
207152_106533,1
207152_22754,1
207152_122595,1
207152_151797,1
207152_224222,0
207152_43787,1
207154_121565,0
207154_107102,1
207154_208132,1
207154_61846,0
207154_249164,1
207154_293297,0
207163_96089,0
207163_265129,1
207163_11535,1
207163_206044,1
207163_81553,0
207163_64855,1
207164_257749,1
207164_155158,1
207164_38907,0
207164_6986,0
207164_203679,1
207164_245972,0
207169_255449,1
207169_65494,0
207169_10133,1
207169_150387,1
207169_108969,0
207169_31746,1
207171_241933,0
207171_82912,0
207171_196877,0
207171_210399,0
207171_155791,0
207171_276615,0
207172_204698,0
207172_175571,0
207172_147074,1
207172_210865,1
207172_118432,1
207172_101875,1
207174_152652,0
207174_294590,1
207174_14705,1
207174_30905,1
207174_27987,1
207174_253604,1
207175_96187,0
207175_63390,0
207175_234728,1
207175_147233,0
207175_124387,1
207175_12589,0
207176_52121,0
207176_218777,1
207176_168118,1
207176_251937,0
207176_228381,0
207176_271163,1
207179_183321,1
207179_94093,1
207179_38708,1
207179_295729,1
207179_1657,1
207179_267135,1
207180_129684,0
207180_163853,1
207180_124028,0
207180_146376,0
207180_250279,0
207180_109544,0
207182_183072,1
207182_41814,0
207182_9670,0
207182_87762,0
207182_69395,1
207182_292183,1
207185_4101,1
207185_185036,1
207185_282737,0
207185_112581,1
207185_129019,1
207185_278258,1
207186_107166,1
207186_83168,0
207186_216007,0
207186_157198,1
207186_281633,1
207186_91367,1
207188_288807,0
207188_156604,1
207188_59870,1
207188_269991,1
207188_112918,1
207188_153645,1
207189_22615,1
207189_18486,1
207189_76321,1
207189_197900,1
207189_204679,1
207189_161090,1
207193_229420,0
207193_18701,0
207193_45461,0
207193_186127,0
207193_170783,0
207193_283966,0
207194_102978,1
207194_273685,1
207194_165738,1
207194_225825,0
207194_155524,1
207194_99031,1
207198_122336,1
207198_146735,1
207198_142918,0
207198_197423,1
207198_177183,0
207198_116721,1
207199_295555,1
207199_50702,1
207199_158413,1
207199_52945,1
207199_46269,0
207199_248618,1
207200_4158,1
207200_57701,0
207200_288794,0
207200_15876,1
207200_140894,1
207200_281521,1
207203_78132,1
207203_4445,0
207203_96447,0
207203_281406,0
207203_5395,0
207203_20754,0
207204_285612,0
207204_275102,1
207204_27397,1
207204_176586,0
207204_61827,0
207204_121777,1
207205_235934,1
207205_208898,1
207205_236122,1
207205_198372,1
207205_39219,0
207205_185584,0
207206_92041,0
207206_228208,1
207206_83311,1
207206_260780,1
207206_125251,1
207206_16017,1
207207_248472,1
207207_117826,0
207207_262877,0
207207_227514,0
207207_212515,0
207207_220067,1
207208_245372,0
207208_220276,0
207208_131940,0
207208_60859,0
207208_182286,0
207208_87732,0
207212_251902,1
207212_60914,0
207212_230460,1
207212_248700,1
207212_97572,1
207212_76573,1
207213_42369,1
207213_43031,1
207213_90065,0
207213_102862,1
207213_262083,1
207213_166260,0
207215_50972,0
207215_229894,0
207215_217211,0
207215_2834,0
207215_39840,0
207215_108957,0
207216_88840,1
207216_274010,1
207216_140334,1
207216_254030,1
207216_166077,0
207216_113162,0
207218_19517,1
207218_33106,1
207218_214776,1
207218_39588,1
207218_160012,1
207218_168264,1
207220_48386,0
207220_130436,0
207220_40958,0
207220_181938,0
207220_208449,0
207220_271783,0
207224_38191,0
207224_234047,1
207224_270166,1
207224_42472,0
207224_238559,1
207224_212242,0
207225_239775,1
207225_211834,0
207225_179000,1
207225_238541,0
207225_230811,1
207225_59887,1
207227_271252,1
207227_163853,1
207227_171248,0
207227_146288,1
207227_31358,1
207227_84196,1
207229_8225,0
207229_147903,1
207229_290695,1
207229_3295,1
207229_243261,0
207229_26121,0
207230_164912,0
207230_158665,1
207230_74817,0
207230_63674,1
207230_31440,0
207230_1114,0
207231_107498,1
207231_258801,0
207231_170280,0
207231_97066,1
207231_226201,1
207231_255027,0
207232_206582,1
207232_76222,1
207232_38168,1
207232_144499,1
207232_74397,1
207232_234691,1
207233_37856,1
207233_76685,1
207233_133950,0
207233_26561,1
207233_103415,0
207233_147061,1
207234_117482,1
207234_146842,1
207234_257988,1
207234_155727,1
207234_267824,1
207234_135987,1
207235_279246,1
207235_128608,0
207235_92901,1
207235_41950,1
207235_67782,1
207235_93327,0
207240_244732,0
207240_121473,0
207240_94007,1
207240_119294,0
207240_234891,1
207240_56811,1
207241_212004,0
207241_256008,1
207241_87491,0
207241_259824,0
207241_282423,1
207241_46242,1
207244_274016,1
207244_4313,0
207244_124246,1
207244_207449,0
207244_295116,0
207244_273256,1
207247_118738,0
207247_263044,0
207247_173588,1
207247_174387,1
207247_204679,0
207247_246720,1
207250_45297,0
207250_209629,0
207250_207604,1
207250_68206,1
207250_233420,1
207250_259039,1
207260_204162,1
207260_254625,1
207260_241486,1
207260_156008,0
207260_240537,0
207260_22808,1
207266_295555,1
207266_27412,0
207266_86266,1
207266_260451,1
207266_72969,1
207266_245548,0
207267_174347,1
207267_30531,1
207267_133065,0
207267_240753,0
207267_161423,0
207267_221232,0
207268_55250,1
207268_238906,0
207268_114634,0
207268_91716,0
207268_66741,1
207268_252250,1
207272_291784,0
207272_213641,1
207272_116752,0
207272_257913,0
207272_216055,1
207272_186127,1
207277_273374,1
207277_65378,1
207277_23077,1
207277_220780,0
207277_282923,0
207277_42270,1
207280_163127,1
207280_24631,0
207280_257360,0
207280_116055,0
207280_269227,1
207280_252312,1
207282_58360,1
207282_80992,1
207282_244657,1
207282_234884,1
207282_230019,0
207282_150181,0
207283_12076,1
207283_13868,1
207283_268142,1
207283_219640,1
207283_290757,1
207283_123463,0
207287_102449,0
207287_211217,1
207287_156387,1
207287_188925,1
207287_64918,1
207287_207942,0
207290_81316,1
207290_126615,1
207290_146699,1
207290_218085,0
207290_283698,1
207290_26483,0
207295_20280,1
207295_293108,1
207295_220506,1
207295_185456,1
207295_173979,0
207295_183872,1
207299_216747,0
207299_146641,0
207299_115095,0
207299_4279,0
207299_10628,0
207299_201673,0
207301_86430,1
207301_35669,0
207301_125465,0
207301_134160,1
207301_196784,0
207301_269227,1
207302_195798,1
207302_13007,1
207302_203948,1
207302_210720,1
207302_78249,1
207302_113776,1
207303_173818,0
207303_281815,0
207303_160012,0
207303_167192,0
207303_167916,0
207303_27929,0
207304_113005,1
207304_41336,1
207304_236914,0
207304_210263,1
207304_37269,0
207304_79396,0
207318_236365,0
207318_281079,0
207318_231166,0
207318_48055,0
207318_72875,0
207318_65451,0
207319_94531,1
207319_119294,1
207319_197997,1
207319_275574,0
207319_43489,0
207319_121931,1
207321_158701,1
207321_210564,0
207321_79131,0
207321_36267,1
207321_125926,1
207321_219476,0
207322_104553,0
207322_20124,1
207322_186149,1
207322_30742,1
207322_252127,0
207322_157092,0
207323_275177,0
207323_192439,0
207323_227657,0
207323_21454,1
207323_210679,0
207323_218715,0
207330_225959,0
207330_77871,0
207330_210830,0
207330_168028,0
207330_19027,1
207330_131694,0
207337_171317,0
207337_265666,0
207337_94579,0
207337_99141,0
207337_153018,0
207337_177409,0
207342_156446,1
207342_102495,1
207342_195223,1
207342_223332,1
207342_170255,0
207342_254008,1
207343_74650,1
207343_77684,1
207343_39577,1
207343_173500,0
207343_61975,0
207343_264496,0
207345_119470,0
207345_286863,0
207345_128855,0
207345_80308,0
207345_69797,0
207345_275589,1
207347_272432,1
207347_231220,1
207347_100291,0
207347_31769,0
207347_210733,0
207347_174387,0
207348_177116,0
207348_203487,0
207348_270469,0
207348_200166,0
207348_176639,0
207348_263727,0
207353_187418,1
207353_94579,1
207353_224351,0
207353_235754,1
207353_188174,0
207353_268454,0
207356_38990,1
207356_46756,1
207356_163682,0
207356_77055,0
207356_89740,1
207356_200907,0
207359_139253,1
207359_94381,1
207359_146361,0
207359_69236,1
207359_243829,1
207359_31668,1
207360_210791,1
207360_93839,0
207360_166203,1
207360_166695,1
207360_47008,0
207360_88885,0
207362_147576,1
207362_129467,1
207362_267135,0
207362_143565,1
207362_175661,0
207362_190154,1
207363_227005,0
207363_179788,0
207363_124029,1
207363_56786,0
207363_158666,1
207363_261910,0
207371_246521,1
207371_89516,0
207371_114120,1
207371_145011,0
207371_248356,0
207371_200720,1
207372_254382,0
207372_17645,0
207372_254008,0
207372_183204,1
207372_215325,0
207372_259598,1
207374_27797,1
207374_165368,1
207374_21498,1
207374_269939,1
207374_144693,1
207374_129607,1
207379_158015,1
207379_83093,0
207379_210399,1
207379_119664,0
207379_169538,1
207379_21593,0
207386_181941,0
207386_21398,1
207386_165145,0
207386_42927,0
207386_124029,0
207386_114482,0
207393_152391,1
207393_25297,0
207393_120535,0
207393_223164,1
207393_56525,0
207393_30466,1
207395_138611,0
207395_8379,1
207395_204679,1
207395_224258,0
207395_36432,1
207395_230319,0
207396_182456,1
207396_14145,0
207396_142888,0
207396_128388,1
207396_145078,0
207396_292036,0
207398_279580,1
207398_188327,1
207398_245506,0
207398_200132,1
207398_188593,0
207398_260308,1
207401_128541,1
207401_199224,1
207401_275609,1
207401_137036,1
207401_274571,1
207401_172779,1
207404_7746,1
207404_247693,1
207404_48891,1
207404_270526,1
207404_273258,1
207404_83184,1
207405_113170,0
207405_263249,0
207405_13641,1
207405_282866,1
207405_203422,1
207405_131754,1
207407_147585,0
207407_131498,1
207407_97549,0
207407_31714,1
207407_185213,1
207407_255095,0
207408_42574,1
207408_206045,1
207408_13363,0
207408_172614,1
207408_98752,1
207408_133785,0
207412_273201,1
207412_8379,0
207412_84196,1
207412_105450,1
207412_9648,0
207412_135697,1
207413_186491,1
207413_85352,0
207413_40792,0
207413_54650,1
207413_270004,0
207413_77050,0
207419_260876,1
207419_216947,0
207419_22364,1
207419_85181,0
207419_86350,0
207419_56334,1
207421_59279,1
207421_187566,1
207421_126886,1
207421_263909,0
207421_87732,1
207421_169927,1
207423_179502,1
207423_76295,1
207423_235774,0
207423_253231,1
207423_95851,0
207423_203231,0
207425_177552,1
207425_204679,1
207425_77875,1
207425_45900,1
207425_254917,0
207425_74421,0
207428_67304,0
207428_181941,0
207428_22687,0
207428_145221,0
207428_197060,0
207428_189214,0
207430_243323,1
207430_294400,1
207430_278265,0
207430_196842,0
207430_92143,0
207430_57684,0
207434_101465,1
207434_117700,1
207434_148794,0
207434_119703,0
207434_185243,0
207434_76135,1
207437_83130,0
207437_219052,0
207437_12006,1
207437_66439,1
207437_117837,1
207437_19596,0
207438_253912,0
207438_4916,1
207438_130097,1
207438_244657,1
207438_205018,1
207438_291068,0
207439_44878,1
207439_103256,1
207439_238887,1
207439_233768,0
207439_31116,0
207439_261604,1
207441_198994,1
207441_45690,1
207441_196062,1
207441_80632,0
207441_286880,1
207441_88233,1
207444_176161,1
207444_22012,0
207444_104121,0
207444_101943,1
207444_263864,1
207444_46984,1
207445_248870,1
207445_183514,1
207445_267359,1
207445_287257,1
207445_165026,1
207445_225974,1
207446_246130,1
207446_163053,0
207446_271100,1
207446_169945,0
207446_12647,1
207446_224735,0
207452_291192,1
207452_170828,1
207452_243131,1
207452_163189,1
207452_67886,0
207452_234884,0
207453_23006,1
207453_35367,1
207453_33195,1
207453_182224,1
207453_235395,0
207453_278029,1
207458_125284,0
207458_11594,1
207458_67942,1
207458_78135,1
207458_252434,1
207458_291102,1
207460_242681,0
207460_214172,0
207460_141283,0
207460_225440,1
207460_12889,0
207460_141058,0
207465_146126,0
207465_218818,1
207465_47004,1
207465_266653,0
207465_18821,1
207465_96591,1
207466_230234,1
207466_252930,0
207466_163366,0
207466_140802,0
207466_55412,1
207466_27722,1
207467_205225,0
207467_38000,0
207467_42888,0
207467_253686,0
207467_131634,0
207467_253265,0
207468_172745,1
207468_206691,0
207468_148494,1
207468_116741,1
207468_87498,0
207468_10628,0
207469_142157,0
207469_92310,0
207469_282203,0
207469_41733,0
207469_276866,1
207469_144228,0
207470_171649,0
207470_119772,0
207470_229894,1
207470_279906,1
207470_268974,1
207470_66439,1
207474_147857,0
207474_261651,1
207474_34824,1
207474_245406,1
207474_294217,1
207474_204472,0
207478_71121,0
207478_246379,0
207478_184965,0
207478_212117,1
207478_156835,1
207478_181895,1
207483_57637,1
207483_109155,0
207483_133756,1
207483_283411,0
207483_155802,0
207483_48450,0
207484_40550,1
207484_279619,1
207484_130074,1
207484_262953,1
207484_276868,1
207484_193069,1
207485_288439,0
207485_207938,0
207485_44341,1
207485_254438,0
207485_255065,1
207485_251851,1
207486_136909,1
207486_183842,1
207486_75408,0
207486_152985,0
207486_286168,0
207486_228118,1
207487_139220,0
207487_72196,0
207487_276635,1
207487_185182,0
207487_89938,1
207487_94624,0
207489_260118,0
207489_162104,1
207489_147129,1
207489_51965,0
207489_20564,0
207489_85942,1
207491_267135,1
207491_46091,0
207491_152600,0
207491_277296,1
207491_224515,1
207491_41846,0
207496_226304,0
207496_224550,1
207496_49285,1
207496_196883,1
207496_176727,0
207496_71455,0
207499_51434,0
207499_107707,1
207499_187235,1
207499_130787,1
207499_259437,0
207499_277645,0
207505_15542,1
207505_217248,1
207505_84298,1
207505_9852,1
207505_244122,1
207505_195828,1
207510_180696,1
207510_34407,1
207510_83265,1
207510_45712,0
207510_289723,1
207510_150186,1
207516_279246,1
207516_128292,1
207516_248870,1
207516_108625,1
207516_110764,0
207516_265077,0
207520_50877,0
207520_51667,0
207520_200132,1
207520_34407,1
207520_220904,1
207520_158385,1
207525_220488,1
207525_252444,1
207525_294233,1
207525_93562,0
207525_9390,1
207525_52956,1
207527_30804,0
207527_188203,1
207527_139220,1
207527_284583,0
207527_195431,0
207527_12922,1
207532_74530,0
207532_45723,1
207532_279398,1
207532_245165,0
207532_271496,1
207532_59985,0
207538_137908,0
207538_78964,0
207538_216933,1
207538_182596,0
207538_91475,1
207538_234779,1
207539_16290,1
207539_47211,1
207539_84196,1
207539_115052,1
207539_99726,0
207539_237718,1
207542_218523,0
207542_122933,0
207542_234791,1
207542_106094,0
207542_10174,1
207542_136809,1
207544_36347,0
207544_257173,1
207544_219917,0
207544_277006,1
207544_279411,0
207544_274781,0
207547_13606,0
207547_293108,0
207547_228469,1
207547_102452,1
207547_274200,0
207547_17882,1
207549_133906,1
207549_1139,1
207549_107923,1
207549_49650,1
207549_64402,1
207549_203206,1
207553_264742,0
207553_201673,1
207553_17908,0
207553_39477,0
207553_50117,0
207553_15984,1
207554_253216,1
207554_159118,0
207554_99980,1
207554_121490,1
207554_207961,1
207554_152381,1
207555_256322,0
207555_57788,0
207555_200303,1
207555_258252,0
207555_41733,1
207555_227141,1
207557_206109,0
207557_252389,0
207557_187449,1
207557_229966,0
207557_52475,0
207557_267055,1
207563_245984,0
207563_142408,1
207563_133167,0
207563_57671,0
207563_259024,0
207563_197770,1
207564_80659,1
207564_40075,1
207564_239632,1
207564_233466,1
207564_152674,1
207564_101473,0
207565_103395,0
207565_83901,0
207565_136843,1
207565_53505,0
207565_91145,1
207565_126341,0
207573_190154,1
207573_183978,0
207573_130097,1
207573_18495,0
207573_103841,1
207573_272882,0
207574_265281,1
207574_267670,1
207574_120246,1
207574_200190,0
207574_243335,1
207574_107562,1
207577_70568,1
207577_123677,0
207577_279583,1
207577_155189,0
207577_60097,0
207577_28015,0
207583_222009,1
207583_19745,1
207583_147869,1
207583_119294,0
207583_200797,1
207583_40857,1
207585_233539,0
207585_74571,1
207585_178444,0
207585_132834,1
207585_214856,1
207585_93699,0
207587_282695,1
207587_118195,0
207587_207899,0
207587_24769,0
207587_159701,0
207587_155818,1
207591_238137,1
207591_92064,1
207591_47311,1
207591_287303,1
207591_141054,1
207591_5100,0
207592_151190,1
207592_129651,1
207592_36177,0
207592_58511,0
207592_270638,1
207592_281141,0
207594_94829,0
207594_31440,1
207594_244554,0
207594_217432,0
207594_113233,0
207594_188639,1
207595_147217,1
207595_200024,0
207595_213196,0
207595_161280,1
207595_90202,0
207595_183806,1
207598_119355,1
207598_213896,0
207598_204714,0
207598_110918,1
207598_189892,1
207598_93787,1
207600_150469,0
207600_36934,1
207600_129146,1
207600_24356,1
207600_60723,0
207600_36786,1
207602_185112,0
207602_42246,0
207602_233638,1
207602_184774,1
207602_285305,1
207602_219392,1
207610_271783,0
207610_247922,1
207610_56334,0
207610_15412,1
207610_217198,0
207610_92164,0
207612_97007,1
207612_14795,1
207612_48663,0
207612_215980,0
207612_225885,0
207612_67158,1
207613_144718,1
207613_226666,0
207613_153431,1
207613_288809,0
207613_147822,1
207613_92969,1
207614_150559,1
207614_203134,0
207614_52710,0
207614_154727,0
207614_194943,1
207614_225105,0
207615_204462,1
207615_104542,1
207615_19944,1
207615_105070,0
207615_154785,0
207615_250273,1
207616_209169,0
207616_5791,0
207616_215325,0
207616_103239,0
207616_205415,0
207616_17811,0
207617_290381,0
207617_213436,1
207617_22924,0
207617_68162,1
207617_3324,1
207617_194802,0
207619_153972,0
207619_78977,1
207619_38015,1
207619_12647,0
207619_145742,1
207619_72400,0
207621_27420,0
207621_91412,0
207621_119375,1
207621_102251,1
207621_53964,1
207621_213866,1
207623_170033,0
207623_141055,0
207623_193711,0
207623_212592,0
207623_92449,0
207623_53661,1
207629_196825,0
207629_12922,1
207629_68360,1
207629_25890,1
207629_147799,1
207629_103512,0
207636_262164,1
207636_151268,1
207636_43138,1
207636_247075,0
207636_96327,1
207636_118025,1
207641_240094,1
207641_246598,1
207641_262418,0
207641_10944,1
207641_238214,1
207641_44561,1
207642_175398,0
207642_230319,1
207642_109967,0
207642_221584,0
207642_70637,0
207642_99338,1
207644_249247,1
207644_54787,1
207644_115967,1
207644_31300,1
207644_264861,0
207644_37785,1
207648_267316,1
207648_241412,0
207648_77038,0
207648_122188,1
207648_253728,0
207648_92869,1
207654_117529,0
207654_43110,1
207654_176639,1
207654_138040,0
207654_292211,1
207654_54741,1
207656_262290,0
207656_274416,0
207656_76149,1
207656_283402,0
207656_26085,1
207656_41532,1
207657_269308,0
207657_184173,1
207657_284636,1
207657_161719,1
207657_63975,1
207657_209165,1
207658_286001,0
207658_46693,0
207658_51101,0
207658_47591,1
207658_239180,1
207658_185837,1
207663_161381,0
207663_63737,1
207663_264496,1
207663_186856,1
207663_290991,1
207663_114465,0
207669_23729,0
207669_62493,0
207669_241468,0
207669_23138,0
207669_295130,1
207669_198197,0
207675_23198,1
207675_80916,0
207675_273219,0
207675_256174,0
207675_252006,1
207675_6424,0
207681_134013,1
207681_123654,0
207681_260560,1
207681_69054,1
207681_275270,1
207681_249335,1
207684_290538,1
207684_266407,1
207684_179993,0
207684_3524,0
207684_108961,0
207684_230358,1
207689_19518,1
207689_280571,1
207689_70010,1
207689_122907,1
207689_90712,1
207689_249234,0
207696_66873,0
207696_223191,1
207696_14803,1
207696_147461,0
207696_101548,1
207696_257922,0
207698_288882,0
207698_294134,0
207698_138863,1
207698_20726,1
207698_291068,1
207698_237561,1
207700_32387,1
207700_13446,1
207700_78977,1
207700_39841,1
207700_172252,1
207700_241593,0
207703_236375,0
207703_59158,0
207703_74098,0
207703_70997,0
207703_60074,1
207703_15437,0
207706_126366,0
207706_52885,1
207706_225732,0
207706_71957,0
207706_32135,1
207706_156112,0
207711_224973,0
207711_122933,1
207711_8217,1
207711_94713,0
207711_240854,1
207711_208441,0
207712_183955,0
207712_269227,1
207712_3597,1
207712_144357,1
207712_80678,0
207712_9422,0
207714_236719,0
207714_228469,0
207714_119394,0
207714_196587,0
207714_165948,0
207714_240873,0
207720_125612,0
207720_25985,0
207720_63305,0
207720_269137,1
207720_35091,1
207720_164274,0
207721_183431,1
207721_162199,0
207721_197725,0
207721_274549,1
207721_288091,1
207721_247468,0
207722_9856,0
207722_133594,1
207722_159550,0
207722_15171,0
207722_4319,1
207722_15892,1
207724_73651,1
207724_96531,1
207724_69158,0
207724_254625,0
207724_44166,0
207724_249803,1
207725_168879,0
207725_203082,1
207725_110556,1
207725_230677,1
207725_173538,0
207725_252900,0
207727_109148,1
207727_175250,0
207727_294181,1
207727_38168,0
207727_191790,0
207727_66859,1
207735_104075,0
207735_233812,0
207735_216902,1
207735_150793,1
207735_185095,0
207735_47039,0
207742_105450,1
207742_218523,1
207742_92591,0
207742_161719,1
207742_263539,0
207742_14355,1
207749_239180,1
207749_285196,0
207749_233244,0
207749_288536,1
207749_265129,1
207749_92589,0
207753_125210,0
207753_272446,1
207753_280823,1
207753_279943,1
207753_131453,1
207753_186785,1
207754_29636,1
207754_82664,1
207754_80606,1
207754_240478,1
207754_163106,1
207754_128732,1
207755_156913,1
207755_38390,1
207755_164658,1
207755_195273,1
207755_121386,1
207755_156898,0
207757_139745,1
207757_41852,1
207757_47420,1
207757_79517,0
207757_192662,0
207757_235491,1
207758_104207,1
207758_54154,1
207758_82812,1
207758_292079,1
207758_28156,0
207758_107627,1
207759_274729,1
207759_223087,0
207759_113502,0
207759_168553,1
207759_132787,0
207759_162795,1
207760_88840,1
207760_16928,0
207760_37686,0
207760_150651,1
207760_272932,0
207760_113588,0
207761_268900,1
207761_183159,1
207761_188540,1
207761_229500,1
207761_22728,1
207761_239328,1
207762_72606,1
207762_272285,1
207762_278454,0
207762_246593,0
207762_142017,0
207762_187638,1
207766_239284,0
207766_146101,1
207766_250625,0
207766_52621,0
207766_94441,1
207766_250459,1
207767_133701,1
207767_33120,0
207767_246583,0
207767_287015,1
207767_145737,1
207767_218836,0
207769_143565,1
207769_18863,1
207769_100261,1
207769_294233,1
207769_40248,1
207769_70208,0
207770_64838,0
207770_272073,0
207770_37202,0
207770_21911,1
207770_124387,1
207770_159496,1
207771_163096,0
207771_42446,1
207771_201011,0
207771_185092,1
207771_191636,1
207771_275001,0
207780_213561,0
207780_216609,1
207780_185039,0
207780_100669,1
207780_101636,0
207780_205676,0
207784_51394,0
207784_217239,0
207784_213881,0
207784_146393,0
207784_48514,0
207784_124416,1
207787_135169,1
207787_81061,1
207787_162847,1
207787_190568,0
207787_111764,0
207787_263898,1
207791_94254,1
207791_14189,0
207791_120874,0
207791_231146,1
207791_260846,1
207791_143156,1
207799_223286,0
207799_21454,1
207799_188838,1
207799_134225,1
207799_6745,1
207799_269227,1
207801_182233,1
207801_272833,1
207801_18164,1
207801_273581,1
207801_274492,1
207801_149391,1
207806_169120,1
207806_233042,1
207806_90317,0
207806_136275,1
207806_56059,1
207806_295703,1
207809_255238,1
207809_82422,0
207809_235823,0
207809_170240,1
207809_4445,0
207809_213730,0
207810_2503,0
207810_181941,0
207810_291238,0
207810_250748,0
207810_54636,0
207810_58503,0
207813_246560,0
207813_140465,0
207813_26458,1
207813_231978,1
207813_290850,0
207813_284168,0
207816_95663,0
207816_144858,0
207816_206044,0
207816_183711,1
207816_101872,0
207816_6173,0
207818_67602,1
207818_52559,0
207818_220478,1
207818_187377,0
207818_174436,1
207818_253654,0
207820_72011,1
207820_216385,0
207820_71510,1
207820_43117,1
207820_74142,1
207820_138272,1
207826_190154,1
207826_268121,1
207826_213755,1
207826_286151,1
207826_92030,0
207826_127903,0
207828_277867,1
207828_37304,1
207828_119889,1
207828_100522,1
207828_275816,1
207828_133781,0
207831_37836,0
207831_5514,0
207831_46008,0
207831_190300,0
207831_281974,0
207831_116743,0
207832_82253,0
207832_295050,0
207832_250601,0
207832_155018,1
207832_24822,1
207832_254625,1
207833_261702,1
207833_201247,1
207833_187117,1
207833_196723,0
207833_143817,1
207833_63737,1
207836_113877,0
207836_164055,0
207836_288399,1
207836_18522,1
207836_217877,0
207836_17348,0
207838_111189,0
207838_210165,1
207838_283706,0
207838_260451,1
207838_48257,1
207838_44561,0
207839_92843,1
207839_243273,1
207839_8229,0
207839_274571,1
207839_94498,0
207839_292290,0
207840_87090,1
207840_176586,0
207840_236268,0
207840_38557,1
207840_171303,0
207840_267297,1
207842_93653,1
207842_290629,1
207842_182324,0
207842_211324,1
207842_10746,1
207842_138410,1
207843_100785,0
207843_196660,0
207843_176465,0
207843_4451,1
207843_176547,0
207843_27546,1
207845_116603,0
207845_10397,0
207845_231282,1
207845_80916,0
207845_238559,0
207845_262471,0
207846_54690,1
207846_170037,1
207846_93625,0
207846_208024,0
207846_151191,0
207846_118998,1
207847_171467,1
207847_137371,1
207847_215814,0
207847_73557,0
207847_125944,0
207847_20394,1
207848_12095,1
207848_151924,1
207848_31440,1
207848_69180,1
207848_28274,1
207848_66741,1
207849_161072,0
207849_214382,0
207849_81321,1
207849_61104,1
207849_104780,0
207849_97522,1
207851_119972,0
207851_46992,1
207851_238680,1
207851_270118,0
207851_156866,0
207851_221768,1
207855_49748,1
207855_108643,1
207855_47528,1
207855_286035,1
207855_124109,1
207855_117529,1
207856_233420,1
207856_295795,0
207856_208267,1
207856_113702,0
207856_228257,0
207856_229476,1
207860_180567,0
207860_1811,0
207860_184094,1
207860_86937,0
207860_155026,0
207860_42963,0
207862_122434,1
207862_269365,1
207862_83184,1
207862_34397,1
207862_52572,1
207862_125453,1
207863_290910,0
207863_226754,1
207863_265874,1
207863_209777,1
207863_271852,0
207863_7740,1
207864_67496,0
207864_198927,0
207864_147654,0
207864_205481,0
207864_133804,0
207864_141474,0
207865_272011,0
207865_285508,1
207865_46414,1
207865_45150,1
207865_141494,0
207865_181210,0
207869_90712,1
207869_38168,1
207869_213989,1
207869_176639,1
207869_49699,0
207869_68647,1
207870_126581,1
207870_63542,1
207870_184237,0
207870_75578,1
207870_192466,0
207870_147068,1
207873_66790,1
207873_217483,1
207873_291415,0
207873_119532,1
207873_145554,1
207873_48204,1
207882_95871,1
207882_78355,0
207882_106291,0
207882_117898,1
207882_263712,1
207882_271459,0
207883_158421,1
207883_107145,0
207883_23018,1
207883_203312,0
207883_277721,0
207883_122219,1
207886_292307,0
207886_214722,1
207886_139963,0
207886_45789,0
207886_272078,0
207886_177532,1
207887_44494,1
207887_123171,1
207887_142781,0
207887_235761,1
207887_153618,1
207887_210387,0
207891_69810,0
207891_65731,0
207891_93412,1
207891_83512,1
207891_11181,1
207891_5791,0
207895_21548,1
207895_54117,1
207895_268019,1
207895_230677,1
207895_61319,0
207895_228690,1
207898_158431,1
207898_124402,1
207898_183872,1
207898_274758,0
207898_266989,0
207898_214031,1
207901_182888,1
207901_3909,0
207901_208258,1
207901_253486,0
207901_105376,0
207901_144040,0
207903_288344,0
207903_56811,0
207903_177141,0
207903_262193,1
207903_203839,1
207903_154929,0
207906_24309,1
207906_78147,0
207906_142177,0
207906_218291,1
207906_127241,1
207906_104207,1
207907_85602,1
207907_143789,1
207907_204354,1
207907_21911,1
207907_267279,1
207907_57704,1
207913_42375,1
207913_120929,0
207913_218155,1
207913_157639,0
207913_228598,1
207913_246261,0
207914_63580,1
207914_89354,1
207914_12095,1
207914_284105,1
207914_162133,0
207914_273270,1
207920_83160,1
207920_180306,1
207920_159451,1
207920_245706,1
207920_143832,0
207920_61974,0
207925_280192,1
207925_166048,1
207925_41212,1
207925_282050,0
207925_177205,1
207925_214544,0
207931_238637,1
207931_12111,1
207931_40741,1
207931_234812,1
207931_185584,0
207931_163862,1
207932_294627,1
207932_235716,1
207932_226089,1
207932_206507,0
207932_87691,1
207932_153400,0
207936_146361,0
207936_2535,1
207936_76302,1
207936_73844,1
207936_69230,0
207936_76477,0
207938_110171,1
207938_59177,0
207938_286404,1
207938_271243,0
207938_64958,0
207938_63433,0
207942_108161,1
207942_201673,1
207942_207401,1
207942_149237,1
207942_39757,0
207942_48366,0
207946_218523,1
207946_63376,0
207946_286476,0
207946_58702,1
207946_141970,1
207946_182181,1
207947_238906,1
207947_16374,1
207947_295038,1
207947_158035,1
207947_55222,1
207947_12821,1
207948_246550,0
207948_189775,1
207948_32185,1
207948_9946,0
207948_60589,1
207948_61949,0
207951_94095,1
207951_89134,1
207951_187639,1
207951_247862,1
207951_116422,1
207951_230234,0
207952_84780,0
207952_178508,1
207952_137062,1
207952_217504,0
207952_64322,0
207952_18155,1
207954_152518,1
207954_59684,1
207954_244009,1
207954_8324,1
207954_41758,1
207954_172058,1
207955_153123,1
207955_112760,0
207955_51675,0
207955_22263,0
207955_41802,1
207955_61277,0
207956_58443,1
207956_272072,0
207956_118328,1
207956_221717,1
207956_235014,1
207956_24909,0
207958_99374,0
207958_13183,1
207958_31079,1
207958_213519,0
207958_200574,0
207958_216316,1
207962_248037,1
207962_150250,1
207962_282850,1
207962_141772,1
207962_38557,1
207962_232000,1
207964_173316,1
207964_135169,1
207964_242397,1
207964_284909,0
207964_62947,0
207964_212840,1
207965_229894,1
207965_250784,0
207965_115586,0
207965_80916,0
207965_279943,1
207965_103080,0
207969_240094,0
207969_144424,0
207969_244732,0
207969_167376,0
207969_253858,1
207969_116260,0
207970_28473,1
207970_19543,0
207970_240331,0
207970_57904,1
207970_286482,0
207970_216031,1
207971_134449,0
207971_87462,0
207971_87671,0
207971_195056,0
207971_229894,1
207971_4558,0
207972_135035,0
207972_23629,0
207972_15617,0
207972_269939,0
207972_179540,0
207972_1158,0
207975_81902,0
207975_98392,0
207975_92035,1
207975_10628,1
207975_65494,1
207975_205438,0
207977_26499,1
207977_226049,0
207977_36743,1
207977_244071,0
207977_274931,1
207977_170824,1
207978_114180,0
207978_222947,0
207978_256977,0
207978_129093,0
207978_140971,0
207978_141055,0
207979_193375,1
207979_157155,1
207979_174689,1
207979_244283,1
207979_24992,1
207979_243020,0
207985_207169,0
207985_168855,0
207985_70188,0
207985_193003,1
207985_55280,1
207985_87423,1
207986_165444,0
207986_217200,0
207986_123338,0
207986_45150,0
207986_15226,1
207986_294134,0
207991_209903,1
207991_182253,0
207991_38041,1
207991_74010,1
207991_39046,1
207991_166657,0
207992_43077,1
207992_195230,0
207992_245555,1
207992_278278,1
207992_198589,0
207992_101871,1
207996_52670,0
207996_177982,1
207996_60135,1
207996_156913,1
207996_154382,1
207996_110949,0
207999_77301,1
207999_241704,0
207999_8289,1
207999_93327,1
207999_28924,1
207999_215074,0
208003_274732,1
208003_204836,1
208003_170879,0
208003_223536,1
208003_41733,1
208003_139489,1
208006_271351,0
208006_193774,1
208006_156357,1
208006_170260,1
208006_236486,0
208006_70160,1
208007_266186,0
208007_82931,1
208007_203707,1
208007_197570,1
208007_195208,1
208007_180634,1
208008_198030,0
208008_269227,1
208008_267988,0
208008_60217,0
208008_13805,0
208008_61196,0
208009_715,0
208009_5024,1
208009_163169,1
208009_50628,1
208009_284909,0
208009_177183,1
208011_170037,1
208011_147049,1
208011_238387,1
208011_150108,1
208011_158171,1
208011_182181,1
208012_44624,1
208012_178536,1
208012_173513,1
208012_58909,1
208012_81061,1
208012_49896,0
208014_54093,0
208014_136164,0
208014_121695,1
208014_69019,0
208014_194810,0
208014_200378,1
208015_195566,0
208015_71455,1
208015_171077,1
208015_19543,1
208015_247293,1
208015_59774,1
208016_25772,1
208016_91729,1
208016_124664,1
208016_223264,1
208016_274693,1
208016_196957,1
208017_56334,1
208017_268917,1
208017_75674,0
208017_117756,1
208017_155078,0
208017_13981,1
208018_210307,1
208018_172779,1
208018_178502,1
208018_121088,0
208018_60287,0
208018_100608,1
208019_57164,0
208019_281847,1
208019_203765,1
208019_276006,1
208019_154322,1
208019_121753,1
208021_281850,1
208021_52572,1
208021_175211,1
208021_135580,0
208021_289676,1
208021_108161,1
208022_29214,0
208022_153551,0
208022_8809,0
208022_87671,0
208022_226560,1
208022_203325,1
208023_8691,1
208023_275379,1
208023_123622,1
208023_197941,0
208023_96488,1
208023_185456,1
208024_287723,1
208024_188159,0
208024_168253,1
208024_241981,0
208024_69220,1
208024_192488,0
208025_177373,0
208025_160239,1
208025_59211,0
208025_17184,1
208025_275371,0
208025_122020,1
208026_83820,1
208026_262985,0
208026_84045,1
208026_295904,1
208026_108142,1
208026_228218,1
208027_273659,0
208027_197273,0
208027_123161,0
208027_234432,0
208027_43564,1
208027_134456,1
208028_198890,1
208028_294598,0
208028_25840,0
208028_219685,0
208028_42375,1
208028_136274,1
208029_209763,0
208029_219726,0
208029_227397,0
208029_185584,0
208029_18486,0
208029_54636,1
208032_96657,1
208032_33931,0
208032_84824,1
208032_17173,1
208032_124109,1
208032_287782,0
208033_249328,0
208033_105563,1
208033_104145,1
208033_50484,1
208033_55359,0
208033_30784,0
208035_275729,0
208035_139921,1
208035_194304,1
208035_80129,0
208035_254680,0
208035_247607,0
208037_5718,1
208037_65511,0
208037_60316,1
208037_163665,1
208037_141247,1
208037_69386,1
208038_122044,1
208038_79362,0
208038_80308,0
208038_110119,0
208038_139654,0
208038_227606,1
208041_53085,0
208041_12010,0
208041_82308,0
208041_46756,0
208041_36934,0
208041_275385,0
208044_64059,1
208044_273219,1
208044_66464,1
208044_288807,1
208044_634,1
208044_267870,0
208045_268668,0
208045_156915,0
208045_272290,1
208045_34456,0
208045_83560,1
208045_115646,1
208046_191995,1
208046_96630,0
208046_282050,1
208046_90143,1
208046_69926,1
208046_240094,0
208052_291102,0
208052_251366,1
208052_109818,0
208052_9487,1
208052_31761,1
208052_183431,0
208053_79697,1
208053_123341,1
208053_276615,1
208053_134099,1
208053_16075,0
208053_173161,0
208054_203711,1
208054_230358,1
208054_32,1
208054_182827,1
208054_283420,0
208054_181850,0
208055_185584,1
208055_277776,1
208055_7180,0
208055_164658,1
208055_108796,1
208055_66292,1
208057_22143,1
208057_178350,0
208057_77086,0
208057_272781,1
208057_283906,0
208057_207446,1
208058_89813,0
208058_294762,1
208058_179499,0
208058_295149,0
208058_30769,1
208058_212973,1
208060_229822,0
208060_66741,1
208060_180634,1
208060_260574,1
208060_100398,0
208060_41564,1
208064_264826,0
208064_177642,1
208064_201681,0
208064_232699,1
208064_191783,1
208064_236135,0
208065_143081,0
208065_52160,0
208065_209370,0
208065_158554,0
208065_104740,0
208065_165663,0
208066_50974,0
208066_189651,1
208066_146126,0
208066_286920,0
208066_126889,0
208066_21911,1
208069_21059,1
208069_244768,1
208069_133603,1
208069_141772,1
208069_101747,0
208069_12931,0
208071_98748,1
208071_246118,0
208071_161474,0
208071_106751,0
208071_72517,0
208071_250520,0
208074_97522,1
208074_255065,1
208074_243789,0
208074_112760,1
208074_88672,0
208074_134510,1
208078_291134,1
208078_27090,0
208078_235716,0
208078_13469,1
208078_90722,0
208078_37384,1
208080_217950,1
208080_274758,0
208080_30405,0
208080_16672,0
208080_240214,0
208080_211132,1
208081_54217,0
208081_191911,1
208081_215834,1
208081_288743,0
208081_69230,1
208081_244850,0
208091_107344,0
208091_93808,0
208091_134160,1
208091_146263,1
208091_125266,1
208091_53385,1
208093_473,1
208093_263595,1
208093_225494,1
208093_259598,0
208093_32816,0
208093_260930,1
208097_92035,1
208097_268936,0
208097_15109,1
208097_208761,1
208097_261464,0
208097_185423,1
208098_172255,1
208098_106788,1
208098_147619,0
208098_163568,1
208098_140144,1
208098_264668,1
208099_183204,1
208099_81817,0
208099_130416,0
208099_248267,1
208099_110001,0
208099_230857,0
208103_265337,1
208103_215335,0
208103_86521,1
208103_227705,0
208103_179970,1
208103_232242,1
208105_192213,0
208105_206930,1
208105_117572,0
208105_223454,0
208105_248267,1
208105_35571,1
208107_19411,1
208107_151926,0
208107_180819,1
208107_11696,0
208107_260158,1
208107_256385,1
208109_12365,0
208109_25866,0
208109_110738,0
208109_180947,0
208109_80129,0
208109_254099,0
208111_100621,0
208111_1974,0
208111_115095,1
208111_72875,1
208111_147585,0
208111_210263,0
208113_50089,0
208113_73043,0
208113_10062,0
208113_281016,0
208113_146507,0
208113_181878,0
208115_245668,0
208115_181994,0
208115_183497,0
208115_228981,1
208115_70932,1
208115_33445,0
208117_105788,0
208117_223165,0
208117_237561,0
208117_261743,0
208117_176916,1
208117_48189,1
208121_16423,1
208121_92759,0
208121_182388,1
208121_231872,1
208121_222818,0
208121_283426,0
208122_244756,0
208122_110556,1
208122_230677,1
208122_255924,1
208122_260036,0
208122_124297,0
208123_166240,1
208123_191635,0
208123_271488,1
208123_277360,0
208123_106094,1
208123_294233,0
208129_152798,1
208129_181135,1
208129_247218,0
208129_52855,1
208129_207455,0
208129_285347,1
208132_252312,1
208132_153308,1
208132_104207,1
208132_20096,1
208132_73637,1
208132_14656,1
208133_198001,0
208133_78316,0
208133_267297,0
208133_145039,0
208133_294724,0
208133_108780,0
208134_63738,0
208134_185946,0
208134_262059,1
208134_162181,0
208134_183519,1
208134_82931,0
208136_69271,0
208136_287293,0
208136_171706,1
208136_228679,0
208136_181543,1
208136_151595,1
208138_81024,1
208138_102209,0
208138_207923,1
208138_30000,0
208138_19827,1
208138_271794,1
208141_290496,0
208141_234652,0
208141_118170,0
208141_231390,0
208141_20206,0
208141_239304,0
208142_93313,1
208142_74320,0
208142_218750,1
208142_288322,1
208142_13487,1
208142_269759,1
208143_218206,0
208143_104928,0
208143_10445,1
208143_235673,0
208143_125958,0
208143_35555,1
208148_175495,1
208148_249827,1
208148_167683,0
208148_161094,0
208148_206819,1
208148_129967,1
208151_23341,0
208151_30451,0
208151_51145,1
208151_174143,0
208151_255048,1
208151_129684,1
208152_120535,1
208152_204679,1
208152_149993,0
208152_232937,0
208152_226675,0
208152_170331,0
208153_148132,0
208153_260905,1
208153_122251,1
208153_73557,1
208153_189459,1
208153_263280,1
208154_80572,1
208154_25371,0
208154_83086,0
208154_17882,1
208154_61145,1
208154_235159,1
208158_49832,0
208158_5216,1
208158_39763,1
208158_22466,1
208158_255645,1
208158_213415,1
208159_127024,1
208159_120246,0
208159_157968,0
208159_149623,0
208159_159035,1
208159_166959,0
208162_84014,1
208162_62425,1
208162_162683,1
208162_259768,1
208162_17033,1
208162_257644,0
208163_80916,1
208163_187573,1
208163_36641,1
208163_133906,1
208163_210387,0
208163_137037,0
208164_116478,0
208164_187994,0
208164_42708,1
208164_247654,0
208164_13991,1
208164_217837,0
208165_199807,0
208165_109907,0
208165_145624,0
208165_45340,0
208165_68183,0
208165_239282,0
208168_3878,0
208168_20206,0
208168_138192,0
208168_133594,1
208168_110556,1
208168_1779,0
208173_71059,0
208173_204755,0
208173_77152,0
208173_87451,0
208173_88362,0
208173_242619,0
208176_28862,0
208176_238508,1
208176_54419,1
208176_162036,1
208176_77434,0
208176_265554,0
208177_201673,0
208177_48819,0
208177_97396,1
208177_155,1
208177_17882,1
208177_175928,0
208179_44927,1
208179_225174,1
208179_152626,1
208179_282208,0
208179_183431,1
208179_129656,0
208180_122638,1
208180_55302,1
208180_136010,1
208180_82931,1
208180_237429,1
208180_96327,1
208182_40041,1
208182_94007,1
208182_270515,1
208182_91019,0
208182_109546,1
208182_118738,1
208183_47084,1
208183_3413,1
208183_268917,1
208183_73180,1
208183_87606,1
208183_82535,1
208186_285070,1
208186_102017,1
208186_23922,0
208186_89099,1
208186_133764,1
208186_227756,1
208190_12927,0
208190_15821,1
208190_142851,1
208190_5869,0
208190_46091,1
208190_202351,0
208191_37603,1
208191_49319,1
208191_197553,0
208191_295225,0
208191_5030,0
208191_172984,1
208195_16947,0
208195_216902,1
208195_253355,1
208195_206256,1
208195_124631,1
208195_244850,0
208197_36934,1
208197_76729,1
208197_15187,1
208197_228117,0
208197_17155,0
208197_228775,0
208199_170482,1
208199_4026,1
208199_89403,1
208199_109,0
208199_133123,0
208199_123232,1
208202_7177,1
208202_157702,1
208202_52855,1
208202_50515,0
208202_268917,1
208202_148858,1
208203_185565,1
208203_165626,1
208203_210076,0
208203_208159,1
208203_26532,1
208203_161474,1
208207_270672,0
208207_177881,0
208207_235716,0
208207_258655,1
208207_164591,0
208207_38889,1
208209_28837,0
208209_43391,1
208209_114547,0
208209_172745,1
208209_205918,0
208209_257420,0
208210_162942,0
208210_134774,0
208210_266150,0
208210_185828,0
208210_178596,0
208210_255988,0
208211_194950,0
208211_249673,0
208211_284196,0
208211_124899,0
208211_209937,0
208211_94147,0
208212_157802,1
208212_9390,1
208212_61839,1
208212_175800,1
208212_121226,0
208212_15429,1
208213_252711,0
208213_24607,1
208213_24418,1
208213_111719,0
208213_261850,0
208213_200186,1
208218_137850,0
208218_194553,0
208218_152008,0
208218_107247,0
208218_90834,1
208218_36786,1
208220_27929,1
208220_243378,0
208220_248952,1
208220_66796,0
208220_171373,1
208220_225847,0
208224_252656,1
208224_253628,1
208224_221867,1
208224_9823,1
208224_157309,1
208224_33065,1
208225_223658,1
208225_270544,1
208225_201487,0
208225_267076,1
208225_259912,0
208225_23323,1
208230_79542,1
208230_155114,0
208230_88231,1
208230_90178,0
208230_183310,0
208230_107420,0
208234_84099,1
208234_160121,1
208234_252021,1
208234_124569,0
208234_30023,1
208234_230811,0
208237_83873,1
208237_3632,1
208237_203129,1
208237_128114,1
208237_160030,1
208237_101193,0
208238_96407,1
208238_203787,0
208238_262854,1
208238_244657,1
208238_266703,1
208238_98305,1
208240_165338,1
208240_221248,1
208240_200468,0
208240_55049,0
208240_139135,1
208240_292590,0
208241_131453,0
208241_112211,0
208241_227294,0
208241_93036,0
208241_4214,0
208241_85914,0
208246_281373,0
208246_37827,1
208246_195566,1
208246_262804,0
208246_100076,1
208246_290158,1
208247_281844,1
208247_149337,0
208247_132698,0
208247_169580,1
208247_24631,0
208247_55769,0
208248_9464,1
208248_183307,1
208248_82112,0
208248_96024,0
208248_256922,1
208248_236044,0
208249_66330,1
208249_97913,0
208249_107923,1
208249_19596,0
208249_287718,1
208249_276615,1
208253_279396,0
208253_277142,0
208253_148001,0
208253_27427,1
208253_279952,0
208253_153822,1
208257_156579,0
208257_118998,1
208257_12766,1
208257_276276,0
208257_109487,0
208257_9758,1
208258_56100,0
208258_204836,0
208258_287582,0
208258_7034,0
208258_75157,0
208258_226439,0
208265_30234,1
208265_206538,1
208265_130606,1
208265_284554,1
208265_113135,1
208265_7260,0
208266_250817,0
208266_231685,0
208266_188639,0
208266_131,0
208266_99175,0
208266_291782,0
208268_190067,0
208268_136149,1
208268_14162,1
208268_20462,1
208268_171253,1
208268_195634,0
208269_137131,1
208269_287260,0
208269_137085,1
208269_152434,1
208269_134798,1
208269_26636,1
208270_25107,1
208270_30477,0
208270_88927,0
208270_262670,1
208270_105828,1
208270_140802,1
208271_90992,1
208271_285194,1
208271_144344,0
208271_162286,1
208271_270831,1
208271_114331,1
208273_269846,0
208273_185148,1
208273_85385,0
208273_106291,0
208273_70188,1
208273_281113,1
208278_277530,1
208278_250816,0
208278_228671,1
208278_210682,0
208278_87732,1
208278_124301,1
208279_271488,1
208279_273185,0
208279_208113,0
208279_253333,0
208279_268974,1
208279_29189,1
208280_138089,0
208280_133855,0
208280_34152,1
208280_227697,0
208280_80075,1
208280_111014,0
208282_56407,1
208282_17790,1
208282_263712,1
208282_65707,1
208282_159637,0
208282_156913,1
208284_234891,1
208284_277583,0
208284_160977,0
208284_263719,1
208284_31836,1
208284_86769,0
208286_20895,1
208286_102412,0
208286_67388,0
208286_51539,1
208286_90931,1
208286_123232,1
208287_261128,1
208287_275805,0
208287_272983,0
208287_138137,0
208287_112193,1
208287_236618,0
208290_139033,1
208290_122097,1
208290_102349,1
208290_150712,1
208290_183723,0
208290_56437,1
208294_50112,1
208294_83993,0
208294_225974,0
208294_131537,0
208294_144478,0
208294_243554,1
208298_37688,0
208298_150766,1
208298_284564,1
208298_191169,0
208298_35752,1
208298_54559,0
208300_67772,1
208300_95460,0
208300_275223,1
208300_86920,1
208300_141921,0
208300_262192,0
208302_227732,1
208302_1471,0
208302_274333,1
208302_211834,0
208302_190154,1
208302_3409,1
208305_21493,0
208305_134510,0
208305_157914,1
208305_134431,1
208305_180033,1
208305_106882,1
208308_138969,1
208308_143570,1
208308_69797,1
208308_269846,0
208308_16078,1
208308_256557,1
208313_116166,1
208313_262160,1
208313_216112,0
208313_185815,1
208313_247218,1
208313_220488,0
208315_13776,0
208315_196159,0
208315_149830,1
208315_164753,0
208315_269993,1
208315_186556,1
208316_148670,1
208316_252250,0
208316_265278,1
208316_73011,1
208316_258686,0
208316_262191,0
208321_1731,0
208321_23323,0
208321_18173,0
208321_108780,1
208321_238389,0
208321_210679,0
208322_24418,0
208322_18067,1
208322_264861,1
208322_211030,0
208322_39647,0
208322_135086,0
208323_79901,0
208323_10445,1
208323_25235,1
208323_250851,1
208323_37562,1
208323_115656,1
208326_105306,0
208326_126084,1
208326_283045,1
208326_159653,0
208326_169986,0
208326_257145,1
208327_114768,1
208327_108780,1
208327_207677,0
208327_169945,1
208327_108120,1
208327_221618,0
208329_223817,0
208329_88272,1
208329_51468,1
208329_180370,0
208329_227594,1
208329_12647,1
208330_276415,1
208330_108142,0
208330_133302,1
208330_99246,1
208330_140101,0
208330_167873,1
208335_163423,0
208335_144326,1
208335_74024,1
208335_135457,1
208335_36186,1
208335_114185,1
208336_33195,1
208336_61277,1
208336_75915,1
208336_290591,1
208336_15139,0
208336_118162,0
208339_291128,1
208339_278152,1
208339_56483,1
208339_63532,0
208339_117482,1
208339_264496,0
208340_152786,1
208340_161719,1
208340_74622,0
208340_76693,0
208340_266340,0
208340_67333,1
208341_29651,0
208341_128985,1
208341_286878,1
208341_263249,1
208341_263828,0
208341_139135,0
208347_106320,1
208347_13393,1
208347_3455,1
208347_52044,1
208347_235282,0
208347_50628,0
208350_47697,1
208350_33233,1
208350_161067,0
208350_26762,1
208350_83677,1
208350_182000,1
208361_70268,1
208361_271628,1
208361_175928,0
208361_99025,0
208361_36109,1
208361_32369,0
208362_58173,1
208362_137820,1
208362_235019,1
208362_40735,1
208362_260082,1
208362_150155,0
208363_78646,1
208363_232205,0
208363_167873,0
208363_39046,1
208363_136333,0
208363_120521,0
208364_98408,1
208364_76280,0
208364_197923,1
208364_47730,1
208364_17912,1
208364_9285,1
208365_124388,1
208365_225319,0
208365_32946,0
208365_153431,0
208365_260655,0
208365_143362,1
208367_276867,1
208367_119023,0
208367_83900,1
208367_133906,1
208367_225329,1
208367_87671,1
208370_120535,1
208370_120246,1
208370_224515,1
208370_72334,1
208370_262757,1
208370_77794,1
208372_9838,0
208372_177214,0
208372_118642,0
208372_212165,0
208372_12827,0
208372_251810,1
208373_156304,1
208373_280184,1
208373_12281,1
208373_154943,1
208373_239877,1
208373_290841,1
208376_98945,0
208376_178269,1
208376_80649,1
208376_2535,1
208376_172882,1
208376_91901,1
208378_242111,1
208378_246135,1
208378_17312,1
208378_161075,1
208378_92768,1
208378_246893,1
208383_3472,0
208383_294251,1
208383_152401,1
208383_61104,1
208383_174044,1
208383_77055,0
208384_291338,1
208384_52399,1
208384_175928,1
208384_76703,1
208384_78278,1
208384_102133,1
208385_89668,0
208385_10976,0
208385_185456,0
208385_183243,0
208385_226120,0
208385_74542,0
208393_67942,1
208393_247103,0
208393_211093,1
208393_176216,1
208393_29894,1
208393_74551,0
208394_235123,0
208394_124080,0
208394_151092,0
208394_85006,1
208394_292483,0
208394_132011,1
208395_96386,1
208395_65494,1
208395_219739,0
208395_69111,1
208395_133594,1
208395_195384,1
208397_65150,1
208397_52572,1
208397_201449,1
208397_220523,1
208397_185349,1
208397_78150,0
208399_169310,1
208399_26325,0
208399_182307,1
208399_207491,0
208399_264826,1
208399_66741,0
208400_286777,0
208400_143570,0
208400_124029,0
208400_115763,0
208400_210744,1
208400_85437,0
208402_172380,0
208402_240074,1
208402_136273,0
208402_87379,1
208402_146322,0
208402_26902,1
208404_201032,1
208404_182596,1
208404_294196,1
208404_246194,1
208404_210179,0
208404_242555,1
208406_64590,0
208406_249886,0
208406_46225,1
208406_191053,0
208406_176344,1
208406_102349,0
208408_48819,1
208408_166592,1
208408_108161,1
208408_162149,0
208408_232937,0
208408_235471,0
208419_228397,1
208419_150712,1
208419_197751,0
208419_129903,0
208419_196195,0
208419_281016,0
208420_53588,0
208420_224197,0
208420_92352,0
208420_291070,1
208420_267482,1
208420_220034,0
208421_177409,0
208421_87090,1
208421_254614,0
208421_213019,0
208421_268388,1
208421_281016,1
208423_242156,1
208423_181901,1
208423_76484,0
208423_56352,0
208423_36641,0
208423_257693,0
208427_37333,1
208427_100196,1
208427_85777,0
208427_52617,0
208427_294698,0
208427_74331,0
208430_1214,0
208430_201735,1
208430_224585,0
208430_283271,0
208430_143465,0
208430_121258,1
208431_45712,1
208431_262914,0
208431_116227,0
208431_200346,1
208431_43473,1
208431_287257,1
208432_95141,1
208432_74610,1
208432_163770,1
208432_3307,1
208432_219052,1
208432_188093,1
208434_249919,1
208434_76685,1
208434_205419,1
208434_293600,0
208434_165376,1
208434_24434,0
208441_182406,0
208441_193711,1
208441_161958,0
208441_92417,1
208441_284199,1
208441_100884,1
208443_9783,0
208443_74021,0
208443_74024,0
208443_36157,1
208443_32369,1
208443_59831,0
208444_37517,1
208444_117971,0
208444_66637,0
208444_200907,0
208444_40504,0
208444_11594,1
208445_76685,1
208445_26533,0
208445_34640,1
208445_80051,1
208445_193512,0
208445_102762,0
208447_154334,0
208447_14776,0
208447_240781,0
208447_252060,0
208447_219973,0
208447_256132,0
208453_239212,1
208453_274359,0
208453_23103,0
208453_37677,1
208453_132159,0
208453_60331,1
208454_109144,1
208454_291752,1
208454_271092,1
208454_24922,0
208454_78526,0
208454_29189,1
208456_256189,1
208456_84102,1
208456_182910,1
208456_289817,1
208456_277065,1
208456_252616,1
208457_48919,0
208457_205263,0
208457_183343,0
208457_86170,1
208457_253203,1
208457_67711,1
208459_133890,0
208459_291248,0
208459_84161,0
208459_261844,1
208459_89795,0
208459_230811,0
208460_28075,0
208460_211273,0
208460_214856,0
208460_162199,0
208460_147920,0
208460_93070,0
208461_61827,1
208461_27864,0
208461_76222,1
208461_20564,0
208461_5007,1
208461_28948,1
208462_130005,1
208462_247777,1
208462_172220,1
208462_101494,1
208462_68864,0
208462_104207,1
208467_114376,1
208467_99798,0
208467_9183,1
208467_292336,1
208467_41758,1
208467_227050,0
208469_94513,0
208469_120734,0
208469_172774,1
208469_144572,1
208469_286462,0
208469_68236,1
208476_159622,1
208476_252608,1
208476_161839,0
208476_150128,1
208476_26716,1
208476_288926,1
208478_160905,1
208478_87346,0
208478_163665,1
208478_245726,1
208478_163286,0
208478_212331,1
208480_42300,0
208480_230065,1
208480_173907,1
208480_219422,1
208480_5557,1
208480_271137,1
208481_242102,1
208481_291338,1
208481_254689,1
208481_146570,1
208481_35904,0
208481_156802,0
208483_87694,0
208483_165984,1
208483_36803,0
208483_44251,0
208483_43771,0
208483_49162,1
208489_131585,1
208489_165847,0
208489_153557,1
208489_200152,0
208489_91016,0
208489_102112,1
208491_224747,0
208491_175981,0
208491_76002,0
208491_37154,0
208491_162604,0
208491_239284,0
208494_59344,1
208494_249735,1
208494_46756,1
208494_225319,1
208494_72897,1
208494_98127,1
208495_153972,1
208495_157147,0
208495_209370,1
208495_62493,1
208495_231243,0
208495_265278,0
208496_118652,0
208496_146263,1
208496_292919,1
208496_84644,0
208496_260175,0
208496_113645,1
208499_94602,0
208499_123292,0
208499_129836,1
208499_102452,1
208499_26748,1
208499_129539,1
208500_260701,1
208500_276848,0
208500_223599,1
208500_89944,1
208500_60987,0
208500_230617,1
208504_166287,0
208504_123663,1
208504_117623,1
208504_217624,1
208504_122380,0
208504_144825,0
208508_83378,1
208508_248581,1
208508_275765,0
208508_60384,0
208508_69131,1
208508_277751,1
208511_180177,0
208511_215461,1
208511_3595,0
208511_61909,1
208511_95061,1
208511_66079,0
208512_70188,1
208512_57209,1
208512_94915,1
208512_14091,0
208512_5030,1
208512_191605,0
208514_30547,0
208514_39477,1
208514_121593,0
208514_121620,1
208514_140060,1
208514_197421,1
208516_4865,0
208516_51430,1
208516_56134,1
208516_99471,1
208516_227697,0
208516_122666,1
208520_192355,0
208520_128541,0
208520_15598,0
208520_43167,0
208520_79337,0
208520_258319,0
208522_5935,1
208522_63628,0
208522_73557,1
208522_23499,1
208522_288337,0
208522_158542,0
208523_268716,1
208523_16367,1
208523_132037,0
208523_167806,1
208523_244947,1
208523_1618,1
208524_124712,1
208524_109544,1
208524_257267,1
208524_65101,1
208524_13426,0
208524_192816,1
208526_117377,0
208526_245524,0
208526_279941,0
208526_133493,0
208526_104187,0
208526_256643,0
208530_218956,0
208530_162435,0
208530_208006,0
208530_171325,0
208530_142248,0
208530_185584,0
208531_157639,0
208531_82931,1
208531_6035,1
208531_175211,1
208531_8583,1
208531_138706,0
208536_164885,0
208536_242011,0
208536_30023,1
208536_113233,1
208536_104928,1
208536_173650,1
208538_236569,1
208538_55667,1
208538_208407,0
208538_214291,1
208538_287200,1
208538_68331,1
208539_31645,1
208539_227482,1
208539_212607,1
208539_3349,1
208539_20953,0
208539_74822,1
208540_142408,1
208540_182009,0
208540_39252,1
208540_289279,0
208540_13641,1
208540_129095,1
208542_165615,1
208542_80916,0
208542_195451,0
208542_51750,1
208542_129546,1
208542_269239,0
208546_261108,1
208546_236898,0
208546_71074,0
208546_46396,0
208546_257260,0
208546_78311,1
208547_128924,1
208547_249257,0
208547_61993,0
208547_68044,0
208547_197364,0
208547_248583,1
208548_168264,0
208548_45956,1
208548_63983,0
208548_283084,1
208548_109464,0
208548_228676,0
208553_232937,1
208553_269846,0
208553_70818,1
208553_13683,1
208553_109862,1
208553_135175,1
208555_200777,0
208555_269171,1
208555_205438,1
208555_219794,1
208555_262257,0
208555_291250,0
208556_203134,0
208556_252444,1
208556_234930,0
208556_134510,1
208556_104422,1
208556_45150,0
208562_12368,1
208562_63870,0
208562_76671,1
208562_173433,0
208562_153877,1
208562_106977,1
208564_1222,1
208564_206582,0
208564_184644,0
208564_271794,1
208564_66790,1
208564_92843,1
208567_6686,0
208567_159936,0
208567_279208,1
208567_31300,0
208567_271351,0
208567_70500,0
208574_89740,1
208574_63142,0
208574_11278,0
208574_157353,0
208574_264826,1
208574_40722,1
208575_45395,1
208575_106401,1
208575_12944,1
208575_255916,1
208575_4310,1
208575_225840,1
208578_112142,0
208578_276120,0
208578_38543,1
208578_71685,1
208578_105779,0
208578_141772,1
208582_3449,1
208582_59435,0
208582_213432,0
208582_231017,1
208582_244659,1
208582_116312,1
208583_104505,0
208583_106805,0
208583_108213,0
208583_47433,0
208583_48434,0
208583_255958,0
208585_9636,1
208585_16707,1
208585_139505,0
208585_119512,0
208585_150544,1
208585_161489,0
208589_110789,1
208589_232467,1
208589_225294,1
208589_74296,1
208589_208389,1
208589_33911,0
208590_17900,1
208590_99448,1
208590_9758,1
208590_53935,0
208590_179502,1
208590_237493,1
208593_130480,1
208593_116597,0
208593_128527,1
208593_275739,0
208593_111184,0
208593_80193,1
208597_127195,1
208597_198034,1
208597_12578,0
208597_89156,0
208597_170773,1
208597_15715,0
208598_204897,1
208598_151924,0
208598_108560,1
208598_84780,1
208598_218155,1
208598_158718,0
208603_51218,1
208603_245308,1
208603_135562,1
208603_182629,0
208603_52572,1
208603_45942,1
208604_57459,0
208604_67391,1
208604_54690,0
208604_214535,1
208604_4379,1
208604_197652,0
208605_219330,1
208605_42966,1
208605_241266,0
208605_3896,1
208605_141713,1
208605_146756,0
208610_46493,0
208610_131453,0
208610_63674,0
208610_194950,0
208610_136506,0
208610_88612,0
208611_170180,1
208611_18075,0
208611_144463,1
208611_254873,0
208611_51682,0
208611_159549,0
208617_140645,0
208617_136275,0
208617_65807,0
208617_181688,0
208617_177183,0
208617_32154,0
208618_193298,1
208618_288829,1
208618_102133,1
208618_44795,1
208618_291913,1
208618_269551,1
208619_70363,1
208619_244079,1
208619_273209,1
208619_194060,1
208619_139086,1
208619_55252,1
208621_38453,1
208621_161159,1
208621_251289,0
208621_66439,1
208621_1414,1
208621_123919,0
208625_133601,1
208625_69245,1
208625_294418,0
208625_231282,0
208625_221486,1
208625_79409,1
208627_32083,0
208627_164300,1
208627_207449,0
208627_52227,1
208627_229271,0
208627_218553,0
208628_30408,1
208628_125742,1
208628_222942,0
208628_39492,1
208628_121135,1
208628_281749,0
208634_276189,1
208634_265652,0
208634_235797,1
208634_189952,1
208634_261796,1
208634_169030,1
208636_179100,0
208636_109667,0
208636_143193,0
208636_29189,0
208636_243613,1
208636_167873,1
208638_180093,1
208638_214945,1
208638_160275,1
208638_286476,1
208638_2535,1
208638_38967,1
208641_289150,0
208641_217193,0
208641_191565,0
208641_203152,0
208641_239570,1
208641_3062,0
208644_121062,0
208644_179292,1
208644_169580,1
208644_73467,1
208644_31703,0
208644_68044,1
208649_111555,0
208649_264668,0
208649_78078,1
208649_132227,0
208649_72925,1
208649_226691,1
208652_119294,0
208652_89877,0
208652_149710,1
208652_6200,1
208652_144316,0
208652_12127,0
208654_98263,0
208654_198054,1
208654_137820,1
208654_260118,0
208654_141713,1
208654_68137,1
208655_216403,0
208655_4214,1
208655_90554,1
208655_232937,1
208655_13359,0
208655_89070,1
208659_235596,0
208659_280252,0
208659_215510,0
208659_100729,0
208659_22922,0
208659_284093,0
208661_76255,0
208661_293108,0
208661_157145,1
208661_26975,1
208661_184541,0
208661_211972,0
208662_270469,0
208662_284835,0
208662_55092,1
208662_19574,1
208662_137720,1
208662_235584,1
208664_144499,1
208664_12059,1
208664_23561,1
208664_276983,0
208664_70306,1
208664_121423,0
208668_208656,1
208668_271100,1
208668_134456,0
208668_52351,0
208668_129811,1
208668_9779,0
208672_63580,1
208672_51849,0
208672_294327,1
208672_289333,0
208672_40041,1
208672_61826,1
208673_73623,0
208673_207141,0
208673_110928,0
208673_152674,1
208673_52294,1
208673_183204,1
208674_59465,1
208674_73312,1
208674_254777,1
208674_78135,1
208674_92482,1
208674_293108,1
208675_183375,0
208675_122616,1
208675_43783,1
208675_204190,1
208675_51216,1
208675_126992,1
208677_188284,1
208677_77834,0
208677_240555,0
208677_134456,1
208677_102547,0
208677_137448,0
208683_78530,0
208683_200438,0
208683_11350,1
208683_267764,1
208683_184793,1
208683_40241,1
208684_23822,0
208684_289978,1
208684_137307,1
208684_177739,1
208684_159282,1
208684_133756,0
208685_294454,0
208685_76685,1
208685_43565,1
208685_137485,1
208685_152652,0
208685_279797,0
208687_126357,1
208687_38409,0
208687_126693,0
208687_132290,1
208687_191594,1
208687_103044,1
208688_254900,0
208688_196755,1
208688_73885,1
208688_238633,1
208688_120603,1
208688_97066,1
208690_259178,1
208690_192957,0
208690_186399,0
208690_153934,1
208690_11404,1
208690_96663,1
208692_258045,1
208692_6640,1
208692_202373,1
208692_198929,0
208692_157760,0
208692_275223,1
208693_203655,0
208693_207455,0
208693_56437,1
208693_270753,1
208693_73557,1
208693_201768,1
208694_214856,1
208694_2468,1
208694_118090,0
208694_260980,0
208694_176515,1
208694_26712,0
208696_125970,1
208696_102740,1
208696_132699,0
208696_5746,0
208696_264110,0
208696_286482,1
208697_179964,1
208697_216007,0
208697_166101,1
208697_35809,0
208697_107247,1
208697_162607,0
208698_166640,0
208698_135306,1
208698_89052,0
208698_148670,0
208698_10628,1
208698_136546,1
208700_106102,1
208700_96148,1
208700_90143,0
208700_261450,1
208700_242665,1
208700_191588,0
208703_150048,1
208703_109393,1
208703_15876,0
208703_271623,1
208703_117380,0
208703_288566,0
208705_110739,0
208705_1139,1
208705_16585,1
208705_195384,0
208705_271794,1
208705_271466,1
208706_165984,1
208706_125958,1
208706_143944,0
208706_207890,1
208706_114730,0
208706_101274,0
208707_248452,1
208707_269273,1
208707_120603,1
208707_189129,0
208707_184275,1
208707_96935,1
208708_224090,1
208708_211324,1
208708_87560,0
208708_227397,1
208708_101259,0
208708_285787,1
208710_142163,0
208710_189966,1
208710_107731,0
208710_225472,1
208710_264826,0
208710_92591,1
208711_33195,0
208711_141091,1
208711_42815,1
208711_11343,1
208711_3569,1
208711_85694,0
208717_7908,1
208717_246249,1
208717_251100,1
208717_284727,0
208717_213788,0
208717_44970,0
208718_249638,1
208718_190154,1
208718_7596,0
208718_155388,0
208718_119233,1
208718_28516,1
208720_92412,0
208720_89823,1
208720_157312,0
208720_28591,0
208720_130115,0
208720_274200,0
208722_264152,1
208722_239118,1
208722_113475,1
208722_258170,1
208722_191685,1
208722_37842,0
208724_272689,0
208724_106378,0
208724_285011,0
208724_135169,0
208724_132227,0
208724_139425,0
208725_262921,1
208725_284320,1
208725_275729,0
208725_38734,0
208725_267297,0
208725_74622,1
208728_286676,1
208728_36008,1
208728_141055,1
208728_42374,1
208728_16801,1
208728_214460,0
208732_26206,0
208732_166,0
208732_46394,0
208732_268423,0
208732_143570,0
208732_157011,0
208733_42042,1
208733_27480,1
208733_245198,1
208733_144963,1
208733_153543,0
208733_51234,1
208735_255155,0
208735_119458,1
208735_122369,0
208735_38543,1
208735_27914,1
208735_38823,1
208737_429,0
208737_263438,0
208737_229472,0
208737_165505,1
208737_138432,1
208737_206665,1
208746_261844,1
208746_201060,0
208746_130023,1
208746_60170,1
208746_84601,0
208746_143989,0
208747_27035,1
208747_138963,1
208747_227219,1
208747_255760,0
208747_240286,0
208747_178448,1
208748_283166,1
208748_119229,1
208748_246721,1
208748_51075,1
208748_151046,1
208748_294655,1
208751_270600,0
208751_98392,1
208751_119168,1
208751_125847,0
208751_165589,0
208751_173776,1
208756_95942,1
208756_153248,0
208756_29888,0
208756_89403,0
208756_285194,1
208756_62536,0
208757_89979,0
208757_41398,0
208757_53959,1
208757_48334,1
208757_283205,1
208757_47641,0
208759_201611,1
208759_193774,0
208759_97514,1
208759_1282,1
208759_292203,1
208759_44525,1
208763_76754,1
208763_216609,0
208763_140275,0
208763_17764,1
208763_251785,0
208763_239498,1
208764_76563,1
208764_105893,0
208764_155643,1
208764_214501,1
208764_292863,0
208764_96535,0
208765_59838,0
208765_262193,0
208765_54219,0
208765_218868,0
208765_115095,0
208765_86281,0
208771_170175,0
208771_105601,0
208771_193758,0
208771_112507,0
208771_235311,0
208771_289624,0
208772_13805,1
208772_232351,1
208772_169325,1
208772_238023,0
208772_168149,0
208772_249743,0
208774_169260,0
208774_256424,0
208774_136772,1
208774_17790,1
208774_252250,1
208774_83575,1
208775_18737,0
208775_101037,0
208775_175059,0
208775_254191,0
208775_796,0
208775_264122,0
208776_228941,1
208776_124163,0
208776_74452,1
208776_120691,0
208776_158665,0
208776_191053,0
208780_129853,1
208780_123677,0
208780_92035,1
208780_268121,0
208780_74714,1
208780_214197,0
208783_147450,1
208783_31223,1
208783_3498,1
208783_267824,0
208783_213539,0
208783_268748,1
208784_289823,0
208784_104452,0
208784_50547,0
208784_92064,0
208784_22497,0
208784_151534,0
208786_13505,1
208786_12162,1
208786_12548,1
208786_158758,1
208786_268519,1
208786_180080,1
208789_61971,1
208789_84503,1
208789_69131,1
208789_155189,1
208789_189263,0
208789_242121,1
208791_252608,0
208791_260701,0
208791_51154,0
208791_291495,1
208791_193899,0
208791_284451,1
208793_272575,1
208793_98681,0
208793_32226,1
208793_106776,0
208793_36048,0
208793_271794,0
208794_20007,0
208794_268416,1
208794_78844,1
208794_151706,1
208794_234728,1
208794_129117,0
208795_45434,0
208795_71966,1
208795_156832,1
208795_229916,1
208795_237561,1
208795_61874,1
208798_167345,0
208798_106318,0
208798_109544,0
208798_20054,0
208798_29228,0
208798_190099,0
208805_76222,0
208805_38752,0
208805_82438,1
208805_281810,0
208805_215587,1
208805_273614,1
208806_180114,0
208806_61839,1
208806_199188,1
208806_133603,0
208806_96630,0
208806_140084,0
208807_41082,0
208807_62265,1
208807_181994,0
208807_133594,0
208807_248745,0
208807_153575,1
208816_215425,1
208816_126097,0
208816_86427,0
208816_71789,1
208816_150191,0
208816_235230,0
208820_213317,1
208820_70637,1
208820_107727,0
208820_58586,0
208820_195278,0
208820_283022,1
208821_291774,0
208821_248280,0
208821_179993,0
208821_87596,1
208821_206308,1
208821_272482,0
208824_272907,1
208824_108310,0
208824_281016,1
208824_211280,0
208824_85063,0
208824_228676,1
208825_236855,1
208825_217374,1
208825_266465,1
208825_69178,0
208825_74389,1
208825_76321,0
208826_291128,1
208826_80165,0
208826_199310,0
208826_163853,0
208826_84397,1
208826_144496,1
208827_195439,0
208827_96424,1
208827_256132,1
208827_95616,0
208827_172828,1
208827_280164,1
208828_280792,1
208828_18736,0
208828_169164,0
208828_102478,1
208828_108780,0
208828_190827,0
208832_16374,1
208832_84169,1
208832_34503,1
208832_264308,0
208832_70509,0
208832_295130,1
208833_152732,1
208833_184173,0
208833_77684,0
208833_112507,1
208833_51468,0
208833_152146,0
208835_56640,1
208835_100907,1
208835_227711,1
208835_152820,1
208835_136858,1
208835_97254,0
208839_5791,0
208839_144330,0
208839_268818,0
208839_260905,1
208839_120535,0
208839_214729,0
208840_285322,0
208840_177409,0
208840_79957,0
208840_254929,0
208840_276760,1
208840_147377,0
208843_271794,0
208843_278582,0
208843_166193,0
208843_15398,1
208843_225414,0
208843_258759,0
208848_196317,0
208848_10604,1
208848_44455,1
208848_279219,0
208848_24199,1
208848_220242,0
208854_176807,1
208854_248803,0
208854_224337,0
208854_141790,0
208854_62052,0
208854_46922,1
208855_280542,0
208855_220488,0
208855_161986,1
208855_61826,1
208855_159944,0
208855_102970,0
208856_112760,0
208856_191267,1
208856_63054,1
208856_238763,1
208856_120672,1
208856_77698,1
208858_26561,0
208858_190453,1
208858_244608,0
208858_168211,1
208858_230239,0
208858_177365,0
208860_108546,1
208860_113072,1
208860_208714,0
208860_273687,1
208860_124804,0
208860_113683,1
208863_116510,1
208863_210679,1
208863_175939,0
208863_32154,1
208863_71099,1
208863_253379,0
208867_84226,0
208867_136659,0
208867_66303,0
208867_155463,0
208867_242097,0
208867_100608,0
208869_27570,0
208869_109399,1
208869_33980,1
208869_253545,0
208869_126276,0
208869_93606,1
208871_141283,0
208871_283599,0
208871_150250,0
208871_275408,0
208871_88839,0
208871_130547,0
208873_199771,0
208873_77301,1
208873_226104,0
208873_30902,0
208873_8220,1
208873_121881,1
208874_239180,0
208874_118192,1
208874_173110,0
208874_105070,1
208874_114214,0
208874_12659,0
208876_288811,1
208876_7867,1
208876_78278,1
208876_269270,1
208876_164078,1
208876_226675,1
208882_122233,1
208882_13446,1
208882_32910,1
208882_119355,1
208882_254208,0
208882_41349,1
208883_16113,1
208883_163807,0
208883_52617,1
208883_92678,0
208883_121228,0
208883_258410,1
208888_175092,1
208888_125863,1
208888_179483,0
208888_189634,0
208888_123613,0
208888_11346,0
208889_38968,0
208889_153060,0
208889_157507,0
208889_70510,0
208889_185243,0
208889_92800,0
208891_136245,1
208891_177585,0
208891_101201,0
208891_134837,1
208891_21489,1
208891_21121,1
208892_153193,1
208892_225377,1
208892_225414,1
208892_50084,1
208892_80165,1
208892_256525,1
208894_144424,0
208894_188137,0
208894_207401,1
208894_224858,1
208894_98305,1
208894_107160,0
208896_2770,0
208896_235953,0
208896_226291,0
208896_76206,0
208896_144965,0
208896_116646,0
208899_235341,1
208899_275733,1
208899_107671,1
208899_174541,1
208899_134460,0
208899_169108,1
208901_214991,1
208901_283680,0
208901_41615,0
208901_228676,1
208901_54690,0
208901_150772,0
208902_50116,0
208902_125465,0
208902_188312,1
208902_38202,0
208902_198929,1
208902_128742,1
208903_209203,0
208903_71125,1
208903_238022,0
208903_52171,0
208903_180634,1
208903_199145,0
208904_141945,0
208904_267480,0
208904_245268,1
208904_222521,0
208904_215975,1
208904_8667,1
208907_68137,1
208907_249638,1
208907_152626,1
208907_292863,1
208907_122197,1
208907_106273,1
208909_201793,0
208909_178888,0
208909_133208,0
208909_190924,0
208909_273223,1
208909_269832,0
208912_43457,0
208912_208103,1
208912_235658,1
208912_244768,1
208912_230748,0
208912_235277,0
208916_169538,1
208916_179993,1
208916_261695,1
208916_120141,0
208916_131498,1
208916_265294,0
208917_97396,1
208917_210679,1
208917_149182,0
208917_224135,1
208917_263438,1
208917_231364,0
208921_159847,1
208921_288404,1
208921_137387,0
208921_281844,1
208921_190325,0
208921_119772,1
208922_144251,0
208922_153948,1
208922_137572,0
208922_88128,0
208922_199132,0
208922_135348,0
208925_172416,0
208925_166959,0
208925_254020,0
208925_151937,0
208925_186913,1
208925_59211,1
208932_3314,0
208932_273508,0
208932_163653,1
208932_267642,1
208932_205918,0
208932_228760,0
208933_250531,0
208933_203869,1
208933_133421,1
208933_145928,1
208933_241646,1
208933_215892,0
208935_154957,1
208935_25107,1
208935_39465,1
208935_153291,1
208935_3301,1
208935_79701,0
208937_262011,1
208937_88839,1
208937_185788,1
208937_113233,0
208937_185631,1
208937_226159,1
208938_225197,1
208938_169443,0
208938_175211,1
208938_175351,1
208938_59007,0
208938_106594,1
208942_176480,0
208942_230019,1
208942_48582,1
208942_66869,1
208942_294437,0
208942_232824,1
208943_27929,0
208943_225426,1
208943_123687,1
208943_255886,0
208943_262010,0
208943_20797,1
208948_111673,1
208948_26129,0
208948_126097,1
208948_213342,1
208948_43303,1
208948_50889,1
208949_155703,1
208949_292863,0
208949_283018,1
208949_246966,1
208949_126928,0
208949_180352,0
208951_57083,1
208951_269065,1
208951_252696,0
208951_207342,0
208951_181408,1
208951_145152,1
208952_112287,1
208952_109640,0
208952_143989,1
208952_159967,0
208952_56487,1
208952_231206,0
208955_793,0
208955_90830,0
208955_260780,1
208955_120563,0
208955_156214,1
208955_64402,1
208957_173485,0
208957_205664,1
208957_200797,0
208957_145374,1
208957_13641,1
208957_159480,1
208958_8260,1
208958_197553,1
208958_192297,0
208958_123878,1
208958_184518,0
208958_165190,0
208960_221801,0
208960_271794,0
208960_6483,0
208960_33120,1
208960_31300,0
208960_248814,1
208961_294233,1
208961_144452,1
208961_87505,1
208961_37960,1
208961_168075,1
208961_94893,1
208963_213235,0
208963_284939,0
208963_271995,0
208963_60285,0
208963_290629,0
208963_223542,0
208964_9514,1
208964_17025,0
208964_196907,1
208964_165653,0
208964_249924,0
208964_218013,0
208968_201380,1
208968_120246,1
208968_81255,1
208968_99604,1
208968_213098,0
208968_91016,0
208970_154382,1
208970_122933,1
208970_243867,1
208970_138862,1
208970_217518,1
208970_184835,1
208971_211285,1
208971_129648,1
208971_292483,0
208971_111557,1
208971_19116,0
208971_188126,0
208973_32596,0
208973_169538,1
208973_293674,1
208973_255154,0
208973_56437,1
208973_70242,1
208976_204679,0
208976_86737,0
208976_161398,1
208976_283018,0
208976_208233,1
208976_142770,1
208980_177183,1
208980_61548,0
208980_63298,1
208980_219744,1
208980_279814,1
208980_246524,1
208981_202025,0
208981_94220,0
208981_144483,0
208981_261695,0
208981_229870,0
208981_196393,0
208986_269239,0
208986_150618,1
208986_189755,1
208986_150398,1
208986_46458,1
208986_101603,1
208987_239877,1
208987_226798,0
208987_169367,1
208987_177166,1
208987_52617,0
208987_182805,1
208989_701,0
208989_286454,1
208989_124387,1
208989_213989,1
208989_43513,0
208989_173059,1
208990_206582,1
208990_231141,1
208990_268462,0
208990_226320,1
208990_150658,0
208990_159451,0
208992_50721,1
208992_263909,1
208992_105421,0
208992_270990,0
208992_108780,1
208992_45991,1
208994_44548,0
208994_153442,1
208994_206796,0
208994_142676,1
208994_20804,1
208994_37612,1
208997_276395,1
208997_132424,0
208997_123391,1
208997_47641,0
208997_32579,1
208997_276400,0
208998_193985,1
208998_76816,0
208998_183431,0
208998_102133,1
208998_109937,1
208998_15860,0
208999_291338,0
208999_29355,0
208999_268716,0
208999_212442,0
208999_292628,0
208999_204224,0
209004_236695,1
209004_218867,1
209004_269239,1
209004_84196,0
209004_249985,0
209004_105306,0
209005_256643,1
209005_251902,1
209005_9390,1
209005_207890,1
209005_195458,0
209005_247862,1
209007_166108,1
209007_70514,0
209007_248267,0
209007_205871,0
209007_170264,0
209007_88811,1
209012_130828,1
209012_226318,1
209012_22532,1
209012_235311,0
209012_287933,0
209012_245061,0
209013_136327,0
209013_175250,0
209013_28516,1
209013_6744,0
209013_113437,1
209013_73312,0
209015_155194,1
209015_143632,1
209015_66594,1
209015_101040,0
209015_15732,1
209015_202587,0
209020_98305,1
209020_214729,1
209020_76408,1
209020_5207,1
209020_42033,0
209020_18427,0
209021_154323,1
209021_216124,0
209021_11855,1
209021_151690,1
209021_1950,1
209021_126591,1
209022_285722,0
209022_180124,0
209022_202580,0
209022_173043,0
209022_96002,0
209022_10887,0
209025_183737,1
209025_240954,0
209025_231938,0
209025_184603,0
209025_18645,0
209025_285577,1
209027_277417,1
209027_205006,1
209027_278387,0
209027_252291,1
209027_14595,1
209027_103783,1
209028_103819,0
209028_215841,0
209028_25847,1
209028_16590,1
209028_90143,0
209028_133554,0
209029_130342,1
209029_67610,1
209029_9373,0
209029_173982,1
209029_214395,1
209029_130187,0
209032_42632,1
209032_245668,0
209032_141660,0
209032_106751,0
209032_166629,0
209032_249743,0
209034_72875,1
209034_228117,1
209034_25866,1
209034_262617,0
209034_276208,0
209034_7183,0
209035_3458,0
209035_139300,1
209035_153555,0
209035_124424,1
209035_10628,1
209035_83139,0
209036_170260,1
209036_191026,0
209036_262505,0
209036_90026,1
209036_87090,0
209036_175955,1
209037_22468,1
209037_263044,0
209037_148494,1
209037_73557,1
209037_97902,1
209037_70113,0
209040_83187,1
209040_16975,1
209040_32226,1
209040_83130,1
209040_112225,0
209040_295703,0
209048_239829,1
209048_63855,1
209048_30061,0
209048_272332,1
209048_152039,1
209048_37304,0
209053_113135,1
209053_17645,0
209053_225363,0
209053_99448,1
209053_64855,1
209053_2996,0
209055_103381,0
209055_40857,0
209055_156905,1
209055_24365,1
209055_21853,0
209055_236303,1
209056_255196,1
209056_135799,1
209056_135369,0
209056_92062,1
209056_110369,1
209056_135383,1
209063_21778,0
209063_123328,0
209063_151725,1
209063_145296,0
209063_116603,1
209063_242749,0
209064_195520,1
209064_107089,0
209064_230677,1
209064_198874,1
209064_179151,0
209064_3044,0
209065_291706,1
209065_29668,1
209065_178444,1
209065_206638,1
209065_149429,1
209065_164713,1
209068_268416,0
209068_3222,1
209068_260484,1
209068_52572,0
209068_38725,0
209068_57625,1
209069_238954,0
209069_261066,0
209069_172798,1
209069_288887,1
209069_86171,1
209069_257494,0
209073_280033,1
209073_161385,1
209073_5911,1
209073_48412,1
209073_155189,1
209073_187314,1
209075_124394,1
209075_230725,1
209075_239570,1
209075_138826,0
209075_244947,1
209075_78921,0
209076_146557,0
209076_244042,0
209076_46458,1
209076_146308,1
209076_89139,1
209076_130804,1
209078_30165,1
209078_271783,1
209078_113072,1
209078_118674,0
209078_178870,0
209078_193801,0
209085_173627,1
209085_3307,0
209085_271466,1
209085_32847,0
209085_96732,1
209085_83093,1
209088_154016,1
209088_110335,1
209088_76094,1
209088_585,1
209088_137245,1
209088_119576,1
209089_196860,1
209089_204741,0
209089_64622,0
209089_29945,1
209089_85777,1
209089_124071,0
209091_255012,0
209091_150048,0
209091_81561,1
209091_196333,0
209091_248421,1
209091_59870,1
209092_17785,0
209092_157155,0
209092_256740,0
209092_293332,0
209092_288472,0
209092_254559,0
209093_290805,1
209093_78132,1
209093_99374,1
209093_82424,1
209093_245668,1
209093_276415,1
209098_161719,1
209098_238633,0
209098_200649,0
209098_111692,0
209098_256464,0
209098_99683,0
209102_132611,1
209102_59837,0
209102_8528,1
209102_295050,1
209102_274438,0
209102_294536,0
209107_232242,0
209107_244697,1
209107_218052,0
209107_110313,1
209107_97763,0
209107_156382,0
209108_152820,1
209108_147523,1
209108_71816,1
209108_176587,0
209108_135181,1
209108_233443,0
209110_67915,1
209110_193885,1
209110_210168,0
209110_199682,1
209110_140179,0
209110_184275,0
209112_132076,1
209112_133163,0
209112_195230,0
209112_219016,1
209112_125105,1
209112_283661,1
209114_225426,1
209114_224337,1
209114_5888,1
209114_24353,1
209114_261221,0
209114_42073,1
209116_163608,0
209116_265106,0
209116_99448,0
209116_157116,0
209116_132315,0
209116_202776,0
209117_181442,1
209117_273271,1
209117_92905,1
209117_282423,1
209117_123232,1
209117_10062,1
209118_121745,1
209118_123542,0
209118_16079,0
209118_185459,0
209118_290926,1
209118_240330,0
209119_249944,0
209119_225824,1
209119_259880,1
209119_156632,1
209119_216259,0
209119_74024,0
209120_146109,0
209120_76866,0
209120_126847,0
209120_290049,0
209120_185650,0
209120_185079,0
209122_73489,1
209122_178099,0
209122_102369,1
209122_129095,1
209122_66741,1
209122_23930,0
209129_152033,1
209129_290150,1
209129_73043,1
209129_150186,1
209129_258492,0
209129_292983,1
209131_145221,1
209131_71966,0
209131_26594,0
209131_231141,1
209131_10004,0
209131_104542,1
209132_169929,1
209132_237718,1
209132_34948,0
209132_83157,0
209132_171357,0
209132_206582,0
209134_111292,0
209134_115145,0
209134_283325,1
209134_246970,1
209134_214388,1
209134_20460,0
209138_140840,1
209138_145814,0
209138_246236,0
209138_15715,1
209138_195944,1
209138_92589,0
209139_135541,1
209139_140808,1
209139_100342,1
209139_124899,1
209139_51812,1
209139_130771,1
209140_239516,1
209140_96103,1
209140_144463,1
209140_33035,0
209140_286541,0
209140_183103,0
209141_143470,0
209141_154274,1
209141_136885,1
209141_247946,1
209141_116799,1
209141_39268,1
209142_23059,1
209142_152867,1
209142_264376,1
209142_180824,1
209142_259961,1
209142_103057,1
209145_19394,0
209145_113269,0
209145_256855,0
209145_152820,1
209145_63156,1
209145_72387,0
209146_247494,1
209146_289911,1
209146_199166,1
209146_115095,1
209146_225414,1
209146_156593,0
209147_40606,1
209147_274123,0
209147_65494,0
209147_86503,0
209147_187184,1
209147_260701,0
209149_177230,1
209149_160309,1
209149_125703,1
209149_161098,0
209149_48277,0
209149_27573,0
209153_124461,1
209153_222763,0
209153_278717,0
209153_170646,1
209153_173257,0
209153_108679,0
209154_104826,0
209154_91145,1
209154_79682,1
209154_118688,1
209154_200699,1
209154_240431,0
209155_129015,1
209155_181924,0
209155_172099,1
209155_59557,1
209155_60276,0
209155_150048,0
209161_48386,1
209161_119027,1
209161_55613,1
209161_174490,1
209161_132003,0
209161_275559,1
209163_238506,0
209163_157639,1
209163_247020,1
209163_271252,0
209163_153291,0
209163_82772,1
209164_69387,0
209164_85777,0
209164_242582,0
209164_291238,0
209164_106619,0
209164_108546,0
209166_219917,1
209166_106183,1
209166_13495,1
209166_195566,1
209166_274,1
209166_261695,1
209167_66934,1
209167_279326,0
209167_291238,1
209167_288091,1
209167_148847,1
209167_198864,1
209171_59006,1
209171_183711,1
209171_76996,1
209171_177576,1
209171_138862,1
209171_45223,1
209173_77086,1
209173_138809,0
209173_291924,0
209173_86038,0
209173_117875,0
209173_124221,0
209176_146263,0
209176_203134,0
209176_102516,0
209176_34603,0
209176_129684,0
209176_211365,0
209177_11535,0
209177_23387,0
209177_110738,1
209177_149632,1
209177_198712,0
209177_191750,1
209178_162588,0
209178_170809,1
209178_182910,1
209178_259857,0
209178_84099,1
209178_44970,0
209179_109531,1
209179_101810,1
209179_210390,0
209179_119064,1
209179_26458,1
209179_62642,0
209181_89466,0
209181_112142,1
209181_228077,1
209181_197897,1
209181_30366,0
209181_15776,1
209186_180898,1
209186_92096,0
209186_229053,0
209186_262542,1
209186_285194,1
209186_211093,1
209187_249323,1
209187_173674,1
209187_115449,1
209187_168103,0
209187_87243,0
209187_223191,0
209189_115656,1
209189_293065,1
209189_105010,1
209189_108284,0
209189_224824,0
209189_150559,1
209190_53229,0
209190_232269,0
209190_144695,0
209190_152870,0
209190_16055,0
209190_34603,0
209192_128732,0
209192_152415,1
209192_239626,0
209192_261850,1
209192_210440,0
209192_5207,1
209195_176676,1
209195_24541,1
209195_44290,0
209195_7224,0
209195_37686,1
209195_24960,0
209200_60640,0
209200_162068,1
209200_187953,0
209200_46339,1
209200_39623,0
209200_23822,1
209201_216448,1
209201_94652,0
209201_169945,0
209201_152908,0
209201_160988,1
209201_6064,0
209203_211386,1
209203_183829,1
209203_19426,0
209203_295546,1
209203_19594,1
209203_179378,1
209208_129601,1
209208_62493,1
209208_185216,0
209208_281330,0
209208_51737,1
209208_290248,1
209210_209243,0
209210_136827,1
209210_285250,1
209210_20067,1
209210_160905,0
209210_232789,0
209211_124448,0
209211_15405,1
209211_19314,1
209211_44287,1
209211_93714,0
209211_34084,1
209213_152518,1
209213_165847,0
209213_174236,1
209213_176004,1
209213_154989,0
209213_81295,0
209214_109877,1
209214_163853,1
209214_253463,0
209214_135239,0
209214_144483,0
209214_254494,1
209216_141841,1
209216_82755,1
209216_243245,1
209216_231755,0
209216_253265,1
209216_256424,1
209224_133547,0
209224_178309,1
209224_184275,0
209224_141242,1
209224_292204,0
209224_166193,1
209229_229894,1
209229_38708,0
209229_121095,0
209229_34397,0
209229_201745,1
209229_73425,1
209230_82600,0
209230_59451,1
209230_293515,0
209230_42406,1
209230_141713,1
209230_140984,0
209233_273747,1
209233_270345,1
209233_247711,1
209233_59749,1
209233_20738,0
209233_160633,0
209234_69279,1
209234_139441,1
209234_2105,1
209234_125297,1
209234_291138,0
209234_92047,0
209239_81363,0
209239_136822,1
209239_113590,1
209239_293385,1
209239_205291,0
209239_137085,0
209241_246114,1
209241_133167,0
209241_236767,1
209241_78298,1
209241_283425,1
209241_5791,1
209243_247297,1
209243_102112,0
209243_109148,0
209243_231332,1
209243_182452,1
209243_238943,0
209248_281880,0
209248_212318,1
209248_243378,0
209248_92682,1
209248_103083,0
209248_214748,0
209249_240854,1
209249_78994,0
209249_45223,0
209249_107627,1
209249_258687,0
209249_156605,1
209251_189779,1
209251_72658,1
209251_191750,1
209251_77050,1
209251_207401,1
209251_224354,1
209256_77246,1
209256_71369,0
209256_26917,1
209256_190702,0
209256_137071,0
209256_253265,1
209258_286454,1
209258_39477,1
209258_232898,1
209258_84030,1
209258_49966,1
209258_121361,1
209259_135597,0
209259_44012,1
209259_216081,0
209259_25823,0
209259_68098,1
209259_207923,1
209261_179993,1
209261_8229,0
209261_283579,1
209261_80339,1
209261_246110,1
209261_139872,0
209263_161539,0
209263_175229,0
209263_108070,1
209263_130771,1
209263_129190,1
209263_56811,0
209264_165106,0
209264_260209,0
209264_39252,1
209264_102780,0
209264_125926,1
209264_34397,1
209268_39903,0
209268_95163,1
209268_248581,1
209268_153923,0
209268_295204,1
209268_61453,0
209276_266351,1
209276_284673,1
209276_220013,1
209276_287242,1
209276_249990,1
209276_190001,0
209283_119394,1
209283_27127,0
209283_168989,0
209283_199307,1
209283_193262,0
209283_41041,1
209284_238389,0
209284_17790,0
209284_75431,0
209284_107606,1
209284_140938,1
209284_82308,1
209285_88341,1
209285_134845,0
209285_195000,1
209285_274323,0
209285_214781,1
209285_80988,0
209286_138056,1
209286_168165,1
209286_155063,0
209286_6079,1
209286_223833,1
209286_52956,1
209288_60810,1
209288_291985,1
209288_291650,0
209288_49288,1
209288_222554,0
209288_161098,0
209289_29189,1
209289_57329,0
209289_8099,0
209289_189306,1
209289_119355,1
209289_143801,1
209292_245548,0
209292_201966,1
209292_165311,0
209292_183690,0
209292_95654,1
209292_263177,0
209293_211131,0
209293_117238,1
209293_138219,1
209293_82634,1
209293_48386,0
209293_117038,0
209295_13061,0
209295_62125,1
209295_247413,0
209295_65362,1
209295_88231,1
209295_167916,0
209297_226350,1
209297_149464,0
209297_95497,0
209297_23823,0
209297_288238,0
209297_51669,0
209301_20460,0
209301_54378,1
209301_119171,0
209301_140381,0
209301_267015,0
209301_131406,0
209304_290018,1
209304_92075,1
209304_6173,1
209304_156375,0
209304_43929,0
209304_228941,1
209306_20507,0
209306_3939,0
209306_118725,0
209306_176597,1
209306_249494,0
209306_156898,0
209308_25469,1
209308_836,0
209308_200012,0
209308_280787,0
209308_47677,1
209308_58433,1
209309_223844,0
209309_125642,1
209309_161474,0
209309_14431,1
209309_232754,1
209309_163568,1
209310_273206,0
209310_205407,0
209310_256539,1
209310_56525,1
209310_87357,1
209310_278802,1
209314_47641,1
209314_283265,1
209314_224054,1
209314_5345,1
209314_51287,1
209314_207704,0
209320_72621,0
209320_92068,1
209320_165357,0
209320_185776,0
209320_123732,1
209320_106649,1
209321_102195,1
209321_62119,1
209321_279945,1
209321_81149,0
209321_184644,0
209321_230239,0
209322_7113,1
209322_34518,0
209322_156128,0
209322_268974,1
209322_179502,1
209322_177739,1
209323_118737,1
209323_60331,1
209323_96970,0
209323_14838,0
209323_270814,0
209323_103055,1
209324_174660,0
209324_44210,1
209324_88612,1
209324_140453,1
209324_5911,0
209324_130097,1
209327_27767,1
209327_23070,0
209327_87090,1
209327_150063,0
209327_242809,1
209327_194069,1
209332_959,0
209332_85946,0
209332_11604,1
209332_90370,1
209332_244073,0
209332_198675,1
209335_42730,1
209335_171373,1
209335_103791,0
209335_76492,1
209335_66292,1
209335_288795,1
209340_175211,1
209340_46269,1
209340_82563,0
209340_74122,0
209340_48366,1
209340_145215,0
209343_126615,0
209343_116743,1
209343_124783,1
209343_209612,1
209343_288210,1
209343_17437,0
209347_109374,1
209347_125210,1
209347_217485,1
209347_289237,0
209347_281144,0
209347_78869,1
209350_71742,0
209350_222786,0
209350_256525,0
209350_282186,0
209350_144702,1
209350_113859,1
209351_283599,1
209351_86821,1
209351_69199,1
209351_213484,1
209351_35844,0
209351_54872,1
209357_172820,1
209357_4310,1
209357_69797,1
209357_152346,1
209357_262075,1
209357_67492,1
209358_5718,0
209358_143084,1
209358_70306,1
209358_176676,1
209358_282136,1
209358_159936,1
209359_256816,0
209359_138481,0
209359_234661,0
209359_47591,1
209359_97566,1
209359_129467,1
209365_148756,1
209365_25154,0
209365_55958,0
209365_174611,0
209365_220289,0
209365_150074,0
209367_106072,0
209367_243478,1
209367_140334,1
209367_235314,0
209367_149710,1
209367_184197,1
209373_131453,0
209373_290250,0
209373_268900,1
209373_219973,0
209373_184401,0
209373_18660,0
209374_7312,1
209374_218525,0
209374_85845,0
209374_154658,0
209374_12060,1
209374_257899,1
209375_14348,1
209375_222103,1
209375_198779,0
209375_178411,1
209375_92062,1
209375_124466,1
209377_175319,0
209377_3916,0
209377_49951,0
209377_48459,1
209377_272720,1
209377_284503,1
209380_275559,1
209380_93230,0
209380_145592,0
209380_121733,0
209380_58813,0
209380_250273,1
209382_184444,0
209382_43999,1
209382_139469,1
209382_119229,0
209382_282219,0
209382_169716,1
209383_271488,1
209383_64300,0
209383_230856,1
209383_40027,0
209383_17381,1
209383_196219,1
209385_189755,1
209385_211324,1
209385_61843,1
209385_257282,0
209385_123796,1
209385_143734,1
209386_212849,0
209386_285086,0
209386_59408,1
209386_108560,1
209386_121931,1
209386_217336,0
209387_121695,1
209387_156112,0
209387_110171,1
209387_158660,1
209387_66359,1
209387_189722,1
209389_11152,1
209389_237188,1
209389_10661,0
209389_56855,0
209389_289224,0
209389_133176,1
209392_59420,1
209392_278260,0
209392_290794,0
209392_33060,1
209392_253102,0
209392_11769,0
209393_32586,0
209393_159496,0
209393_286698,1
209393_132289,0
209393_273056,0
209393_195797,1
209395_16367,0
209395_211358,0
209395_97396,0
209395_61843,0
209395_214159,0
209395_218956,0
209397_132860,0
209397_16736,0
209397_153442,1
209397_74017,1
209397_194904,1
209397_291212,0
209398_238305,0
209398_231848,0
209398_97916,0
209398_218423,1
209398_257777,0
209398_244691,1
209401_136234,0
209401_180177,0
209401_262609,0
209401_222878,0
209401_134106,0
209401_264485,1
209406_232268,1
209406_136273,0
209406_37744,0
209406_211356,0
209406_244657,1
209406_151613,1
209407_216947,1
209407_185295,0
209407_203759,0
209407_150748,0
209407_281079,1
209407_170824,0
209408_121656,1
209408_106714,1
209408_284415,1
209408_261743,1
209408_169538,1
209408_271072,1
209409_59934,1
209409_278103,0
209409_218747,0
209409_239166,1
209409_46756,1
209409_146308,1
209410_52523,0
209410_38526,0
209410_196333,0
209410_50460,0
209410_185804,0
209410_25928,0
209416_122951,1
209416_123341,1
209416_246179,0
209416_61541,0
209416_230358,1
209416_187619,0
209420_197763,0
209420_167702,0
209420_154999,1
209420_195289,1
209420_152674,1
209420_195857,1
209421_49408,0
209421_284675,0
209421_231206,0
209421_211846,1
209421_73181,0
209421_216514,0
209425_161719,0
209425_173194,0
209425_249368,0
209425_115095,0
209425_25855,0
209425_106751,0
209426_29228,0
209426_203088,0
209426_133701,1
209426_279943,1
209426_240451,0
209426_276206,1
209427_226637,1
209427_182926,0
209427_196321,1
209427_206239,0
209427_51832,1
209427_275290,0
209429_109399,1
209429_76446,0
209429_271783,1
209429_94893,1
209429_178659,1
209429_242473,0
209430_166592,1
209430_75813,1
209430_108630,0
209430_159399,0
209430_287147,1
209430_86725,0
209433_191283,0
209433_268779,0
209433_50889,0
209433_247655,0
209433_33101,0
209433_59009,0
209435_30742,1
209435_224508,1
209435_249796,1
209435_136453,1
209435_56294,1
209435_83093,1
209437_34511,0
209437_35324,1
209437_230677,1
209437_12156,1
209437_69516,1
209437_212588,0
209438_81603,0
209438_39062,1
209438_60319,1
209438_236695,1
209438_103747,1
209438_242681,1
209440_224337,1
209440_285413,1
209440_26154,1
209440_88840,1
209440_252755,1
209440_137305,0
209441_278941,0
209441_189306,0
209441_139745,0
209441_258787,0
209441_2004,0
209441_109686,0
209442_234900,1
209442_198625,0
209442_269196,1
209442_289521,1
209442_173682,1
209442_169927,0
209443_13446,1
209443_262541,1
209443_287541,0
209443_130596,0
209443_248266,1
209443_260391,0
209444_140334,0
209444_246130,1
209444_223925,0
209444_64402,1
209444_223438,0
209444_209370,1
209450_40857,1
209450_226773,0
209450_252711,1
209450_263889,0
209450_53459,1
209450_129673,0
209451_97136,0
209451_246027,0
209451_212591,1
209451_79050,0
209451_259486,1
209451_148765,1
209454_136234,0
209454_278582,1
209454_76270,0
209454_176916,1
209454_278821,0
209454_243011,1
209456_251830,1
209456_134160,1
209456_63232,1
209456_114349,0
209456_237707,1
209456_40015,1
209460_159603,0
209460_21999,0
209460_103521,0
209460_86927,0
209460_54636,0
209460_113702,0
209461_282297,1
209461_256693,0
209461_225329,0
209461_242911,1
209461_137565,0
209461_160276,0
209467_97011,1
209467_24312,1
209467_248678,1
209467_54093,0
209467_67942,0
209467_43284,1
209468_70637,1
209468_252666,0
209468_77616,1
209468_116166,1
209468_44782,0
209468_221548,0
209471_109544,0
209471_76599,0
209471_123677,0
209471_190549,0
209471_151268,0
209471_286001,0
209473_271614,1
209473_137071,1
209473_275816,1
209473_261695,0
209473_145624,1
209473_188931,0
209474_44456,1
209474_294821,1
209474_145437,1
209474_92832,1
209474_128087,0
209474_293576,1
209475_72280,1
209475_213432,1
209475_287881,0
209475_196372,1
209475_100342,0
209475_12476,0
209479_206675,1
209479_257635,1
209479_289058,0
209479_100568,1
209479_295849,0
209479_72419,0
209481_98748,0
209481_88612,0
209481_201667,0
209481_273853,0
209481_70637,0
209481_186507,0
209489_140613,0
209489_85388,1
209489_151561,1
209489_257206,1
209489_100171,0
209489_237349,0
209493_24556,1
209493_291024,1
209493_184562,0
209493_705,1
209493_227913,1
209493_173488,1
209499_162847,1
209499_31490,1
209499_248952,1
209499_50953,1
209499_231375,1
209499_280807,1
209502_152941,1
209502_238569,0
209502_13543,0
209502_173627,0
209502_245268,1
209502_220447,0
209507_80984,0
209507_281844,1
209507_69797,1
209507_263712,1
209507_213072,1
209507_56749,0
209510_227713,1
209510_63855,1
209510_195566,1
209510_72028,0
209510_131838,1
209510_117449,1
209519_34397,1
209519_57701,1
209519_171151,0
209519_197061,1
209519_150186,1
209519_120563,1
209522_64394,1
209522_127965,1
209522_183431,1
209522_58606,1
209522_243136,0
209522_140626,1
209523_159619,1
209523_206256,0
209523_203568,0
209523_10034,0
209523_101063,1
209523_199905,1
209525_295623,1
209525_144993,1
209525_125536,1
209525_8637,1
209525_294289,1
209525_109352,1
209531_73425,0
209531_209776,0
209531_192093,1
209531_294724,0
209531_211236,1
209531_83339,0
209532_12277,1
209532_131564,0
209532_134877,1
209532_129684,0
209532_68099,1
209532_49463,0
209535_8000,0
209535_24216,1
209535_293332,0
209535_47591,0
209535_11927,1
209535_37548,1
209536_295703,1
209536_116128,0
209536_146263,1
209536_202988,0
209536_148943,0
209536_24878,1
209537_46866,1
209537_230617,0
209537_97900,0
209537_73348,1
209537_206777,0
209537_236433,1
209538_253265,1
209538_98187,1
209538_84521,1
209538_206977,0
209538_230068,1
209538_232812,1
209539_107137,1
209539_107007,0
209539_286001,0
209539_181408,0
209539_179152,1
209539_3597,0
209541_137382,1
209541_256232,1
209541_209577,1
209541_197908,0
209541_158428,0
209541_45219,1
209544_2518,1
209544_222558,0
209544_131635,0
209544_203325,1
209544_214897,1
209544_119245,1
209545_205457,0
209545_204679,1
209545_119023,1
209545_193887,1
209545_228676,1
209545_99448,1
209546_81165,1
209546_12279,1
209546_65738,1
209546_265692,0
209546_35953,1
209546_94328,0
209547_222293,0
209547_9219,1
209547_139880,1
209547_94893,0
209547_211149,1
209547_258910,1
209548_131564,1
209548_87388,1
209548_60809,0
209548_127018,1
209548_26114,0
209548_267796,0
209549_145554,1
209549_63541,0
209549_60099,0
209549_83993,1
209549_160615,0
209549_252285,1
209550_162223,1
209550_184588,0
209550_124109,1
209550_293411,0
209550_41855,0
209550_138319,1
209551_56707,1
209551_76222,1
209551_94746,1
209551_12647,1
209551_97522,1
209551_131416,0
209552_295017,1
209552_32233,0
209552_267929,1
209552_207890,1
209552_132300,1
209552_205644,0
209553_273164,1
209553_162103,1
209553_279380,0
209553_133778,0
209553_41843,1
209553_139002,0
209555_126818,0
209555_271070,1
209555_280494,1
209555_218916,0
209555_50778,0
209555_46698,1
209556_262969,0
209556_38037,1
209556_95051,1
209556_269489,1
209556_284781,0
209556_286786,1
209557_46094,0
209557_201179,1
209557_61798,1
209557_225905,1
209557_177552,1
209557_108563,1
209562_207532,0
209562_91604,0
209562_115572,1
209562_52670,1
209562_220503,0
209562_248428,0
209565_275398,1
209565_46889,1
209565_264668,1
209565_64625,0
209565_192375,0
209565_179002,0
209566_38202,0
209566_71103,0
209566_236224,0
209566_71685,0
209566_21661,0
209566_117377,0
209567_110014,1
209567_211630,1
209567_92062,1
209567_46269,0
209567_41721,1
209567_201587,0
209570_133701,1
209570_28086,0
209570_37162,1
209570_63262,0
209570_1198,0
209570_140692,1
209571_169120,0
209571_274094,0
209571_69821,0
209571_6432,0
209571_179292,0
209571_6348,0
209572_279014,1
209572_33774,0
209572_191712,1
209572_104207,1
209572_289970,1
209572_242840,1
209574_85914,1
209574_205185,0
209574_248189,1
209574_268968,1
209574_20747,1
209574_117728,1
209577_212326,0
209577_244732,1
209577_253791,1
209577_191183,0
209577_100457,1
209577_28714,0
209578_258874,0
209578_240330,0
209578_171902,0
209578_94214,0
209578_151644,0
209578_161396,0
209581_103841,1
209581_21769,0
209581_168791,0
209581_52275,0
209581_36124,0
209581_31839,0
209583_260121,1
209583_38362,0
209583_240563,1
209583_69129,1
209583_192337,1
209583_14303,1
209585_217003,1
209585_150217,1
209585_260410,0
209585_59164,1
209585_32721,0
209585_18406,0
209586_247983,0
209586_183204,1
209586_86266,1
209586_124717,1
209586_5030,1
209586_102332,1
209587_7180,0
209587_127270,0
209587_42304,0
209587_62347,0
209587_107724,0
209587_66903,0
209588_48325,1
209588_58974,0
209588_120310,0
209588_182837,1
209588_44677,1
209588_223652,1
209594_240031,0
209594_199905,1
209594_131564,1
209594_181868,1
209594_196883,0
209594_80165,0
209596_165051,0
209596_218867,1
209596_226050,1
209596_146449,1
209596_289911,1
209596_120207,1
209597_274383,1
209597_71525,1
209597_66781,0
209597_241006,1
209597_227397,1
209597_172949,1
209603_37235,1
209603_53744,1
209603_5826,0
209603_24488,0
209603_20747,0
209603_4217,0
209605_42375,1
209605_7619,1
209605_1242,1
209605_77957,0
209605_214826,1
209605_273258,1
209606_79409,0
209606_202648,1
209606_162917,1
209606_52617,0
209606_293057,1
209606_67996,1
209610_137820,1
209610_54135,0
209610_115324,0
209610_241106,1
209610_25597,1
209610_228164,0
209611_114092,1
209611_19989,0
209611_273747,1
209611_218916,1
209611_278712,0
209611_16576,1
209616_51965,1
209616_202784,1
209616_279246,1
209616_275881,1
209616_11916,0
209616_125536,1
209617_195243,0
209617_266666,1
209617_168643,1
209617_274200,1
209617_102452,0
209617_20968,0
209618_110276,1
209618_250507,0
209618_85596,0
209618_167750,1
209618_249753,1
209618_271163,1
209619_179152,1
209619_42313,1
209619_93420,1
209619_176807,1
209619_62265,1
209619_256840,1
209620_249855,0
209620_146570,0
209620_14788,1
209620_70373,0
209620_141772,1
209620_49046,1
209625_103190,0
209625_181408,1
209625_114207,0
209625_62687,0
209625_277888,0
209625_267791,1
209628_106619,1
209628_242867,0
209628_142598,1
209628_41115,1
209628_256403,0
209628_158607,1
209632_292863,1
209632_8314,1
209632_167831,0
209632_294134,1
209632_31487,1
209632_189056,1
209634_53583,0
209634_95395,0
209634_45857,1
209634_200574,1
209634_237172,1
209634_271488,1
209640_291276,1
209640_274371,1
209640_94703,1
209640_163570,1
209640_154274,1
209640_115703,0
209642_233638,1
209642_85681,1
209642_218781,1
209642_80225,1
209642_280252,1
209642_148493,1
209645_202223,1
209645_158413,1
209645_129988,1
209645_117434,1
209645_146704,0
209645_201191,0
209646_21274,1
209646_50093,1
209646_19757,0
209646_149832,0
209646_188313,1
209646_174482,0
209648_6682,0
209648_79396,1
209648_973,1
209648_79099,0
209648_123803,1
209648_131635,0
209649_255003,0
209649_285212,0
209649_126992,1
209649_214280,0
209649_195739,1
209649_250273,1
209650_279994,1
209650_201611,1
209650_176172,1
209650_37749,1
209650_183795,1
209650_78815,1
209652_35647,1
209652_166320,0
209652_58813,1
209652_13805,0
209652_213220,1
209652_219934,1
209653_31714,0
209653_28267,1
209653_73792,0
209653_119184,0
209653_176842,0
209653_10278,1
209654_104997,0
209654_98874,1
209654_190496,0
209654_159496,0
209654_204340,1
209654_99683,1
209656_153562,0
209656_30512,0
209656_132126,1
209656_286365,1
209656_237892,1
209656_16120,0
209663_8244,0
209663_138897,1
209663_115381,0
209663_142747,0
209663_172410,1
209663_57195,0
209664_244729,0
209664_63539,0
209664_266624,1
209664_278223,1
209664_97002,0
209664_68094,1
209666_273738,0
209666_251839,0
209666_17316,0
209666_92062,1
209666_286228,1
209666_101871,1
209673_232343,1
209673_15430,0
209673_24822,1
209673_133271,1
209673_137761,1
209673_259330,1
209678_87466,0
209678_225054,1
209678_223706,1
209678_112017,0
209678_13991,0
209678_156989,1
209682_146361,0
209682_93852,0
209682_181782,0
209682_166592,0
209682_106504,0
209682_130068,0
209689_198064,1
209689_256132,1
209689_113644,1
209689_185112,1
209689_270004,1
209689_30193,1
209690_144100,1
209690_282355,1
209690_225499,1
209690_86819,0
209690_86157,1
209690_54787,0
209695_123677,1
209695_14638,1
209695_23033,0
209695_103861,1
209695_119643,0
209695_249323,1
209696_134158,0
209696_158883,1
209696_212113,1
209696_101427,0
209696_53787,0
209696_44033,1
209697_190153,0
209697_1088,0
209697_85555,0
209697_247357,1
209697_35395,1
209697_168297,0
209702_103861,1
209702_121695,1
209702_267135,1
209702_216597,1
209702_11535,1
209702_168264,1
209703_24849,0
209703_207700,0
209703_123677,0
209703_215400,0
209703_115743,1
209703_240261,0
209707_145221,1
209707_159890,1
209707_262857,0
209707_117474,0
209707_122251,0
209707_241126,0
209708_92874,0
209708_99448,0
209708_255227,0
209708_100831,0
209708_50278,0
209708_54093,0
209710_81692,0
209710_76321,1
209710_205329,1
209710_292584,0
209710_130543,0
209710_242681,0
209716_90267,0
209716_136141,1
209716_162839,0
209716_13205,0
209716_107137,0
209716_54921,0
209718_229045,1
209718_184770,1
209718_245548,0
209718_174025,1
209718_242156,1
209718_112535,0
209719_200914,0
209719_127217,0
209719_186263,0
209719_204836,1
209719_69994,1
209719_123597,1
209721_265135,0
209721_232884,1
209721_188481,0
209721_48882,1
209721_211280,1
209721_159496,1
209722_237622,1
209722_249735,1
209722_25107,1
209722_253496,0
209722_109024,1
209722_63298,0
209725_269580,1
209725_207963,0
209725_139872,0
209725_2160,0
209725_278582,1
209725_32226,0
209726_109772,0
209726_225209,0
209726_27737,0
209726_104542,1
209726_218301,1
209726_76248,1
209727_166403,0
209727_180773,0
209727_90219,1
209727_17790,0
209727_147260,1
209727_165112,0
209731_155438,1
209731_164191,0
209731_184157,1
209731_126887,1
209731_40768,0
209731_124235,1
209733_176842,0
209733_104030,1
209733_166,0
209733_86094,1
209733_42375,1
209733_135745,0
209734_54262,0
209734_69560,0
209734_55958,1
209734_197214,0
209734_220488,1
209734_103861,1
209735_14994,1
209735_170033,1
209735_23822,0
209735_49651,1
209735_263647,0
209735_74802,0
209739_240027,1
209739_279067,1
209739_88833,1
209739_66003,1
209739_221316,1
209739_227294,1
209749_112449,1
209749_112869,0
209749_243829,1
209749_259478,0
209749_122532,0
209749_45150,1
209751_262757,1
209751_180229,1
209751_51234,1
209751_92035,1
209751_201714,0
209751_127015,1
209752_37753,0
209752_230725,0
209752_230574,0
209752_83248,0
209752_63737,0
209752_146446,1
209753_73818,1
209753_98116,1
209753_267955,1
209753_103352,1
209753_138877,0
209753_28663,1
209756_208238,0
209756_135089,0
209756_6137,1
209756_154286,1
209756_197465,0
209756_130918,0
209758_100342,1
209758_210761,1
209758_47953,1
209758_222604,1
209758_284104,0
209758_79640,1
209761_284555,1
209761_53302,1
209761_273219,1
209761_276683,1
209761_293634,1
209761_250273,1
209767_53964,0
209767_219092,0
209767_48649,0
209767_229304,0
209767_242015,1
209767_52640,0
209770_171487,1
209770_48961,0
209770_173679,0
209770_164808,1
209770_110928,0
209770_242894,0
209777_92599,0
209777_144718,0
209777_223182,0
209777_115663,1
209777_83382,1
209777_90669,1
209778_247217,1
209778_127382,0
209778_175352,1
209778_269657,0
209778_90303,0
209778_275050,1
209780_212515,1
209780_189973,1
209780_70637,1
209780_219084,1
209780_122595,1
209780_216985,1
209782_159073,1
209782_30043,1
209782_247824,0
209782_94220,1
209782_71456,0
209782_261205,1
209784_218810,1
209784_188319,1
209784_261844,1
209784_192453,1
209784_134449,0
209784_253251,0
209787_68203,0
209787_259770,1
209787_189280,1
209787_111501,1
209787_242896,1
209787_14408,0
209792_158693,1
209792_141970,1
209792_32224,1
209792_5684,1
209792_176099,1
209792_9625,0
209793_101297,0
209793_243571,0
209793_177704,1
209793_51489,0
209793_54994,0
209793_124416,0
209794_32878,1
209794_205508,1
209794_73143,1
209794_173677,1
209794_213072,1
209794_38787,0
209799_114634,0
209799_249778,1
209799_146350,1
209799_266191,1
209799_277360,0
209799_58168,1
209805_158648,0
209805_136453,0
209805_67586,1
209805_41243,1
209805_128974,0
209805_235554,1
209816_190017,1
209816_259316,1
209816_246101,0
209816_92564,0
209816_870,1
209816_118642,0
209828_76820,1
209828_82459,1
209828_216343,1
209828_187583,1
209828_95068,0
209828_91832,0
209829_6615,0
209829_44110,1
209829_77246,1
209829_204836,1
209829_144953,0
209829_241999,1
209830_258343,1
209830_94498,1
209830_151539,0
209830_263364,0
209830_256174,1
209830_234590,0
209831_135745,1
209831_272328,0
209831_205037,0
209831_151424,1
209831_218155,0
209831_115478,1
209833_275112,0
209833_143957,0
209833_261844,1
209833_181066,1
209833_239826,0
209833_139745,1
209834_44561,0
209834_212439,1
209834_61113,1
209834_242102,0
209834_183711,0
209834_246572,1
209838_260173,1
209838_157026,0
209838_261461,1
209838_97394,1
209838_26710,0
209838_169179,0
209839_152491,1
209839_124387,0
209839_77834,1
209839_13365,0
209839_170480,0
209839_284632,1
209842_99890,1
209842_30496,0
209842_168000,0
209842_131564,0
209842_272427,0
209842_158665,0
209844_254916,0
209844_39447,1
209844_218715,1
209844_259695,0
209844_23138,1
209844_208647,0
209851_250748,1
209851_258965,1
209851_260948,1
209851_269004,0
209851_224510,0
209851_285611,0
209853_264314,1
209853_39252,1
209853_230019,0
209853_48220,1
209853_70637,0
209853_293811,1
209855_86174,0
209855_99457,1
209855_175144,1
209855_278171,1
209855_54217,1
209855_135624,1
209857_202088,0
209857_275458,0
209857_141058,1
209857_185423,1
209857_184197,1
209857_74142,1
209862_58922,1
209862_110764,1
209862_169580,1
209862_238868,0
209862_61016,0
209862_273520,1
209864_67983,0
209864_52533,1
209864_42036,1
209864_175211,1
209864_81750,1
209864_16432,1
209865_39061,0
209865_187384,0
209865_19010,0
209865_49426,1
209865_153123,1
209865_74476,1
209866_173701,0
209866_228095,0
209866_139220,1
209866_186374,0
209866_218715,1
209866_43031,0
209870_137119,0
209870_165413,0
209870_22730,0
209870_119666,0
209870_179437,1
209870_64346,0
209871_60445,1
209871_34948,0
209871_92130,1
209871_186741,1
209871_126885,1
209871_140002,1
209875_134456,1
209875_150640,1
209875_263043,1
209875_64855,1
209875_49288,1
209875_107959,0
209876_21415,1
209876_39381,1
209876_48868,0
209876_268126,1
209876_252568,0
209876_130388,1
209878_260477,0
209878_50764,1
209878_83688,0
209878_252285,1
209878_188313,1
209878_199193,0
209881_260477,0
209881_45668,1
209881_69860,0
209881_236035,0
209881_146358,0
209881_96755,1
209882_235311,1
209882_54378,0
209882_269095,0
209882_43886,1
209882_65362,1
209882_119451,0
209884_40941,0
209884_122233,1
209884_244283,1
209884_116175,1
209884_16120,1
209884_7826,0
209886_83891,1
209886_158908,1
209886_233293,1
209886_94947,0
209886_40739,1
209886_124461,1
209887_152820,1
209887_150811,0
209887_281670,0
209887_125465,0
209887_182945,0
209887_213259,0
209889_254097,1
209889_126034,0
209889_227841,0
209889_55,1
209889_113219,0
209889_229144,1
209890_228745,1
209890_157855,0
209890_54117,1
209890_27714,1
209890_206026,0
209890_236433,1
209892_33117,1
209892_22067,1
209892_185349,0
209892_228536,0
209892_261276,0
209892_175531,1
209893_259865,0
209893_258037,0
209893_190736,0
209893_133107,1
209893_154530,0
209893_60591,1
209896_235716,1
209896_14595,1
209896_174466,0
209896_213578,1
209896_236920,0
209896_72993,1
209898_157483,1
209898_136453,0
209898_266264,0
209898_156357,1
209898_104543,0
209898_217219,1
209900_227914,0
209900_283573,0
209900_292716,0
209900_105592,0
209900_158699,1
209900_40374,1
209903_125711,0
209903_12080,0
209903_278043,1
209903_44675,1
209903_21911,1
209903_91444,0
209905_240481,0
209905_183183,0
209905_194256,0
209905_9812,0
209905_134116,0
209905_85681,0
209906_130317,0
209906_155606,1
209906_28435,0
209906_13446,0
209906_15598,0
209906_84511,0
209908_42331,1
209908_46611,0
209908_20036,1
209908_149128,1
209908_252507,0
209908_238508,0
209910_139131,1
209910_263957,1
209910_207066,1
209910_294449,0
209910_50914,1
209910_155240,1
209913_78568,0
209913_212304,1
209913_156593,1
209913_138549,1
209913_251683,1
209913_263781,0
209915_192816,1
209915_174892,0
209915_247020,1
209915_30806,0
209915_149874,1
209915_177409,0
209917_199386,0
209917_139377,0
209917_77957,0
209917_38766,0
209917_251559,0
209917_262921,0
209918_205620,1
209918_171373,1
209918_812,0
209918_171830,1
209918_111346,1
209918_163665,0
209921_144100,0
209921_138112,1
209921_272464,1
209921_74378,1
209921_208952,0
209921_47528,1
209922_58037,1
209922_192574,0
209922_201966,1
209922_278702,1
209922_14160,0
209922_288078,1
209926_84040,0
209926_233237,1
209926_3606,1
209926_63323,1
209926_18837,1
209926_69174,1
209929_47798,1
209929_288965,0
209929_87389,0
209929_243669,1
209929_119997,1
209929_251445,0
209930_225319,0
209930_247441,1
209930_4643,1
209930_41700,1
209930_98350,0
209930_87701,0
209932_9648,0
209932_121642,1
209932_108917,1
209932_88199,1
209932_115675,1
209932_126168,1
209934_202227,0
209934_179535,1
209934_108755,1
209934_90637,1
209934_190967,0
209934_289058,1
209940_279081,1
209940_86212,1
209940_81309,1
209940_227440,0
209940_122008,1
209940_177927,0
209941_258883,0
209941_229894,1
209941_41843,1
209941_228676,1
209941_267879,1
209941_281826,0
209944_30743,1
209944_95254,1
209944_14348,1
209944_128323,1
209944_75383,1
209944_93839,0
209946_263727,1
209946_215312,1
209946_14994,1
209946_72035,1
209946_186039,1
209946_77246,1
209948_25855,1
209948_32899,1
209948_151964,1
209948_265458,0
209948_208826,0
209948_121384,0
209949_255280,1
209949_292724,0
209949_18982,1
209949_248385,1
209949_11480,0
209949_47641,1
209953_77903,1
209953_95871,1
209953_185473,0
209953_199497,1
209953_135071,1
209953_59408,1
209957_246583,0
209957_6618,0
209957_131564,1
209957_138333,0
209957_32226,0
209957_159969,0
209960_153551,1
209960_11855,1
209960_102633,0
209960_92449,1
209960_80992,1
209960_227660,1
209962_45838,1
209962_60780,1
209962_156625,1
209962_265302,1
209962_649,0
209962_60830,0
209963_102493,1
209963_241320,1
209963_116801,1
209963_165044,1
209963_137768,1
209963_291135,0
209967_192588,1
209967_199310,1
209967_176916,1
209967_100608,0
209967_187560,1
209967_71004,1
209970_129503,0
209970_77352,0
209970_161087,1
209970_244718,0
209970_213015,0
209970_144606,0
209973_109328,1
209973_143565,1
209973_29595,1
209973_289330,1
209973_179178,0
209973_79640,1
209975_174932,0
209975_236102,1
209975_98104,1
209975_246003,0
209975_216586,0
209975_265451,1
209976_236750,1
209976_175211,1
209976_109606,1
209976_257088,1
209976_55535,1
209976_113743,0
209978_29276,0
209978_290137,1
209978_46108,0
209978_36786,0
209978_225986,0
209978_147585,1
209980_57701,0
209980_168764,0
209980_285322,1
209980_187648,1
209980_99316,1
209980_40651,1
209982_235460,0
209982_241523,1
209982_134076,1
209982_129803,0
209982_142441,1
209982_52757,0
209988_51468,0
209988_242423,0
209988_8229,1
209988_26097,0
209988_134477,0
209988_175481,0
209992_3956,1
209992_295276,0
209992_285194,0
209992_286151,0
209992_60925,1
209992_5376,1
209993_99329,1
209993_259824,1
209993_100083,0
209993_79419,1
209993_208113,1
209993_56437,0
209994_139888,1
209994_246114,1
209994_265963,1
209994_91301,0
209994_114862,1
209994_30594,1
209995_163053,1
209995_287949,1
209995_230811,0
209995_152908,1
209995_161098,1
209995_147403,0
209996_150545,1
209996_32231,0
209996_207110,1
209996_203813,1
209996_152518,1
209996_115182,0
209997_210399,1
209997_158239,1
209997_21582,0
209997_231779,1
209997_157668,1
209997_77242,0
209998_192044,0
209998_54690,1
209998_48588,0
209998_257923,0
209998_108957,0
209998_220478,0
210001_281521,0
210001_32231,1
210001_33195,1
210001_271794,1
210001_159259,1
210001_155985,0
210002_29894,1
210002_223164,1
210002_72878,1
210002_208364,0
210002_286863,0
210002_88401,1
210004_154323,0
210004_217785,1
210004_158565,0
210004_36850,1
210004_157492,0
210004_67942,0
210005_225650,0
210005_104422,1
210005_111331,1
210005_85681,1
210005_120026,0
210005_77246,1
210007_94513,0
210007_45757,0
210007_213546,1
210007_89831,0
210007_70637,1
210007_137514,0
210008_102523,1
210008_252166,1
210008_43658,0
210008_292545,0
210008_208352,0
210008_218777,1
210015_257260,0
210015_255320,0
210015_182465,0
210015_241649,0
210015_124080,0
210015_165215,0
210018_264111,1
210018_203802,0
210018_160239,1
210018_53910,0
210018_42111,0
210018_247030,0
210021_224704,1
210021_91169,0
210021_131640,1
210021_179967,1
210021_251812,0
210021_143640,1
210023_127806,1
210023_133701,0
210023_296009,0
210023_22526,0
210023_103268,1
210023_252291,1
210024_30464,0
210024_49738,0
210024_255065,1
210024_208113,1
210024_272575,0
210024_65195,1
210025_104780,0
210025_133842,1
210025_85777,0
210025_172031,1
210025_39918,1
210025_22728,0
210029_118726,0
210029_192396,1
210029_210643,1
210029_109794,1
210029_121824,1
210029_222357,1
210030_255519,1
210030_228738,0
210030_18645,1
210030_188196,1
210030_229916,1
210030_272554,1
210036_116,0
210036_284020,1
210036_12614,0
210036_144452,1
210036_217200,0
210036_15178,1
210038_155058,0
210038_107923,0
210038_88893,1
210038_1317,0
210038_91581,0
210038_244009,1
210040_228861,1
210040_237561,1
210040_130023,1
210040_101037,0
210040_168543,1
210040_20968,1
210042_239871,0
210042_96663,0
210042_116549,0
210042_129467,0
210042_236383,0
210042_227397,0
210044_247946,0
210044_122793,1
210044_264667,1
210044_165800,1
210044_110918,1
210044_276862,0
210046_48579,0
210046_24472,0
210046_71455,1
210046_118382,1
210046_165663,1
210046_76149,1
210047_80417,0
210047_115095,1
210047_99258,1
210047_93036,0
210047_63433,1
210047_240296,1
210050_38390,1
210050_137883,0
210050_97126,0
210050_250190,0
210050_86266,1
210050_24419,0
210053_102958,1
210053_264826,1
210053_103795,1
210053_94148,0
210053_221740,0
210053_9390,1
210058_254626,1
210058_73201,1
210058_97549,1
210058_109899,0
210058_236906,1
210058_15201,0
210060_13522,0
210060_74096,1
210060_293296,1
210060_177183,1
210060_11400,1
210060_203193,1
210061_141265,0
210061_264668,1
210061_138503,0
210061_237215,1
210061_70788,1
210061_265077,0
210063_150712,0
210063_266958,0
210063_129467,1
210063_81383,0
210063_59323,1
210063_88098,0
210065_208086,0
210065_256018,0
210065_32988,1
210065_79396,1
210065_290233,1
210065_276970,0
210066_139654,1
210066_256642,1
210066_163477,1
210066_18286,1
210066_238908,1
210066_210679,1
210071_266150,0
210071_87181,1
210071_70346,1
210071_31842,0
210071_150768,1
210071_255065,1
210074_96615,1
210074_286184,0
210074_151561,0
210074_286476,1
210074_26172,1
210074_219771,0
210077_187956,0
210077_79396,1
210077_170809,1
210077_281418,1
210077_256158,1
210077_200432,1
210078_133594,1
210078_236577,1
210078_160915,1
210078_188703,1
210078_67570,0
210078_129507,0
210082_125893,0
210082_14481,0
210082_24607,0
210082_286184,0
210082_268877,0
210082_144456,0
210089_58556,0
210089_35669,0
210089_283887,0
210089_148222,0
210089_16733,0
210089_29297,0
210091_54263,1
210091_250546,0
210091_192188,1
210091_127612,0
210091_158931,0
210091_236989,1
210092_11140,0
210092_276805,1
210092_101676,1
210092_134106,1
210092_125210,0
210092_250273,1
210093_266465,1
210093_154764,0
210093_13776,1
210093_34824,1
210093_18515,1
210093_73557,1
210094_163568,1
210094_186374,1
210094_226318,1
210094_32174,0
210094_133701,0
210094_175481,0
210095_245668,0
210095_46091,0
210095_236465,1
210095_108488,0
210095_275648,0
210095_201195,1
210096_18768,1
210096_74879,0
210096_294144,0
210096_77875,0
210096_205603,1
210096_266233,1
210097_197214,0
210097_123232,0
210097_180306,1
210097_120609,0
210097_19574,0
210097_127917,0
210102_181465,0
210102_26279,0
210102_137853,1
210102_77300,1
210102_31223,0
210102_199488,1
210109_60428,1
210109_210661,1
210109_164778,1
210109_175481,0
210109_152922,1
210109_41663,0
210114_47420,0
210114_198342,0
210114_266143,0
210114_186266,0
210114_99448,1
210114_3498,1
210115_188720,0
210115_294452,1
210115_76222,1
210115_254921,1
210115_116514,1
210115_8229,0
210116_26532,0
210116_163081,0
210116_209621,0
210116_201216,0
210116_267297,1
210116_113179,1
210117_252616,0
210117_44380,1
210117_16367,1
210117_259393,1
210117_246272,0
210117_119294,0
210118_67466,1
210118_207896,0
210118_18025,0
210118_238214,1
210118_172927,0
210118_240664,1
210127_93039,1
210127_135306,1
210127_27902,1
210127_215035,1
210127_178514,1
210127_285508,1
210128_165106,1
210128_289222,1
210128_99986,1
210128_256772,0
210128_166980,1
210128_135035,1
210131_86344,1
210131_69602,1
210131_264746,0
210131_179993,0
210131_158165,0
210131_238906,1
210132_252250,1
210132_115722,1
210132_6521,0
210132_112961,0
210132_285384,0
210132_176916,0
210133_167880,1
210133_122877,1
210133_196547,0
210133_126458,1
210133_229916,0
210133_202447,0
210134_11091,0
210134_137479,0
210134_186094,0
210134_240451,1
210134_276615,1
210134_249919,1
210135_292863,1
210135_78749,0
210135_7845,1
210135_24419,1
210135_67567,1
210135_555,0
210140_87181,1
210140_282237,1
210140_189192,1
210140_64763,1
210140_279521,1
210140_275854,0
210141_212122,0
210141_153334,0
210141_166521,0
210141_289727,0
210141_122195,0
210141_59463,0
210143_45838,0
210143_64532,1
210143_182840,1
210143_279939,0
210143_233788,1
210143_107917,1
210145_172786,0
210145_6173,1
210145_124188,0
210145_31440,1
210145_242707,0
210145_182475,0
210146_73706,0
210146_198488,0
210146_139160,0
210146_129190,1
210146_55250,1
210146_74389,1
210147_73909,1
210147_102549,0
210147_169586,1
210147_133519,1
210147_182258,1
210147_252444,1
210151_140692,1
210151_271248,1
210151_33495,1
210151_288329,1
210151_120734,0
210151_75564,1
210153_207982,0
210153_71004,1
210153_58586,0
210153_23885,1
210153_230677,1
210153_140015,0
210158_102074,0
210158_273400,0
210158_40571,0
210158_155306,0
210158_268239,0
210158_250328,0
210160_134414,0
210160_90319,1
210160_26773,0
210160_98681,1
210160_256368,1
210160_196470,0
210162_172197,0
210162_185972,1
210162_221998,1
210162_265129,1
210162_123922,1
210162_131498,0
210164_20968,0
210164_15214,0
210164_151638,1
210164_72517,1
210164_272131,0
210164_255048,1
210165_83066,0
210165_228557,1
210165_125458,0
210165_103722,1
210165_218155,1
210165_170317,0
210167_53925,1
210167_17323,1
210167_142408,1
210167_175372,0
210167_119064,1
210167_131564,1
210169_179587,1
210169_57232,1
210169_156081,0
210169_77875,1
210169_71402,1
210169_254917,0
210170_87597,0
210170_278820,0
210170_122160,0
210170_47641,0
210170_88599,0
210170_97007,0
210172_162126,1
210172_137744,1
210172_219617,1
210172_126448,1
210172_224337,1
210172_155741,1
210174_182055,1
210174_235169,1
210174_209351,1
210174_199714,0
210174_117736,0
210174_55222,1
210177_134257,0
210177_238633,0
210177_285278,0
210177_21548,1
210177_272522,0
210177_37278,0
210178_210679,1
210178_63254,0
210178_72885,1
210178_46153,1
210178_145287,0
210178_65225,0
210179_55497,0
210179_17790,1
210179_220488,1
210179_149377,0
210179_140692,0
210179_123824,0
210181_225329,1
210181_36641,1
210181_263647,1
210181_183374,0
210181_295546,1
210181_52613,0
210182_56076,0
210182_86150,1
210182_230319,1
210182_138112,1
210182_190575,1
210182_231183,1
210184_156247,1
210184_8305,0
210184_96327,1
210184_215980,0
210184_270004,1
210184_5621,1
210185_102449,0
210185_73557,0
210185_86976,1
210185_11724,0
210185_228186,0
210185_156491,1
210186_32050,1
210186_43482,0
210186_188703,1
210186_78336,1
210186_206044,1
210186_107923,1
210190_234884,1
210190_63628,1
210190_86266,1
210190_3498,1
210190_20714,1
210190_212331,1
210195_224462,0
210195_973,0
210195_141085,0
210195_58474,1
210195_283829,1
210195_23057,1
210197_267848,0
210197_199965,1
210197_50889,0
210197_171552,1
210197_130097,0
210197_100548,1
210198_99373,1
210198_126448,1
210198_27152,0
210198_185141,1
210198_199765,1
210198_44062,0
210199_5214,0
210199_161474,0
210199_231206,0
210199_210679,0
210199_97093,0
210199_270469,0
210200_201673,1
210200_268085,1
210200_181941,1
210200_123755,1
210200_74847,0
210200_73077,1
210201_65831,0
210201_147111,1
210201_181941,1
210201_245719,1
210201_31836,1
210201_255433,1
210206_199577,1
210206_177523,1
210206_21415,0
210206_103352,1
210206_69934,1
210206_257932,0
210210_78977,0
210210_285491,0
210210_115579,0
210210_232400,0
210210_45277,1
210210_163356,0
210211_115953,1
210211_18073,0
210211_167345,1
210211_240290,0
210211_47528,1
210211_15581,0
210214_112017,1
210214_167409,0
210214_158082,0
210214_270673,1
210214_49685,1
210214_170120,0
210215_177150,1
210215_148982,1
210215_29774,0
210215_128331,1
210215_238331,1
210215_243008,0
210219_105030,0
210219_145696,1
210219_174880,1
210219_106428,1
210219_126992,1
210219_185929,1
210221_158660,1
210221_33827,1
210221_16374,1
210221_216431,0
210221_187147,0
210221_283660,1
210223_88839,1
210223_39252,1
210223_236723,1
210223_38015,1
210223_30902,1
210223_35030,1
210225_197963,1
210225_715,1
210225_60943,0
210225_250273,1
210225_276626,1
210225_284123,0
210232_203841,1
210232_3126,1
210232_75977,0
210232_295967,1
210232_209823,0
210232_64888,1
210234_27337,1
210234_25040,1
210234_53116,0
210234_160181,1
210234_290021,1
210234_76566,1
210237_34354,0
210237_66873,0
210237_126607,1
210237_96757,1
210237_55575,1
210237_97127,0
210239_135271,0
210239_215789,1
210239_171253,1
210239_204888,1
210239_7859,1
210239_115095,1
210240_283802,1
210240_57083,1
210240_220358,1
210240_188060,1
210240_91904,0
210240_292211,1
210243_169749,0
210243_266143,0
210243_261824,1
210243_176392,0
210243_242247,0
210243_231891,1
210247_187843,0
210247_161072,1
210247_167873,0
210247_1421,1
210247_138355,0
210247_84768,0
210250_101875,1
210250_81461,1
210250_67956,0
210250_218112,1
210250_108342,1
210250_288329,1
210251_10800,1
210251_230239,0
210251_21392,0
210251_278145,0
210251_255511,0
210251_143179,0
210258_210352,0
210258_166771,0
210258_225791,1
210258_130286,0
210258_168582,1
210258_238648,1
210260_22236,1
210260_263781,1
210260_199112,1
210260_174896,0
210260_76392,1
210260_100088,1
210263_72517,1
210263_52617,1
210263_250601,0
210263_180942,0
210263_61939,1
210263_255177,1
210268_26762,0
210268_156972,1
210268_156656,0
210268_113314,1
210268_171038,1
210268_65831,0
210269_71685,1
210269_70741,1
210269_146536,0
210269_9209,1
210269_163853,1
210269_70997,1
210270_286863,1
210270_281141,1
210270_76336,1
210270_48703,1
210270_208104,0
210270_137128,0
210271_66841,0
210271_270490,0
210271_123698,0
210271_173743,0
210271_42592,0
210271_157639,0
210274_74636,0
210274_94893,1
210274_166592,0
210274_268423,0
210274_101201,0
210274_255065,1
210276_174350,0
210276_126077,0
210276_240478,1
210276_92196,0
210276_188810,0
210276_257449,1
210279_295703,0
210279_23275,0
210279_92151,1
210279_172257,0
210279_269227,1
210279_142770,1
210280_11786,1
210280_345,1
210280_95933,1
210280_112739,1
210280_100669,1
210280_177255,1
210281_267557,0
210281_270260,0
210281_93571,0
210281_89553,1
210281_250273,1
210281_224135,1
210282_239604,0
210282_106271,1
210282_201322,0
210282_235477,1
210282_204162,0
210282_15759,1
210287_57445,0
210287_10259,0
210287_265129,0
210287_10032,0
210287_18392,1
210287_256863,1
210290_278582,1
210290_213552,1
210290_133730,0
210290_253486,0
210290_143883,1
210290_66713,1
210292_63542,1
210292_20067,0
210292_96663,1
210292_203805,1
210292_116969,0
210292_47926,0
210303_87040,1
210303_245721,0
210303_172024,0
210303_36481,1
210303_262307,1
210303_178984,0
210304_215322,0
210304_218437,0
210304_245438,1
210304_160965,1
210304_261784,1
210304_78157,0
210305_270515,1
210305_126811,1
210305_37805,1
210305_229589,1
210305_155517,1
210305_204080,1
210306_38551,0
210306_225433,1
210306_232699,1
210306_94916,0
210306_47528,1
210306_126992,1
210307_141772,0
210307_45657,1
210307_93111,1
210307_49673,1
210307_183613,1
210307_73524,0
210311_99448,1
210311_277476,0
210311_88069,1
210311_246354,0
210311_40075,1
210311_48954,0
210313_85130,0
210313_288674,0
210313_197189,0
210313_78236,0
210313_13910,0
210313_275223,0
210315_232298,0
210315_272608,1
210315_291984,0
210315_141957,0
210315_45864,0
210315_227732,0
210317_244608,1
210317_74765,1
210317_59815,1
210317_250267,1
210317_163665,1
210317_33914,1
210321_202105,0
210321_194081,1
210321_185454,1
210321_21220,0
210321_255008,0
210321_295024,0
210326_103557,1
210326_233530,0
210326_112760,1
210326_122933,1
210326_4393,1
210326_128794,1
210327_68411,1
210327_133701,1
210327_130647,1
210327_277867,1
210327_26513,1
210327_291135,0
210328_200650,0
210328_210701,1
210328_213932,0
210328_24241,1
210328_58116,1
210328_235955,1
210330_62901,0
210330_260890,1
210330_68158,0
210330_227624,1
210330_26532,0
210330_34084,0
210333_94309,0
210333_193656,1
210333_249919,1
210333_163106,1
210333_69797,0
210333_137128,1
210334_179970,1
210334_282739,1
210334_19780,0
210334_140583,1
210334_184591,1
210334_101871,1
210335_176909,1
210335_192185,0
210335_228162,0
210335_92498,0
210335_218197,1
210335_224341,1
210343_220259,1
210343_39896,1
210343_137485,1
210343_72878,1
210343_136772,0
210343_180370,0
210346_63244,1
210346_143734,1
210346_85194,1
210346_119023,0
210346_20797,1
210346_106892,1
210347_239591,1
210347_226365,1
210347_227587,1
210347_173630,1
210347_176077,1
210347_154749,0
210348_127880,1
210348_60560,1
210348_4026,1
210348_214825,1
210348_31632,0
210348_117401,0
210356_35192,0
210356_48386,0
210356_279246,0
210356_171231,1
210356_209688,1
210356_21657,0
210357_212264,1
210357_295323,0
210357_164516,0
210357_10751,0
210357_285302,1
210357_214851,1
210368_190035,0
210368_289736,1
210368_2574,1
210368_49162,1
210368_175250,1
210368_109702,0
210370_211446,1
210370_38735,1
210370_137307,1
210370_265505,1
210370_196333,1
210370_268993,1
210371_102449,0
210371_251130,0
210371_56619,1
210371_177497,1
210371_96063,0
210371_114730,1
210374_26097,0
210374_270329,1
210374_227582,1
210374_180280,0
210374_2538,1
210374_285415,0
210375_69994,0
210375_32710,0
210375_150257,1
210375_122140,1
210375_22037,0
210375_294036,1
210377_186634,1
210377_267958,0
210377_182452,1
210377_85672,1
210377_209506,1
210377_259964,0
210379_32224,0
210379_108117,0
210379_92477,0
210379_144942,0
210379_194053,0
210379_275264,0
210380_101871,1
210380_203707,0
210380_188842,0
210380_2425,1
210380_69111,0
210380_267525,1
210381_150748,1
210381_155791,0
210381_133065,1
210381_64455,1
210381_285365,1
210381_244541,1
210382_263249,1
210382_75132,1
210382_50702,1
210382_273009,0
210382_47136,0
210382_276106,0
210383_89760,0
210383_252456,1
210383_604,0
210383_188057,1
210383_195293,0
210383_42182,1
210384_164658,0
210384_92914,0
210384_193883,0
210384_230460,1
210384_166203,0
210384_276760,0
210385_289316,1
210385_43783,1
210385_98851,1
210385_254101,0
210385_119451,1
210385_214767,0
210389_204236,0
210389_162889,0
210389_221479,0
210389_167991,1
210389_89795,1
210389_119451,1
210391_207101,1
210391_33453,1
210391_176376,1
210391_264496,1
210391_129684,1
210391_286182,1
210392_191136,0
210392_182112,0
210392_152970,0
210392_104584,1
210392_178133,1
210392_228122,1
210393_191683,1
210393_235076,0
210393_201221,1
210393_2874,1
210393_228407,1
210393_209725,0
210397_127768,1
210397_133594,1
210397_30271,0
210397_8498,0
210397_12003,0
210397_111591,0
210404_277410,0
210404_13622,0
210404_261453,0
210404_104424,0
210404_238410,0
210404_292073,0
210406_29189,1
210406_108984,0
210406_168502,0
210406_39875,1
210406_221237,1
210406_86521,0
210407_7845,1
210407_146046,1
210407_95497,0
210407_163189,1
210407_199517,0
210407_86354,1
210408_8691,0
210408_28762,0
210408_104343,0
210408_29692,0
210408_111699,0
210408_229894,0
210409_106428,1
210409_119394,0
210409_129122,1
210409_290210,1
210409_86857,1
210409_39252,1
210410_100831,0
210410_153606,0
210410_204679,1
210410_175256,0
210410_211400,1
210410_23116,0
210413_155901,0
210413_175759,0
210413_224615,0
210413_64470,0
210413_175812,0
210413_215834,0
210415_176639,1
210415_218564,1
210415_242561,0
210415_21593,0
210415_16374,0
210415_182853,0
210417_239077,0
210417_284909,0
210417_108842,1
210417_108397,1
210417_215283,1
210417_250279,1
210419_284125,1
210419_100659,1
210419_285546,0
210419_294289,0
210419_219617,0
210419_31440,0
210426_89984,1
210426_186561,1
210426_115095,1
210426_277751,1
210426_121777,1
210426_193515,0
210433_238161,1
210433_290591,0
210433_294590,0
210433_120563,1
210433_138515,0
210433_106213,0
210436_205306,0
210436_81792,0
210436_108180,1
210436_117920,0
210436_142345,0
210436_142832,1
210440_277867,0
210440_38570,0
210440_74216,0
210440_22362,0
210440_265555,0
210440_146543,0
210441_269465,0
210441_66741,1
210441_262963,0
210441_43457,1
210441_86772,0
210441_83857,0
210443_133785,0
210443_207015,1
210443_200059,1
210443_290477,0
210443_44677,1
210443_101309,1
210445_133701,1
210445_260905,1
210445_220666,0
210445_76047,1
210445_247899,0
210445_196466,1
210449_4833,0
210449_248984,0
210449_152524,0
210449_233372,0
210449_236750,0
210449_82392,0
210455_92498,0
210455_245,1
210455_67696,1
210455_34084,1
210455_250371,0
210455_32136,0
210456_75310,0
210456_91571,1
210456_175192,0
210456_151984,1
210456_80110,0
210456_100598,1
210458_87498,1
210458_201673,1
210458_60086,0
210458_124564,0
210458_288236,1
210458_201611,1
210461_30742,1
210461_119096,0
210461_197995,1
210461_191995,1
210461_84713,0
210461_214945,1
210468_267078,1
210468_221842,0
210468_256688,0
210468_186235,1
210468_261844,0
210468_280048,0
210471_68236,1
210471_235615,0
210471_88123,1
210471_34940,1
210471_274897,1
210471_97165,0
210473_93036,1
210473_209981,0
210473_67660,1
210473_285401,0
210473_254869,1
210473_153972,1
210474_215496,0
210474_209371,1
210474_170625,0
210474_290923,0
210474_71455,0
210474_188352,0
210475_225824,0
210475_161539,0
210475_8213,0
210475_140583,0
210475_279181,1
210475_43031,1
210480_269247,0
210480_272966,1
210480_71708,0
210480_1123,1
210480_134798,1
210480_258868,1
210481_131863,1
210481_25431,0
210481_234254,1
210481_245250,0
210481_135306,0
210481_37562,1
210483_285034,0
210483_283802,0
210483_158008,0
210483_56193,0
210483_243041,1
210483_215322,0
210487_6916,0
210487_90417,0
210487_88840,0
210487_105128,1
210487_1214,0
210487_102426,1
210489_208284,0
210489_175571,0
210489_253344,1
210489_83825,0
210489_155997,0
210489_257749,1
210493_98040,0
210493_158986,1
210493_165215,0
210493_190027,0
210493_48189,1
210493_285194,1
210494_29894,1
210494_83900,1
210494_133302,0
210494_101013,0
210494_154321,1
210494_141460,1
210496_29595,1
210496_212609,0
210496_255048,0
210496_287137,1
210496_71634,1
210496_170037,1
210498_103712,1
210498_156743,1
210498_217381,1
210498_166373,1
210498_24823,0
210498_124387,0
210499_268953,1
210499_135157,0
210499_32878,1
210499_115810,0
210499_32284,1
210499_189974,1
210500_80032,1
210500_229555,1
210500_95973,0
210500_284360,0
210500_48399,1
210500_97503,0
210502_17978,0
210502_244256,0
210502_259865,1
210502_181942,1
210502_84969,1
210502_295276,0
210504_135415,1
210504_72375,0
210504_18408,0
210504_10944,1
210504_188973,0
210504_93316,1
210506_246255,1
210506_153923,0
210506_85084,1
210506_66741,0
210506_274123,1
210506_81246,1
210507_271459,0
210507_197700,0
210507_29595,0
210507_52518,0
210507_83778,1
210507_220185,1
210508_38852,0
210508_248452,1
210508_181037,1
210508_199043,0
210508_88963,1
210508_90429,1
210512_220735,1
210512_231155,0
210512_122096,1
210512_103204,1
210512_107482,0
210512_284554,1
210513_37183,1
210513_190388,1
210513_220973,1
210513_194635,0
210513_19115,1
210513_140360,1
210516_65495,0
210516_249717,1
210516_186871,1
210516_93925,1
210516_152229,1
210516_184551,1
210518_140334,0
210518_46544,0
210518_169105,0
210518_1464,0
210518_225885,1
210518_14794,0
210520_167965,0
210520_253265,1
210520_49139,0
210520_208024,0
210520_260119,0
210520_224585,1
210521_107923,1
210521_194786,1
210521_96522,1
210521_156913,1
210521_237283,1
210521_204462,1
210522_239989,1
210522_94498,1
210522_153771,1
210522_16639,0
210522_73490,1
210522_161955,0
210526_81685,1
210526_30000,1
210526_285194,0
210526_143076,0
210526_293575,0
210526_131416,1
210529_226133,1
210529_239042,1
210529_224672,1
210529_65174,0
210529_184197,1
210529_187117,1
210530_214382,1
210530_220317,1
210530_284311,1
210530_78869,1
210530_6159,1
210530_174389,0
210531_46493,1
210531_48448,0
210531_288887,1
210531_129904,1
210531_178201,1
210531_18253,1
210534_283565,0
210534_71061,1
210534_81755,1
210534_279344,0
210534_161972,0
210534_69236,0
210535_42493,1
210535_175571,0
210535_27654,1
210535_270982,1
210535_54076,0
210535_246898,1
210540_218247,1
210540_210865,1
210540_43564,0
210540_152033,1
210540_25755,0
210540_244229,0
210546_290840,0
210546_214291,0
210546_133769,0
210546_117728,1
210546_277984,0
210546_144251,0
210548_246583,0
210548_255773,1
210548_190154,1
210548_132409,0
210548_50270,1
210548_94706,1
210550_205505,1
210550_47503,1
210550_41848,0
210550_74296,1
210550_139220,1
210550_176788,1
210551_250273,0
210551_176069,1
210551_234971,1
210551_64576,0
210551_114421,0
210551_235656,1
210554_187314,0
210554_259598,1
210554_72969,1
210554_127552,1
210554_113702,1
210554_244712,1
210557_58606,1
210557_1779,0
210557_47222,0
210557_274286,1
210557_182466,1
210557_263532,1
210558_142844,0
210558_99368,1
210558_124863,1
210558_141957,1
210558_7624,1
210558_170997,1
210559_7596,1
210559_549,0
210559_291248,1
210559_261200,1
210559_253198,0
210559_62265,0
210567_193003,1
210567_234884,1
210567_179993,1
210567_52835,1
210567_119355,1
210567_219002,1
210569_207709,0
210569_8542,0
210569_259329,0
210569_69588,1
210569_236024,1
210569_58953,1
210570_267611,1
210570_151592,0
210570_164404,1
210570_63199,0
210570_33603,1
210570_128756,0
210571_248746,0
210571_44519,1
210571_163647,1
210571_281330,1
210571_149642,0
210571_137438,0
210574_277606,1
210574_175481,0
210574_264152,1
210574_210797,1
210574_129106,0
210574_230811,0
210575_133594,0
210575_38287,0
210575_283793,0
210575_45222,1
210575_233849,0
210575_24685,0
210578_60760,1
210578_18863,0
210578_293696,0
210578_156784,1
210578_254516,0
210578_187169,1
210579_82290,1
210579_227011,0
210579_13949,1
210579_70740,1
210579_222233,1
210579_284647,1
210581_119355,1
210581_259304,0
210581_246236,0
210581_115847,0
210581_38725,1
210581_136337,1
210584_295130,1
210584_59006,1
210584_16078,1
210584_247272,1
210584_268237,1
210584_261450,1
210585_252663,1
210585_80100,1
210585_125512,1
210585_134877,1
210585_289833,1
210585_199233,1
210589_230333,1
210589_114120,0
210589_65311,0
210589_216221,0
210589_231263,0
210589_281443,1
210590_44405,0
210590_31745,1
210590_235802,1
210590_247375,1
210590_55362,1
210590_159751,1
210592_176548,0
210592_179322,1
210592_286228,0
210592_94815,1
210592_50515,0
210592_94587,1
210593_160632,1
210593_13495,1
210593_5944,0
210593_119355,0
210593_71402,1
210593_279260,0
210594_203014,1
210594_89223,0
210594_15557,0
210594_26012,1
210594_147295,1
210594_86354,1
210595_189823,1
210595_42770,0
210595_163189,0
210595_108578,0
210595_70308,0
210595_76512,0
210599_70909,0
210599_113017,1
210599_67353,1
210599_290016,0
210599_193460,1
210599_233,0
210601_125669,1
210601_204016,1
210601_234652,0
210601_202896,0
210601_1864,1
210601_29334,0
210603_152570,0
210603_92770,1
210603_173627,1
210603_134722,0
210603_19696,1
210603_183632,0
210604_127507,0
210604_165376,1
210604_95405,0
210604_288292,0
210604_116,0
210604_61826,0
210605_183711,1
210605_220488,1
210605_119229,0
210605_70830,1
210605_41916,0
210605_255392,1
210610_136181,1
210610_7802,1
210610_46579,1
210610_37880,0
210610_122138,1
210610_132358,0
210613_116413,0
210613_24670,0
210613_109274,0
210613_265009,0
210613_215215,0
210613_281826,0
210617_50335,1
210617_269877,1
210617_265407,0
210617_88453,0
210617_45340,0
210617_136820,1
210618_130023,1
210618_241759,1
210618_22124,1
210618_58606,0
210618_169212,1
210618_234742,0
210621_15715,1
210621_153551,1
210621_247751,1
210621_136327,1
210621_269227,1
210621_22870,0
210622_271224,0
210622_46923,1
210622_52878,0
210622_139135,1
210622_143817,1
210622_253265,1
210627_214788,1
210627_258659,0
210627_127608,1
210627_159603,1
210627_140840,1
210627_117449,1
210632_26355,1
210632_28086,0
210632_149695,0
210632_260829,0
210632_171935,0
210632_257812,1
210633_229362,0
210633_173650,1
210633_86171,0
210633_72636,1
210633_14994,1
210633_229594,0
210636_177547,1
210636_50628,0
210636_153923,1
210636_180799,0
210636_187440,1
210636_153971,1
210639_15823,0
210639_163570,1
210639_268865,1
210639_68044,1
210639_249717,1
210639_124152,0
210641_207961,1
210641_183872,1
210641_3358,1
210641_243930,0
210641_185815,0
210641_73284,1
210643_60810,1
210643_114063,1
210643_268110,1
210643_52448,0
210643_37154,0
210643_126886,1
210647_33681,0
210647_10062,0
210647_283018,1
210647_8229,0
210647_290248,0
210647_167750,1
210655_216933,0
210655_101939,0
210655_81000,0
210655_67487,1
210655_145820,0
210655_220196,1
210659_79559,1
210659_948,1
210659_32878,1
210659_61033,0
210659_3453,1
210659_4379,1
210661_278459,1
210661_145844,0
210661_121135,1
210661_246227,0
210661_92302,1
210661_61016,0
210662_108161,0
210662_76439,1
210662_73733,1
210662_79309,0
210662_169310,0
210662_150845,0
210665_109056,1
210665_279521,1
210665_49928,1
210665_127306,0
210665_154286,1
210665_215014,1
210666_215744,1
210666_26687,0
210666_73178,1
210666_108208,0
210666_185600,0
210666_255903,1
210667_215321,0
210667_284035,1
210667_261205,1
210667_244319,0
210667_31220,0
210667_38570,1
210668_92452,1
210668_100940,1
210668_242940,0
210668_13733,1
210668_31440,1
210668_33415,1
210670_149657,0
210670_13575,1
210670_50580,1
210670_259768,1
210670_19543,1
210670_97002,0
210672_127538,1
210672_178754,0
210672_116708,0
210672_41777,0
210672_213132,1
210672_4712,1
210674_169559,0
210674_126309,1
210674_164910,1
210674_219295,1
210674_243369,0
210674_31341,1
210681_176475,0
210681_84099,1
210681_94653,1
210681_122086,1
210681_6314,0
210681_143734,1
210688_18768,1
210688_59723,0
210688_31412,1
210688_577,1
210688_241265,0
210688_16625,1
210689_271790,1
210689_40296,0
210689_21825,1
210689_283463,1
210689_60603,1
210689_145391,1
210692_189872,1
210692_196177,1
210692_74397,1
210692_64763,0
210692_108596,1
210692_132081,1
210696_254181,1
210696_102542,1
210696_281406,1
210696_169929,1
210696_253265,1
210696_190549,1
210697_106984,0
210697_79419,1
210697_86038,1
210697_234047,0
210697_158329,0
210697_98392,1
210698_56811,0
210698_141772,1
210698_164274,0
210698_91204,0
210698_45786,0
210698_267358,1
210699_52844,1
210699_281745,1
210699_21564,1
210699_54650,1
210699_237083,1
210699_277142,0
210704_277888,1
210704_20845,1
210704_255320,0
210704_241059,1
210704_213705,1
210704_67334,0
210711_42493,1
210711_199654,1
210711_114111,1
210711_205664,0
210711_39256,1
210711_281992,1
210717_56811,1
210717_45716,0
210717_104050,1
210717_34744,0
210717_163568,1
210717_429,0
210722_80141,1
210722_234144,1
210722_162260,1
210722_197919,1
210722_274209,1
210722_78132,1
210725_143508,0
210725_87505,1
210725_187117,1
210725_248251,0
210725_181356,0
210725_229966,0
210726_275816,1
210726_233117,0
210726_225329,1
210726_92585,0
210726_111346,0
210726_66359,1
210731_66457,1
210731_197270,0
210731_31560,1
210731_251263,0
210731_190001,0
210731_169839,1
210732_45712,1
210732_210549,0
210732_188639,0
210732_139839,0
210732_174387,1
210732_225893,1
210734_198350,0
210734_98128,0
210734_197975,0
210734_110055,0
210734_127681,0
210734_203528,0
210737_121880,1
210737_9464,0
210737_259964,0
210737_142821,0
210737_46661,1
210737_107586,0
210743_190774,0
210743_57777,0
210743_178806,0
210743_238243,1
210743_243706,0
210743_274858,1
210744_3606,1
210744_57701,1
210744_100264,1
210744_38390,0
210744_240392,0
210744_38015,0
210745_34503,0
210745_166193,0
210745_65330,0
210745_73635,0
210745_67012,0
210745_87671,0
210746_196169,0
210746_288520,1
210746_226889,1
210746_163081,0
210746_281582,0
210746_30548,0
210748_16802,0
210748_92234,1
210748_60333,0
210748_114421,0
210748_179794,1
210748_36403,0
210755_151865,1
210755_106422,0
210755_246252,1
210755_206993,1
210755_146126,0
210755_139654,0
210762_178659,0
210762_261660,1
210762_63516,1
210762_86038,0
210762_179741,0
210762_245169,1
210765_211067,0
210765_219744,1
210765_67182,0
210765_73075,1
210765_210044,0
210765_113302,0
210766_268130,1
210766_211914,0
210766_163158,0
210766_164543,1
210766_105609,0
210766_118364,1
210767_241845,0
210767_176874,0
210767_111718,1
210767_196106,1
210767_201987,1
210767_27707,0
210772_6500,1
210772_152820,0
210772_129340,1
210772_94982,1
210772_93699,0
210772_275559,0
210773_116454,0
210773_89120,0
210773_182009,0
210773_150186,0
210773_247494,1
210773_109144,1
210776_117739,0
210776_142785,1
210776_143084,1
210776_234881,1
210776_173028,0
210776_194073,0
210779_29894,1
210779_230358,1
210779_197919,0
210779_233318,0
210779_70595,1
210779_86620,0
210780_228403,1
210780_98681,0
210780_181316,1
210780_158965,1
210780_197026,0
210780_23611,0
210783_34824,1
210783_115315,1
210783_126835,0
210783_267668,0
210783_183204,1
210783_51667,1
210784_52670,0
210784_221237,1
210784_263249,1
210784_145669,0
210784_122452,0
210784_162765,1
210785_195922,1
210785_66062,1
210785_15903,0
210785_98116,1
210785_179327,1
210785_76820,0
210787_140802,1
210787_138863,1
210787_259824,0
210787_36200,0
210787_60706,1
210787_130771,1
210790_163572,0
210790_23885,1
210790_145912,0
210790_5207,1
210790_202385,0
210790_198182,0
210791_163568,1
210791_109899,1
210791_105122,0
210791_86633,1
210791_134111,0
210791_40857,1
210793_93412,0
210793_279759,0
210793_162975,0
210793_123677,0
210793_245742,0
210793_201191,0
210796_281826,0
210796_87330,0
210796_107923,1
210796_20655,1
210796_86038,0
210796_250639,1
210798_219726,0
210798_166394,1
210798_24222,0
210798_174918,1
210798_228050,1
210798_207904,0
210803_159637,1
210803_127195,0
210803_106788,1
210803_174387,0
210803_113576,0
210803_110702,1
210804_288238,0
210804_117407,1
210804_240807,0
210804_108429,0
210804_151366,0
210804_189679,1
210809_170175,0
210809_93606,0
210809_127499,0
210809_74879,0
210809_264667,0
210809_55280,0
210812_181664,1
210812_270515,1
210812_155161,1
210812_254785,1
210812_295653,0
210812_55575,1
210813_248760,0
210813_185112,1
210813_138706,0
210813_79765,1
210813_110918,1
210813_61349,0
210814_152602,1
210814_153388,1
210814_115381,1
210814_110328,0
210814_99448,1
210814_255633,1
210821_77706,0
210821_180848,1
210821_261910,0
210821_201216,1
210821_82931,0
210821_215579,0
210824_48030,0
210824_234891,1
210824_8544,0
210824_39013,0
210824_50804,0
210824_213544,0
210825_282358,1
210825_175999,1
210825_11197,1
210825_236044,1
210825_285364,1
210825_225874,1
210832_191261,1
210832_32482,1
210832_99769,0
210832_147517,1
210832_293576,1
210832_148596,0
210836_264002,0
210836_35255,1
210836_155413,0
210836_99888,1
210836_150924,1
210836_4140,1
210839_103806,0
210839_260934,1
210839_100106,1
210839_102133,0
210839_199488,0
210839_88069,1
210841_165361,1
210841_139135,1
210841_155579,0
210841_224245,0
210841_242097,0
210841_28904,0
210842_159102,1
210842_281373,1
210842_136523,0
210842_257812,1
210842_70357,0
210842_159382,0
210844_205127,1
210844_213259,0
210844_217557,1
210844_108507,1
210844_152465,0
210844_122269,0
210847_242629,0
210847_224670,0
210847_75624,1
210847_216343,0
210847_109393,1
210847_150456,1
210851_39256,0
210851_12020,0
210851_146534,0
210851_4319,0
210851_196182,0
210851_121881,1
210852_53636,1
210852_117064,0
210852_202385,0
210852_137783,1
210852_198159,1
210852_273322,0
210854_237549,0
210854_26085,1
210854_48891,1
210854_270004,0
210854_230910,1
210854_238638,0
210855_24526,0
210855_76526,1
210855_69435,1
210855_157472,1
210855_95726,1
210855_135797,0
210857_44622,0
210857_177596,1
210857_51122,0
210857_73444,0
210857_201137,1
210857_194547,1
210861_202441,0
210861_202007,0
210861_19451,1
210861_125527,0
210861_294205,1
210861_117706,1
210862_232857,1
210862_271192,1
210862_152525,1
210862_158554,0
210862_270515,1
210862_137336,1
210863_28436,0
210863_64479,0
210863_116055,0
210863_91526,1
210863_258883,0
210863_1370,0
210865_240423,1
210865_137305,1
210865_128732,1
210865_178782,0
210865_211242,1
210865_84511,0
210867_209256,0
210867_293535,0
210867_105243,0
210867_70711,0
210867_169952,0
210867_244604,0
210869_246334,0
210869_136204,0
210869_178563,1
210869_185981,1
210869_30897,1
210869_186399,0
210872_140019,0
210872_88748,0
210872_196314,0
210872_257789,0
210872_45786,0
210872_201591,0
210877_279398,0
210877_205926,1
210877_22560,0
210877_140862,0
210877_223217,1
210877_181408,1
210882_9845,1
210882_120563,1
210882_182160,1
210882_134774,0
210882_85540,0
210882_218238,1
210884_163179,0
210884_22166,1
210884_6575,0
210884_100919,1
210884_190549,0
210884_88401,1
210885_293385,0
210885_212592,1
210885_183243,1
210885_264962,0
210885_77677,1
210885_197553,1
210889_160617,1
210889_156743,1
210889_272798,1
210889_67879,0
210889_11423,0
210889_83187,1
210891_145221,1
210891_62266,0
210891_220992,1
210891_201100,0
210891_83900,1
210891_71375,1
210894_89938,0
210894_153927,1
210894_282817,0
210894_155051,0
210894_87062,0
210894_188342,1
210896_226731,1
210896_39623,1
210896_83452,1
210896_177045,0
210896_96979,1
210896_257011,1
210897_218796,0
210897_217791,0
210897_235471,1
210897_130771,1
210897_10062,0
210897_175211,1
210898_232193,1
210898_121775,0
210898_158635,1
210898_187210,0
210898_160903,0
210898_42033,0
210901_131453,1
210901_261372,0
210901_244732,0
210901_42246,0
210901_95549,0
210901_165847,0
210904_176515,0
210904_56679,1
210904_277404,0
210904_41855,0
210904_292800,0
210904_17184,1
210906_87671,1
210906_112225,0
210906_2879,1
210906_252250,0
210906_260780,0
210906_104793,0
210910_52583,0
210910_67588,0
210910_134578,0
210910_51366,1
210910_27790,0
210910_52293,0
210912_288689,1
210912_48486,0
210912_186270,1
210912_266358,1
210912_54789,1
210912_113664,1
210913_178269,0
210913_170625,1
210913_230065,0
210913_87010,1
210913_61951,0
210913_247065,0
210914_144942,1
210914_65494,1
210914_171209,1
210914_94652,0
210914_102724,1
210914_197995,1
210916_67081,1
210916_260704,0
210916_12279,1
210916_68360,0
210916_108183,0
210916_123363,1
210921_69178,0
210921_200166,0
210921_195566,0
210921_184834,1
210921_140348,0
210921_238389,0
210922_7031,1
210922_33962,0
210922_8853,0
210922_98766,1
210922_20966,1
210922_191161,1
210924_64797,1
210924_160239,1
210924_177400,0
210924_110411,0
210924_234732,1
210924_175590,0
210925_291238,0
210925_264558,1
210925_30234,1
210925_85021,0
210925_214851,0
210925_221618,1
210929_176376,1
210929_166288,0
210929_185216,0
210929_130602,0
210929_269227,1
210929_201021,0
210931_194553,0
210931_121931,0
210931_216914,1
210931_32753,0
210931_262053,0
210931_56007,1
210934_251729,0
210934_252584,0
210934_73005,1
210934_164798,0
210934_143363,1
210934_23103,1
210935_264094,1
210935_45442,1
210935_25102,1
210935_207449,1
210935_6522,1
210935_291396,1
210936_17302,1
210936_47528,1
210936_236493,1
210936_39203,0
210936_108944,0
210936_2877,0
210937_125926,1
210937_113233,1
210937_234728,1
210937_282914,1
210937_201611,1
210937_157474,0
210946_227711,1
210946_72199,1
210946_148419,0
210946_284632,1
210946_25229,1
210946_207619,1
210947_25889,0
210947_8691,1
210947_235898,0
210947_253265,1
210947_243041,1
210947_153706,1
210949_278428,1
210949_4285,0
210949_66874,1
210949_95277,1
210949_236041,1
210949_60242,0
210950_258173,0
210950_205018,0
210950_84015,0
210950_192203,0
210950_266764,0
210950_276805,0
210957_91354,1
210957_105839,0
210957_170037,1
210957_210119,0
210957_76749,1
210957_225680,0
210958_141772,1
210958_28591,0
210958_94531,1
210958_15405,1
210958_18585,1
210958_218818,0
210966_267766,0
210966_133694,0
210966_234392,0
210966_272332,1
210966_160121,0
210966_33980,1
210967_47008,1
210967_151926,1
210967_251810,1
210967_44636,1
210967_214695,0
210967_204712,1
210968_251262,1
210968_197255,1
210968_15798,1
210968_171543,0
210968_234941,1
210968_294400,0
210972_38990,1
210972_212777,1
210972_191895,1
210972_86694,1
210972_14735,1
210972_15966,0
210974_155158,1
210974_271459,0
210974_237552,0
210974_29848,0
210974_224375,1
210974_161512,0
210975_72527,1
210975_272036,1
210975_76967,1
210975_165332,1
210975_233117,1
210975_17785,1
210983_208984,1
210983_107675,1
210983_269832,1
210983_161977,0
210983_222962,0
210983_159757,0
210984_274978,0
210984_290591,1
210984_246657,0
210984_73818,0
210984_253225,1
210984_7363,1
210985_153035,1
210985_199271,1
210985_34084,1
210985_88999,0
210985_143570,1
210985_293108,1
210987_19518,0
210987_27054,0
210987_74538,0
210987_17184,1
210987_218683,0
210987_281533,0
210991_6885,1
210991_47025,0
210991_145221,0
210991_180341,0
210991_231,0
210991_167029,1
210993_52572,0
210993_259857,0
210993_222805,0
210993_268462,0
210993_31836,0
210993_19874,0
210994_231838,0
210994_202263,0
210994_206582,0
210994_294907,0
210994_181144,0
210994_219450,0
211000_264901,0
211000_231030,0
211000_125465,0
211000_268917,1
211000_20038,0
211000_154833,1
211002_206018,0
211002_204791,1
211002_38832,1
211002_83544,0
211002_293070,0
211002_196760,1
211005_206875,1
211005_10032,0
211005_11437,1
211005_5331,0
211005_109606,0
211005_259778,1
211011_148053,1
211011_13257,1
211011_22728,0
211011_38003,0
211011_229929,0
211011_167710,0
211014_235085,0
211014_138343,1
211014_14533,0
211014_69469,0
211014_86179,0
211014_61674,0
211016_108460,1
211016_40684,0
211016_293861,0
211016_293729,0
211016_180929,1
211016_252608,0
211017_236750,0
211017_72411,0
211017_90066,1
211017_85777,1
211017_15751,0
211017_78132,1
211018_80947,1
211018_99054,0
211018_107671,0
211018_274716,0
211018_107724,0
211018_246966,0
211024_177728,0
211024_182297,1
211024_173349,0
211024_7205,1
211024_256525,0
211024_103080,0
211026_118544,1
211026_255065,1
211026_61853,0
211026_273123,0
211026_176639,1
211026_205417,0
211029_237061,1
211029_163861,1
211029_212588,1
211029_270801,0
211029_202018,0
211029_141970,0
211033_203325,0
211033_163757,0
211033_288399,0
211033_294134,0
211033_92954,0
211033_46242,0
211034_45553,1
211034_82535,0
211034_169580,1
211034_72718,0
211034_21281,0
211034_113967,0
211036_33195,1
211036_147573,1
211036_187314,1
211036_122069,1
211036_288813,0
211036_260507,0
211037_213015,0
211037_82452,1
211037_23323,0
211037_186491,0
211037_221000,0
211037_6043,1
211039_182929,1
211039_242360,0
211039_95493,1
211039_248189,1
211039_157738,0
211039_52472,1
211041_89110,1
211041_3324,1
211041_250517,0
211041_75999,1
211041_63674,1
211041_51343,0
211043_245097,0
211043_287204,1
211043_48937,0
211043_281862,1
211043_109393,1
211043_75469,1
211044_169945,1
211044_256141,1
211044_210399,1
211044_118170,1
211044_267078,1
211044_212226,1
211045_141548,0
211045_283685,1
211045_101457,1
211045_114383,1
211045_255924,1
211045_229894,1
211046_49789,1
211046_166288,1
211046_118841,0
211046_129413,1
211046_232268,0
211046_38502,0
211048_231811,0
211048_17785,1
211048_186266,1
211048_188352,0
211048_105192,1
211048_148332,1
211049_255581,0
211049_224108,0
211049_269227,1
211049_60331,1
211049_152525,1
211049_31300,1
211050_295221,0
211050_106535,1
211050_157157,1
211050_151482,0
211050_158385,0
211050_176586,0
211060_52492,1
211060_187798,1
211060_274599,0
211060_211192,1
211060_279408,1
211060_282043,0
211063_150387,1
211063_61939,1
211063_266209,0
211063_121813,0
211063_63219,1
211063_7669,1
211065_54371,0
211065_65287,0
211065_88196,1
211065_221371,0
211065_143084,1
211065_82373,1
211066_225296,0
211066_169780,1
211066_49673,1
211066_65494,1
211066_175211,0
211066_244139,0
211070_161098,0
211070_33066,1
211070_170565,0
211070_136033,1
211070_255349,1
211070_97561,0
211078_200137,0
211078_211230,1
211078_185018,1
211078_121620,0
211078_150186,0
211078_113179,1
211079_165215,1
211079_31334,0
211079_47358,1
211079_32922,1
211079_278360,0
211079_184364,0
211085_49313,0
211085_264826,1
211085_156250,0
211085_165488,1
211085_295907,0
211085_137626,0
211089_1414,0
211089_16066,0
211089_271817,0
211089_193880,0
211089_88330,1
211089_5030,1
211099_10062,1
211099_134116,1
211099_188408,1
211099_137479,0
211099_230904,1
211099_83811,0
211103_92589,0
211103_109874,1
211103_48523,0
211103_245590,1
211103_236359,0
211103_86781,0
211107_232937,1
211107_141055,0
211107_195739,1
211107_227594,1
211107_86017,1
211107_137907,0
211108_87926,1
211108_293408,1
211108_272332,1
211108_125633,1
211108_157061,0
211108_153923,1
211109_266382,0
211109_134019,0
211109_246765,1
211109_1325,0
211109_253717,0
211109_12649,1
211117_282052,0
211117_2538,0
211117_214776,1
211117_101201,0
211117_245486,0
211117_112760,1
211119_245590,1
211119_171259,0
211119_269931,1
211119_134225,1
211119_277961,1
211119_44926,1
211125_101457,0
211125_290142,0
211125_285212,0
211125_136841,1
211125_73739,1
211125_204277,1
211128_225988,1
211128_268779,1
211128_189773,0
211128_200472,1
211128_87477,1
211128_197858,1
211129_160012,1
211129_154392,0
211129_30408,1
211129_77417,0
211129_259105,1
211129_252616,1
211131_265599,1
211131_285322,1
211131_65061,0
211131_38287,1
211131_222349,0
211131_187117,1
211139_4634,1
211139_138767,0
211139_211207,1
211139_263361,0
211139_290757,0
211139_286001,0
211142_104584,0
211142_121932,1
211142_277908,1
211142_86725,1
211142_126615,1
211142_55613,1
211143_220358,1
211143_264288,0
211143_8544,1
211143_41758,1
211143_293458,1
211143_170370,0
211144_129783,1
211144_85549,1
211144_43950,1
211144_272573,0
211144_51791,1
211144_239948,0
211147_183711,0
211147_140692,0
211147_1080,0
211147_290850,0
211147_6755,0
211147_277360,0
211148_173971,0
211148_213095,1
211148_223734,0
211148_167345,1
211148_116324,0
211148_37417,1
211150_257478,1
211150_243634,0
211150_230333,0
211150_109203,1
211150_80328,0
211150_84528,0
211151_255191,1
211151_18152,1
211151_209852,1
211151_133594,1
211151_211659,0
211151_271070,1
211153_214856,1
211153_248766,0
211153_61826,0
211153_153790,0
211153_27705,0
211153_249441,0
211155_64133,1
211155_222199,0
211155_111696,0
211155_12922,0
211155_44046,0
211155_151401,1
211159_176480,1
211159_293730,0
211159_176506,1
211159_17882,1
211159_45302,1
211159_249032,1
211161_65304,1
211161_81758,1
211161_9823,1
211161_110426,1
211161_125614,0
211161_150186,1
211163_51081,0
211163_33827,0
211163_86433,0
211163_134510,0
211163_29339,0
211163_270339,0
211165_53635,1
211165_110764,0
211165_198530,1
211165_123060,0
211165_20564,1
211165_54242,0
211171_4884,1
211171_196660,1
211171_117816,1
211171_271496,1
211171_50248,1
211171_973,1
211172_269065,1
211172_110789,1
211172_184895,1
211172_1864,1
211172_259289,1
211172_140221,0
211173_92164,0
211173_246593,1
211173_243673,0
211173_119355,0
211173_267471,0
211173_268388,0
211175_13343,0
211175_179053,1
211175_6991,0
211175_37467,1
211175_113576,1
211175_86171,1
211177_128192,0
211177_246966,1
211177_204267,0
211177_205438,0
211177_231050,0
211177_54378,1
211180_163482,0
211180_143892,1
211180_58978,0
211180_281862,0
211180_42666,0
211180_118922,0
211181_135693,0
211181_60599,1
211181_89156,1
211181_263957,1
211181_47083,0
211181_229894,1
211186_270749,1
211186_122933,1
211186_188838,1
211186_239829,1
211186_195923,0
211186_178133,1
211187_228468,0
211187_54183,0
211187_59158,1
211187_29768,0
211187_65002,1
211187_98681,0
211190_143957,0
211190_133906,0
211190_228105,0
211190_250296,0
211190_140360,0
211190_92758,0
211191_268940,0
211191_230519,1
211191_159159,0
211191_33774,1
211191_108044,0
211191_118948,1
211192_114682,1
211192_241810,1
211192_34579,0
211192_270143,1
211192_51286,1
211192_167379,0
211194_169137,0
211194_41142,1
211194_59538,0
211194_194803,1
211194_63485,0
211194_279169,1
211206_185072,1
211206_232758,0
211206_110099,0
211206_75105,1
211206_224723,1
211206_90219,0
211209_110099,1
211209_134475,1
211209_221018,1
211209_143673,0
211209_163853,1
211209_39623,1
211210_207239,0
211210_249929,0
211210_51805,1
211210_166861,0
211210_188137,1
211210_38543,1
211211_150712,1
211211_289192,1
211211_142764,0
211211_89641,1
211211_50150,0
211211_248723,1
211215_233966,0
211215_71272,0
211215_83168,0
211215_92030,0
211215_44951,0
211215_101780,0
211216_263438,0
211216_3516,0
211216_167673,0
211216_80916,0
211216_13316,0
211216_47084,0
211217_212226,1
211217_209776,0
211217_212782,0
211217_235311,1
211217_132290,0
211217_145397,0
211218_88069,0
211218_20818,1
211218_208800,0
211218_39063,1
211218_269153,0
211218_239516,0
211220_212331,1
211220_15463,0
211220_83093,1
211220_100522,0
211220_126448,1
211220_113224,0
211221_233805,1
211221_60074,1
211221_286979,0
211221_215339,1
211221_189306,1
211221_166592,1
211223_290482,0
211223_221250,1
211223_93143,1
211223_191060,1
211223_111718,1
211223_60428,1
211225_128032,1
211225_269551,1
211225_27929,0
211225_150250,0
211225_169652,1
211225_267934,1
211229_34084,1
211229_75391,0
211229_24216,1
211229_279759,0
211229_259824,1
211229_133769,1
211231_59006,1
211231_284603,0
211231_71132,1
211231_230161,1
211231_139795,1
211231_28615,1
211232_265278,1
211232_126448,1
211232_232143,0
211232_31714,1
211232_80916,1
211232_236914,1
211237_87732,1
211237_45302,1
211237_191388,1
211237_290959,1
211237_8595,1
211237_139157,1
211244_140019,1
211244_280405,1
211244_10133,1
211244_252608,1
211244_11278,0
211244_25794,1
211245_150430,1
211245_126867,0
211245_231282,0
211245_254625,1
211245_177964,1
211245_21493,1
211246_217557,1
211246_206527,1
211246_113702,1
211246_229564,0
211246_278854,1
211246_12419,0
211247_81522,1
211247_194953,0
211247_148294,1
211247_8456,0
211247_264901,1
211247_45956,0
211249_125198,0
211249_76477,0
211249_30925,0
211249_102456,0
211249_40814,0
211249_10206,0
211251_171776,1
211251_244596,1
211251_217557,1
211251_292852,1
211251_181149,1
211251_199533,0
211255_117664,0
211255_35571,1
211255_273520,1
211255_279283,0
211255_170398,0
211255_151268,1
211256_97396,1
211256_149602,0
211256_165361,0
211256_110205,0
211256_210441,1
211256_44007,1
211257_118780,0
211257_28168,1
211257_216698,1
211257_269227,1
211257_137720,1
211257_60913,1
211260_290158,0
211260_267297,0
211260_10168,1
211260_206044,1
211260_1333,0
211260_24547,0
211261_266202,1
211261_31116,0
211261_103239,0
211261_32337,1
211261_40741,1
211261_81026,0
211262_40055,0
211262_959,1
211262_222742,0
211262_166928,1
211262_239948,0
211262_96773,1
211263_86474,0
211263_85273,0
211263_284415,0
211263_160632,0
211263_47272,0
211263_36232,0
211267_47528,1
211267_192290,1
211267_294467,1
211267_92570,1
211267_80308,0
211267_291238,1
211268_249091,1
211268_139002,0
211268_110171,0
211268_171373,0
211268_160577,1
211268_269223,0
211271_177754,1
211271_125358,1
211271_198197,1
211271_82632,1
211271_216947,0
211271_145624,1
211276_138822,0
211276_260399,0
211276_3560,0
211276_212260,0
211276_173978,0
211276_37865,0
211277_16987,1
211277_219182,0
211277_126862,0
211277_183152,1
211277_263326,0
211277_61948,1
211281_5282,1
211281_186289,0
211281_21741,1
211281_226812,1
211281_215217,1
211281_23822,1
211285_265662,0
211285_243829,1
211285_47618,0
211285_21868,1
211285_70179,1
211285_218523,0
211287_192304,0
211287_243904,1
211287_122442,1
211287_149930,1
211287_182975,0
211287_171366,0
211289_213048,0
211289_67385,0
211289_7055,0
211289_8229,1
211289_55045,1
211289_89826,1
211291_21911,1
211291_261137,1
211291_263556,1
211291_200293,0
211291_15839,0
211291_290955,0
211293_271002,0
211293_247257,1
211293_133785,1
211293_125452,0
211293_39757,0
211293_103502,1
211297_194250,1
211297_22657,1
211297_272374,0
211297_27774,1
211297_224875,0
211297_264129,1
211304_156832,1
211304_130606,0
211304_125105,1
211304_250047,0
211304_236013,0
211304_273876,0
211305_192250,1
211305_282588,1
211305_61349,0
211305_140585,1
211305_223761,0
211305_205620,1
211306_42334,1
211306_110546,0
211306_82766,1
211306_271794,1
211306_129846,1
211306_148270,1
211308_96378,1
211308_114881,0
211308_145626,0
211308_109132,1
211308_177526,0
211308_50778,0
211309_136989,1
211309_284365,1
211309_219959,0
211309_36256,1
211309_224515,1
211309_30449,1
211310_48282,0
211310_168879,1
211310_244493,0
211310_17764,0
211310_190243,0
211310_100557,1
211313_52617,1
211313_196987,1
211313_254542,0
211313_24927,1
211313_224337,1
211313_73517,0
211314_149859,0
211314_98681,0
211314_109055,0
211314_162777,0
211314_26170,0
211314_293108,0
211316_5888,1
211316_172450,0
211316_260359,0
211316_32989,1
211316_90962,1
211316_106719,0
211318_279081,1
211318_185423,1
211318_159005,1
211318_85625,1
211318_115810,1
211318_150391,0
211319_74622,1
211319_75285,1
211319_147903,1
211319_188312,1
211319_46992,1
211319_234056,0
211320_216324,1
211320_109362,0
211320_49997,1
211320_112644,0
211320_186017,0
211320_279728,1
211321_266168,1
211321_7221,0
211321_179628,0
211321_204859,0
211321_276615,1
211321_222165,0
211322_268388,1
211322_77048,0
211322_67942,1
211322_31243,0
211322_244608,0
211322_52107,0
211324_123546,1
211324_233293,1
211324_9308,1
211324_117755,0
211324_83672,0
211324_288857,1
211325_9297,1
211325_234984,0
211325_254092,1
211325_197217,0
211325_293656,0
211325_53925,1
211327_124712,0
211327_158421,0
211327_277989,0
211327_158856,0
211327_95721,0
211327_88413,0
211328_112740,1
211328_291785,1
211328_268974,1
211328_121043,1
211328_150313,0
211328_82376,0
211333_157655,0
211333_250872,1
211333_126811,1
211333_41146,1
211333_122862,1
211333_63298,1
211335_98640,0
211335_96424,0
211335_137084,1
211335_121299,0
211335_55252,0
211335_52123,0
211337_59793,0
211337_200574,0
211337_222344,0
211337_228070,0
211337_175107,0
211337_152212,0
211341_38543,1
211341_57036,1
211341_21548,1
211341_74191,0
211341_44242,0
211341_261899,0
211342_273540,0
211342_127339,1
211342_207449,0
211342_287460,0
211342_267639,0
211342_147585,0
211348_125893,1
211348_187104,0
211348_6173,1
211348_227697,1
211348_241914,0
211348_280924,0
211350_214631,1
211350_66359,1
211350_174636,1
211350_189775,1
211350_63471,1
211350_252612,1
211355_221175,0
211355_101201,0
211355_48566,0
211355_273745,0
211355_141965,0
211355_81154,0
211356_46258,0
211356_106882,0
211356_278582,0
211356_210399,0
211356_198651,0
211356_111631,1
211357_273001,0
211357_188301,0
211357_229916,0
211357_86404,0
211357_267557,0
211357_253231,0
211358_73402,0
211358_15405,1
211358_161474,1
211358_198699,1
211358_136646,0
211358_219934,1
211360_55695,1
211360_144707,0
211360_169945,1
211360_110149,1
211360_246842,1
211360_211004,1
211364_107292,0
211364_288895,1
211364_51465,1
211364_205996,1
211364_9197,0
211364_125669,1
211368_274798,0
211368_150618,0
211368_133893,1
211368_96774,1
211368_158186,1
211368_196401,0
211370_291238,0
211370_218916,1
211370_197352,1
211370_183376,0
211370_227912,1
211370_224327,0
211377_145184,0
211377_289170,0
211377_31300,1
211377_61371,0
211377_67711,1
211377_107707,1
211378_20062,1
211378_188639,1
211378_174207,0
211378_33791,0
211378_60074,1
211378_229015,0
211382_209967,1
211382_65071,1
211382_148028,0
211382_1754,0
211382_294586,1
211382_174713,0
211385_29981,1
211385_169575,1
211385_238977,1
211385_172184,1
211385_250851,1
211385_80256,1
211386_175113,0
211386_291071,1
211386_131564,0
211386_230677,0
211386_192136,0
211386_12647,0
211387_13641,1
211387_279014,1
211387_231030,1
211387_229714,1
211387_254626,1
211387_255065,1
211390_137860,0
211390_58923,0
211390_132561,0
211390_108981,0
211390_24748,0
211390_20214,0
211393_17372,1
211393_204462,1
211393_113826,1
211393_288329,1
211393_58976,1
211393_286684,1
211396_61288,1
211396_240299,1
211396_173423,1
211396_95800,1
211396_126998,0
211396_135020,0
211404_222443,1
211404_55182,0
211404_164865,0
211404_89655,0
211404_78910,1
211404_288329,1
211405_70886,0
211405_98597,1
211405_176499,1
211405_129672,1
211405_176506,1
211405_287313,1
211406_243037,1
211406_226887,0
211406_39693,1
211406_27661,1
211406_207752,0
211406_182466,0
211407_5030,1
211407_231194,0
211407_9115,1
211407_108,1
211407_70632,0
211407_137073,1
211409_265312,0
211409_256922,0
211409_240659,0
211409_244968,1
211409_293798,0
211409_267135,1
211412_227195,0
211412_52253,0
211412_74501,0
211412_70268,0
211412_178645,0
211412_273206,0
211413_169180,0
211413_83672,0
211413_183174,1
211413_96951,0
211413_100077,1
211413_162036,0
211416_56811,0
211416_133701,1
211416_250273,0
211416_24547,1
211416_178108,0
211416_214979,0
211418_108507,1
211418_257812,1
211418_66989,1
211418_278582,1
211418_67113,1
211418_101002,1
211419_150181,0
211419_207449,1
211419_223958,0
211419_186862,0
211419_9373,0
211419_177552,1
211420_95824,0
211420_259786,0
211420_253265,1
211420_228644,1
211420_288399,0
211420_215887,0
211421_99086,1
211421_62265,1
211421_275816,1
211421_49741,0
211421_100907,1
211421_220321,1
211423_176501,0
211423_219099,0
211423_24582,1
211423_163839,0
211423_114465,1
211423_86758,0
211425_275400,0
211425_63925,0
211425_225319,0
211425_8186,0
211425_8844,0
211425_239780,0
211430_102609,1
211430_121113,0
211430_203673,0
211430_70830,1
211430_101151,0
211430_236044,1
211431_173651,1
211431_121714,1
211431_294400,0
211431_56182,1
211431_134566,1
211431_142462,1
211434_6016,0
211434_162334,0
211434_113026,0
211434_214317,0
211434_55613,1
211434_70637,1
211442_228562,0
211442_93820,1
211442_46093,0
211442_218956,1
211442_201389,1
211442_80118,1
211445_150677,0
211445_97522,1
211445_142408,1
211445_286215,1
211445_273270,0
211445_37247,1
211446_284363,0
211446_5207,1
211446_120004,1
211446_172939,1
211446_212203,1
211446_21548,1
211450_48189,1
211450_24216,1
211450_211718,0
211450_6939,0
211450_171235,0
211450_230677,1
211452_200932,0
211452_267328,0
211452_48703,1
211452_266818,1
211452_41093,0
211452_218411,0
211455_83232,1
211455_48244,1
211455_279540,0
211455_193912,1
211455_212427,1
211455_75469,1
211456_246184,1
211456_175651,1
211456_133701,1
211456_18778,0
211456_25798,1
211456_126992,1
211458_216738,1
211458_232251,1
211458_69652,1
211458_115522,0
211458_47420,0
211458_23451,1
211465_90306,0
211465_111183,0
211465_143914,0
211465_123478,1
211465_122769,0
211465_88612,0
211467_133906,0
211467_189909,0
211467_157914,0
211467_75268,0
211467_249827,1
211467_234891,1
211468_130136,0
211468_221248,0
211468_260507,0
211468_291128,1
211468_266143,0
211468_154286,0
211469_53158,0
211469_59775,1
211469_166094,0
211469_291281,0
211469_218525,1
211469_275596,1
211470_193791,0
211470_105694,1
211470_220929,0
211470_273663,0
211470_126451,0
211470_257899,1
211471_280252,1
211471_281413,1
211471_126464,1
211471_117985,0
211471_276334,1
211471_51047,0
211473_251547,0
211473_59838,0
211473_187953,1
211473_246196,0
211473_217955,1
211473_236618,1
211475_208024,0
211475_243662,1
211475_33195,0
211475_12307,1
211475_215219,0
211475_149450,0
211476_22038,1
211476_293232,1
211476_79614,1
211476_137615,1
211476_10032,1
211476_247110,1
211478_88672,0
211478_211239,0
211478_38181,1
211478_111631,1
211478_230707,0
211478_72544,0
211479_262140,0
211479_123328,1
211479_186042,1
211479_164737,1
211479_88448,1
211479_294724,0
211480_219341,0
211480_221332,1
211480_263249,0
211480_5888,1
211480_82520,1
211480_200313,1
211487_203711,1
211487_164201,0
211487_31746,1
211487_139014,1
211487_251902,1
211487_240708,0
211490_227702,1
211490_266106,0
211490_35376,1
211490_292079,1
211490_54650,1
211490_224658,1
211492_194264,1
211492_26662,0
211492_83900,0
211492_34511,1
211492_14668,1
211492_186457,0
211494_218813,1
211494_290016,1
211494_209545,0
211494_140127,1
211494_118395,1
211494_288806,1
211497_50093,1
211497_60116,0
211497_20797,1
211497_148206,1
211497_227969,0
211497_260569,1
211498_87090,0
211498_60174,1
211498_237561,1
211498_247494,1
211498_188655,1
211498_239965,1
211500_216012,1
211500_260198,1
211500_264552,0
211500_5290,1
211500_28886,1
211500_261268,0
211502_123232,1
211502_30156,0
211502_107707,0
211502_159471,0
211502_110014,1
211502_93562,1
211509_262605,1
211509_68739,1
211509_248281,1
211509_44963,0
211509_98235,1
211509_92035,1
211510_39826,0
211510_276615,1
211510_3129,1
211510_62975,0
211510_127879,0
211510_255916,1
211511_277550,0
211511_277442,0
211511_178423,1
211511_45733,1
211511_205272,1
211511_236044,0
211513_264496,1
211513_72878,1
211513_59780,1
211513_166592,1
211513_220358,1
211513_95726,0
211516_247809,0
211516_96407,0
211516_32226,0
211516_16281,0
211516_267506,0
211516_90178,0
211519_130226,0
211519_125465,0
211519_225186,1
211519_129903,1
211519_68236,1
211519_160239,0
211523_74142,1
211523_194953,0
211523_188072,1
211523_262257,1
211523_152820,1
211523_280405,1
211524_110697,1
211524_129987,1
211524_42399,1
211524_197341,0
211524_166861,0
211524_262164,0
211525_293634,0
211525_150469,1
211525_239253,1
211525_1809,1
211525_106291,0
211525_66648,1
211528_164363,1
211528_12828,0
211528_99448,0
211528_37517,0
211528_273904,1
211528_6270,1
211530_149477,1
211530_182475,1
211530_257899,0
211530_127282,1
211530_73877,0
211530_178659,0
211533_40258,1
211533_8379,1
211533_42369,1
211533_70764,0
211533_184197,1
211533_73509,1
211534_134774,0
211534_179511,0
211534_90834,0
211534_99448,1
211534_157001,0
211534_195487,1
211537_13543,1
211537_128183,0
211537_271460,1
211537_6512,1
211537_161590,1
211537_129820,1
211538_152851,0
211538_222604,0
211538_60665,0
211538_121450,1
211538_224322,0
211538_118737,1
211542_139318,1
211542_176149,0
211542_271903,1
211542_289986,1
211542_112514,0
211542_236983,1
211544_215314,0
211544_146070,0
211544_98652,0
211544_203074,1
211544_13314,0
211544_140583,1
211545_119643,0
211545_121299,1
211545_209776,0
211545_133617,0
211545_166103,1
211545_186096,1
211547_119325,1
211547_60810,0
211547_37880,0
211547_138892,0
211547_133449,0
211547_40374,1
211548_109024,1
211548_231141,1
211548_203796,1
211548_290583,1
211548_161489,1
211548_634,1
211549_233221,0
211549_218238,1
211549_73043,1
211549_294612,0
211549_31936,0
211549_55252,1
211551_218301,0
211551_101562,0
211551_33163,1
211551_257922,1
211551_51122,0
211551_178153,1
211552_65957,0
211552_230811,0
211552_271351,1
211552_215034,1
211552_253218,1
211552_56154,0
211557_203948,1
211557_151220,1
211557_92761,1
211557_92449,1
211557_225472,1
211557_39717,0
211560_153386,0
211560_200863,1
211560_130580,1
211560_268716,1
211560_135822,1
211560_133966,0
211561_20825,0
211561_128078,1
211561_46698,1
211561_50410,1
211561_204462,1
211561_204488,1
211562_255048,1
211562_25107,1
211562_229468,1
211562_8959,0
211562_9464,1
211562_275682,0
211564_55866,1
211564_136428,0
211564_185252,1
211564_112502,1
211564_223542,1
211564_188589,1
211565_166288,1
211565_123815,1
211565_200132,1
211565_217308,1
211565_271188,0
211565_24556,0
211566_123542,0
211566_26029,1
211566_213134,0
211566_70447,0
211566_1199,0
211566_148053,0
211570_141656,0
211570_250947,1
211570_104483,1
211570_250851,0
211570_99536,1
211570_150250,1
211571_28753,1
211571_262715,0
211571_32596,0
211571_267088,0
211571_131194,1
211571_111505,0
211572_126308,1
211572_239089,1
211572_252799,0
211572_219902,1
211572_257745,0
211572_247532,0
211578_69344,0
211578_248491,0
211578_152095,1
211578_72718,0
211578_149971,0
211578_89630,0
211579_273996,0
211579_78047,0
211579_97408,0
211579_270547,1
211579_167268,1
211579_80284,1
211581_290233,0
211581_107922,0
211581_132263,1
211581_219726,0
211581_153399,1
211581_22992,0
211584_256724,0
211584_230260,1
211584_150186,0
211584_173506,0
211584_66359,1
211584_124178,0
211586_121370,0
211586_269085,0
211586_213259,0
211586_13477,0
211586_22728,0
211586_35037,0
211587_128531,0
211587_230019,1
211587_230910,1
211587_99343,0
211587_244009,0
211587_282084,1
211588_227523,0
211588_232332,0
211588_212755,1
211588_224197,0
211588_40994,0
211588_178356,1
211590_187314,1
211590_932,1
211590_89130,0
211590_127407,0
211590_167146,1
211590_228679,1
211591_169575,0
211591_219973,1
211591_170261,0
211591_254438,1
211591_278582,1
211591_258045,0
211593_150062,0
211593_33856,1
211593_142729,0
211593_282318,0
211593_273900,0
211593_152851,0
211596_23018,1
211596_225429,0
211596_227472,1
211596_66593,1
211596_105251,1
211596_294870,1
211598_95460,0
211598_172022,1
211598_295159,0
211598_103437,1
211598_92449,1
211598_162058,1
211601_34998,1
211601_56334,1
211601_221060,1
211601_222423,1
211601_268779,1
211601_31897,1
211603_279640,0
211603_133701,1
211603_34033,0
211603_81758,1
211603_147466,1
211603_194950,1
211608_123588,1
211608_42334,0
211608_57407,1
211608_61697,0
211608_139806,0
211608_175500,1
211611_27265,1
211611_3532,1
211611_228615,1
211611_204051,1
211611_32302,1
211611_250273,1
211618_20507,1
211618_71809,0
211618_4285,0
211618_211648,1
211618_179546,1
211618_232709,0
211619_121931,0
211619_204307,0
211619_91969,0
211619_185893,0
211619_173746,1
211619_64978,1
211620_138596,0
211620_160232,1
211620_24408,1
211620_139300,1
211620_286336,0
211620_161126,0
211624_164745,1
211624_248975,0
211624_35086,0
211624_179943,1
211624_175800,1
211624_268341,1
211630_140829,0
211630_145624,0
211630_142696,0
211630_193906,1
211630_23674,0
211630_74714,0
211632_106452,1
211632_9301,0
211632_11623,1
211632_145121,1
211632_134945,1
211632_182363,1
211633_213450,0
211633_187538,0
211633_10062,1
211633_127382,1
211633_118129,1
211633_38543,1
211639_123305,0
211639_134106,1
211639_283176,0
211639_43077,0
211639_59310,0
211639_246860,0
211640_193645,0
211640_259024,0
211640_130433,0
211640_66583,0
211640_34741,0
211640_85681,0
211642_261450,1
211642_190319,1
211642_89,1
211642_258863,1
211642_190154,1
211642_78187,0
211643_243895,1
211643_5440,1
211643_45219,0
211643_173257,1
211643_95934,0
211643_174743,1
211645_57429,1
211645_103506,0
211645_227720,1
211645_228197,0
211645_242044,0
211645_288404,1
211647_277360,1
211647_29894,1
211647_87090,1
211647_52852,1
211647_3569,1
211647_205714,1
211650_250273,1
211650_70637,1
211650_232322,1
211650_204565,1
211650_124086,1
211650_236347,1
211653_59325,0
211653_220396,0
211653_281033,1
211653_183637,1
211653_87090,0
211653_71455,0
211655_133594,0
211655_236056,0
211655_70431,0
211655_120734,0
211655_172779,0
211655_283715,0
211656_139729,0
211656_269065,0
211656_204462,0
211656_74162,1
211656_88885,1
211656_159601,0
211657_238891,0
211657_137370,1
211657_124845,1
211657_10717,1
211657_266131,0
211657_26384,1
211659_5198,0
211659_25107,1
211659_63855,1
211659_156913,0
211659_223865,1
211659_63248,0
211660_65938,1
211660_104207,1
211660_135415,0
211660_13641,1
211660_36257,0
211660_140612,1
211667_60681,1
211667_31024,1
211667_255048,0
211667_141921,1
211667_52953,0
211667_56544,0
211669_134845,1
211669_160151,1
211669_68236,1
211669_148072,1
211669_191403,1
211669_200982,1
211670_133701,1
211670_294449,0
211670_39072,1
211670_201191,0
211670_31305,1
211670_247020,0
211673_88399,0
211673_174191,1
211673_286329,1
211673_229987,0
211673_8289,1
211673_144278,0
211680_259513,0
211680_171755,1
211680_114346,0
211680_214856,1
211680_188093,1
211680_158413,0
211684_92292,1
211684_192375,0
211684_278582,1
211684_214587,0
211684_65150,1
211684_158660,0
211687_247578,0
211687_254015,0
211687_56525,0
211687_155597,0
211687_51481,0
211687_85325,0
211688_294573,0
211688_254395,1
211688_151534,1
211688_25269,1
211688_12289,1
211688_237367,1
211691_176821,1
211691_294289,1
211691_50106,1
211691_39079,0
211691_134681,0
211691_88833,1
211693_66550,1
211693_171575,1
211693_176759,1
211693_227689,1
211693_128307,1
211693_104928,1
211705_204782,0
211705_295502,0
211705_270559,1
211705_275159,1
211705_77735,1
211705_256649,0
211706_261145,0
211706_18481,0
211706_104207,1
211706_163189,1
211706_148821,1
211706_247968,1
211707_129836,1
211707_21265,1
211707_52063,1
211707_102910,1
211707_156375,1
211707_265807,1
211708_105632,1
211708_195854,0
211708_178612,0
211708_154016,1
211708_225130,0
211708_191694,0
211714_153275,1
211714_34398,0
211714_61541,0
211714_121784,0
211714_278606,1
211714_239180,1
211715_214897,1
211715_204190,1
211715_146575,1
211715_52855,1
211715_165847,1
211715_85064,0
211717_28401,0
211717_225472,0
211717_118998,0
211717_175202,0
211717_254972,0
211717_200074,0
211721_226620,0
211721_283085,1
211721_178546,0
211721_153325,1
211721_116227,0
211721_100291,0
211725_286597,0
211725_91526,0
211725_162627,0
211725_207717,1
211725_62906,1
211725_229248,0
211726_77246,1
211726_188408,1
211726_129904,0
211726_201673,0
211726_104620,0
211726_187566,1
211731_16374,0
211731_286001,1
211731_232563,1
211731_164764,0
211731_67942,1
211731_145200,1
211733_16188,1
211733_189246,1
211733_129274,0
211733_250473,1
211733_47008,1
211733_75425,0
211735_31317,1
211735_103802,1
211735_131564,0
211735_8544,0
211735_97925,1
211735_76124,0
211736_101812,1
211736_263650,0
211736_123209,1
211736_116092,0
211736_8665,1
211736_34478,1
211740_143081,1
211740_229894,1
211740_105828,1
211740_127326,0
211740_168,1
211740_160150,1
211741_22090,0
211741_193696,0
211741_52588,0
211741_227563,0
211741_54636,0
211741_171649,0
211746_128680,0
211746_281436,0
211746_42460,1
211746_80165,0
211746_93088,1
211746_149911,1
211752_140334,0
211752_226095,1
211752_56437,1
211752_29666,0
211752_12647,1
211752_46225,1
211756_245961,1
211756_210456,0
211756_126992,1
211756_238868,0
211756_89764,0
211756_279629,1
211758_180387,1
211758_272575,1
211758_188352,0
211758_166118,0
211758_249930,0
211758_112961,0
211759_101372,0
211759_61615,0
211759_95345,1
211759_123222,0
211759_223611,1
211759_14250,0
211761_192250,0
211761_151926,1
211761_124875,0
211761_231206,0
211761_116180,1
211761_276120,0
211762_31880,0
211762_26525,0
211762_152929,0
211762_131192,1
211762_239183,1
211762_193035,0
211768_55618,0
211768_54921,0
211768_69377,1
211768_179502,1
211768_93636,1
211768_204804,1
211772_259918,1
211772_125944,1
211772_139784,0
211772_15984,1
211772_227458,1
211772_133593,1
211773_157713,0
211773_171419,1
211773_279422,0
211773_171151,0
211773_72193,0
211773_196660,1
211774_267382,0
211774_111020,0
211774_239819,1
211774_219794,0
211774_266596,0
211774_122930,0
211775_12683,0
211775_13495,1
211775_293211,0
211775_90821,0
211775_143565,0
211775_5791,1
211780_139425,0
211780_282855,0
211780_271100,0
211780_141738,1
211780_166203,1
211780_110651,0
211781_197858,0
211781_134160,1
211781_286346,0
211781_80454,1
211781_278727,1
211781_156307,0
211782_20968,0
211782_125210,0
211782_262693,0
211782_62665,0
211782_105030,0
211782_252799,0
211783_110333,1
211783_220478,1
211783_178645,1
211783_120398,1
211783_90567,1
211783_131564,1
211787_165206,0
211787_17605,1
211787_49426,0
211787_141772,0
211787_6116,0
211787_243806,1
211790_118835,1
211790_205676,0
211790_292308,0
211790_173021,0
211790_124349,0
211790_279105,0
211791_107137,1
211791_292494,1
211791_73557,1
211791_7917,1
211791_252291,0
211791_95726,1
211793_205329,1
211793_245658,1
211793_256193,0
211793_180634,1
211793_161719,1
211793_182910,1
211801_187348,1
211801_172812,1
211801_217557,1
211801_160569,1
211801_113179,0
211801_119569,1
211802_56334,0
211802_106892,1
211802_161381,0
211802_21593,0
211802_252312,1
211802_152518,0
211809_92995,1
211809_220358,1
211809_225494,1
211809_284109,0
211809_66741,1
211809_266714,0
211811_206582,0
211811_110483,1
211811_42062,1
211811_74714,0
211811_106131,0
211811_194562,1
211813_44251,1
211813_141834,0
211813_42359,0
211813_28591,1
211813_142039,0
211813_295703,1
211815_145912,0
211815_32529,0
211815_145503,1
211815_163762,0
211815_281406,1
211815_270004,0
211816_58789,0
211816_181438,0
211816_28680,0
211816_97820,1
211816_146661,1
211816_294067,1
211817_197975,1
211817_286290,0
211817_188655,0
211817_76321,0
211817_254036,1
211817_14666,0
211818_253548,0
211818_273386,0
211818_199132,1
211818_270446,1
211818_293337,1
211818_286867,0
211819_51788,1
211819_285019,1
211819_244349,1
211819_110391,1
211819_137585,1
211819_42033,1
211820_49270,0
211820_231680,1
211820_264746,1
211820_260626,1
211820_277960,0
211820_289182,0
211821_29479,0
211821_273755,0
211821_40609,0
211821_186399,0
211821_135778,0
211821_35490,1
211823_210679,1
211823_230358,1
211823_91563,0
211823_190099,1
211823_15833,0
211823_146804,1
211824_229053,0
211824_238425,1
211824_18392,1
211824_54690,1
211824_224654,1
211824_190969,1
211826_198314,1
211826_227594,0
211826_59887,0
211826_6645,1
211826_211717,1
211826_182044,0
211827_211324,0
211827_256589,1
211827_106604,1
211827_119355,0
211827_6463,0
211827_168222,0
211830_184250,0
211830_14042,1
211830_153606,1
211830_146288,1
211830_95580,1
211830_84104,1
211831_287,0
211831_79073,1
211831_161898,1
211831_5791,1
211831_287416,1
211831_154347,1
211836_232047,0
211836_163568,1
211836_286151,1
211836_42642,0
211836_278459,1
211836_78989,1
211838_263459,0
211838_78961,1
211838_26185,0
211838_28818,1
211838_74313,0
211838_218777,0
211839_135082,1
211839_58178,0
211839_186481,1
211839_1779,0
211839_278764,1
211839_242901,1
211840_59426,1
211840_104511,1
211840_156375,0
211840_32969,0
211840_82113,1
211840_87583,0
211843_117074,0
211843_209776,1
211843_10794,1
211843_106906,0
211843_210935,0
211843_181941,1
211844_40665,1
211844_282417,0
211844_283098,0
211844_75123,1
211844_293535,0
211844_15844,0
211847_51675,1
211847_97925,0
211847_244947,1
211847_153183,1
211847_90050,1
211847_47528,1
211850_126082,0
211850_279408,1
211850_274606,0
211850_83269,0
211850_293717,0
211850_72239,0
211852_102112,1
211852_40744,0
211852_145284,1
211852_138275,0
211852_281016,1
211852_140535,0
211862_193152,1
211862_225987,1
211862_42865,1
211862_33931,0
211862_30979,0
211862_12476,0
211868_181408,0
211868_151926,1
211868_276805,1
211868_154240,1
211868_261606,0
211868_133188,1
211869_230797,1
211869_101318,1
211869_263903,0
211869_97522,1
211869_23693,1
211869_219726,1
211870_169125,0
211870_275020,1
211870_226644,1
211870_293092,0
211870_282184,1
211870_121695,1
211874_207938,0
211874_61539,0
211874_55830,0
211874_34866,0
211874_43031,0
211874_23103,0
211875_10719,0
211875_12477,0
211875_255436,0
211875_192726,0
211875_133601,0
211875_112631,0
211878_30498,0
211878_168127,1
211878_117949,1
211878_169455,0
211878_72790,0
211878_284406,0
211880_153900,0
211880_104302,0
211880_208024,0
211880_125863,1
211880_96935,1
211880_81902,1
211884_145482,1
211884_194069,1
211884_116087,1
211884_271459,0
211884_68473,1
211884_111098,1
211886_169845,0
211886_142747,1
211886_273400,1
211886_64382,0
211886_37042,1
211886_103766,0
211888_147920,1
211888_272575,1
211888_127129,1
211888_172876,1
211888_222034,0
211888_231008,1
211889_203152,1
211889_131564,1
211889_7342,1
211889_42872,0
211889_28948,0
211889_272491,1
211891_220914,0
211891_120207,0
211891_172745,0
211891_136664,0
211891_88612,0
211891_43110,0
211893_290014,0
211893_281016,1
211893_244947,1
211893_113252,1
211893_240581,0
211893_87732,1
211899_280249,1
211899_83184,0
211899_112449,0
211899_193069,1
211899_98509,1
211899_4634,1
211900_288758,0
211900_258910,0
211900_137794,1
211900_255032,0
211900_26847,1
211900_195730,0
211901_181408,0
211901_149502,1
211901_111748,1
211901_58076,1
211901_244616,0
211901_111279,1
211905_293823,1
211905_196136,1
211905_127419,1
211905_135993,1
211905_181361,1
211905_175176,1
211908_94055,0
211908_267297,1
211908_42677,1
211908_101017,0
211908_224840,1
211908_185243,0
211909_217319,0
211909_271403,1
211909_255945,0
211909_123781,1
211909_193427,0
211909_195870,1
211912_214734,1
211912_116307,1
211912_157304,0
211912_104422,1
211912_226439,1
211912_264835,1
211915_80572,0
211915_199231,0
211915_15705,0
211915_194106,0
211915_203014,0
211915_19760,0
211916_282105,1
211916_66439,1
211916_96832,0
211916_254863,1
211916_176862,0
211916_61633,1
211917_182621,1
211917_91294,1
211917_95547,0
211917_131956,0
211917_44934,0
211917_21392,0
211921_1937,0
211921_44222,0
211921_263801,1
211921_145554,1
211921_8244,1
211921_247100,1
211925_198231,0
211925_52855,1
211925_127563,1
211925_99958,0
211925_97007,0
211925_216082,1
211926_234618,0
211926_281068,0
211926_221421,0
211926_209371,1
211926_45935,1
211926_211766,1
211927_218527,0
211927_178029,0
211927_231127,0
211927_14719,0
211927_68624,0
211927_195223,0
211934_251963,0
211934_280433,0
211934_122157,1
211934_211848,1
211934_217557,1
211934_231680,0
211936_240150,0
211936_25354,1
211936_8247,1
211936_7841,1
211936_37517,1
211936_55412,1
211938_70569,1
211938_138515,1
211938_10335,1
211938_127884,0
211938_110494,1
211938_194209,1
211941_79147,1
211941_116810,1
211941_218868,1
211941_14994,1
211941_23138,1
211941_53848,0
211943_88142,1
211943_5977,0
211943_105609,0
211943_279656,1
211943_137128,1
211943_131194,1
211946_94478,1
211946_48707,0
211946_23906,1
211946_24954,0
211946_123520,1
211946_247210,1
211953_114195,1
211953_226946,1
211953_94081,0
211953_169125,0
211953_133906,1
211953_285559,1
211956_30742,1
211956_42375,1
211956_125420,1
211956_54217,1
211956_260780,1
211956_172420,1
211960_89066,1
211960_163833,0
211960_244372,0
211960_43473,1
211960_264248,0
211960_132395,1
211962_204259,1
211962_84102,1
211962_173513,1
211962_256229,1
211962_199310,1
211962_138809,0
211963_260303,1
211963_143047,1
211963_257309,0
211963_141921,1
211963_99786,0
211963_86266,1
211970_90637,0
211970_103861,0
211970_258706,0
211970_210679,1
211970_110014,1
211970_91526,1
211972_149191,0
211972_48172,0
211972_12038,0
211972_62041,0
211972_111500,0
211972_166592,0
211975_7325,1
211975_76047,1
211975_45724,1
211975_56848,0
211975_9823,0
211975_286047,1
211976_237727,1
211976_272356,1
211976_109899,1
211976_150748,1
211976_31230,1
211976_81445,1
211978_68044,1
211978_103861,0
211978_269938,1
211978_187188,1
211978_86338,1
211978_109667,1
211981_47306,0
211981_137721,0
211981_171408,0
211981_173488,0
211981_190774,0
211981_187771,0
211984_114465,0
211984_144325,1
211984_192017,0
211984_153923,0
211984_5888,1
211984_153606,1
211987_224222,0
211987_112449,1
211987_14638,1
211987_72718,1
211987_54921,1
211987_205524,0
211988_52670,1
211988_264668,1
211988_272575,1
211988_275809,0
211988_226401,1
211988_54690,0
211993_182663,1
211993_273520,1
211993_83385,0
211993_84325,0
211993_112936,0
211993_117980,0
211999_173863,0
211999_213865,0
211999_91774,1
211999_59720,1
211999_212782,0
211999_14339,0
212003_129467,1
212003_252858,1
212003_292945,1
212003_205018,1
212003_65494,1
212003_176676,1
212007_240430,0
212007_17794,0
212007_296020,1
212007_233008,0
212007_117898,0
212007_144357,0
212011_231282,1
212011_16374,0
212011_185164,0
212011_73557,1
212011_52670,1
212011_234857,0
212012_47286,0
212012_252174,0
212012_269227,0
212012_174318,0
212012_208267,0
212012_273209,0
212014_136453,1
212014_44675,1
212014_16097,1
212014_38320,1
212014_209370,1
212014_28998,1
212015_228783,1
212015_49239,0
212015_20124,1
212015_66408,1
212015_240231,0
212015_162293,1
212018_127458,0
212018_111754,0
212018_75833,0
212018_144251,0
212018_35663,1
212018_55871,1
212023_114050,0
212023_2684,1
212023_280823,0
212023_81321,1
212023_68381,1
212023_193341,1
212024_74688,0
212024_21419,0
212024_121190,0
212024_188147,0
212024_21633,0
212024_250816,0
212025_42907,0
212025_141810,0
212025_15596,1
212025_191458,1
212025_105212,0
212025_281844,0
212028_16043,0
212028_182869,1
212028_191051,0
212028_199742,1
212028_173804,1
212028_161039,1
212031_203836,1
212031_266225,1
212031_235427,0
212031_158908,0
212031_163106,1
212031_64394,0
212032_149723,1
212032_244907,1
212032_56023,1
212032_89403,1
212032_277054,1
212032_939,0
212034_250753,0
212034_267557,0
212034_92498,0
212034_98818,0
212034_176916,0
212034_86038,0
212035_50889,0
212035_119743,0
212035_295508,0
212035_132961,0
212035_125164,0
212035_62218,0
212037_2750,0
212037_216756,0
212037_258673,0
212037_197987,0
212037_219099,0
212037_715,1
212039_44052,0
212039_6507,0
212039_14666,0
212039_94829,0
212039_195739,1
212039_106968,0
212040_252711,0
212040_74622,0
212040_12650,0
212040_261612,0
212040_134877,0
212040_32686,0
212041_261157,1
212041_108780,1
212041_15429,1
212041_151311,1
212041_27623,1
212041_177552,1
212044_271416,1
212044_283966,1
212044_131155,0
212044_14303,1
212044_230319,1
212044_185547,1
212045_35947,0
212045_161112,1
212045_224384,0
212045_150712,1
212045_65220,0
212045_199521,0
212046_90712,1
212046_62106,0
212046_270511,0
212046_245984,1
212046_203711,1
212046_142340,0
212047_35333,1
212047_21332,1
212047_129308,1
212047_90705,1
212047_3687,0
212047_218696,1
212049_199504,1
212049_273436,0
212049_156653,1
212049_132344,0
212049_213584,1
212049_102866,1
212050_292605,0
212050_97256,0
212050_268933,0
212050_31300,1
212050_236695,1
212050_28435,1
212051_11437,0
212051_180533,1
212051_123326,1
212051_145960,1
212051_177914,0
212051_218956,1
212053_244657,1
212053_113798,0
212053_25107,0
212053_266657,0
212053_268974,1
212053_137237,0
212054_238848,1
212054_254749,0
212054_187377,1
212054_41535,1
212054_71121,0
212054_238101,1
212055_167345,1
212055_10525,0
212055_98681,1
212055_207194,1
212055_135741,0
212055_99100,0
212057_211324,0
212057_42375,0
212057_45668,1
212057_207471,0
212057_127647,0
212057_46036,0
212063_213342,1
212063_34188,1
212063_44484,1
212063_273209,1
212063_51523,0
212063_231506,1
212067_134456,1
212067_294134,0
212067_49783,0
212067_13796,1
212067_151916,0
212067_101856,0
212070_225052,0
212070_52572,1
212070_177555,1
212070_248267,0
212070_153183,1
212070_282237,1
212071_225105,0
212071_47863,1
212071_200914,0
212071_271083,1
212071_70174,1
212071_229894,1
212072_53702,0
212072_275129,1
212072_21140,0
212072_104207,0
212072_58443,1
212072_284573,0
212073_84049,0
212073_289330,0
212073_270814,1
212073_195839,1
212073_16384,0
212073_85427,0
212076_250533,0
212076_40847,0
212076_241698,1
212076_285322,1
212076_189129,0
212076_244404,1
212082_286482,1
212082_86212,1
212082_215223,1
212082_163189,0
212082_119064,1
212082_8244,1
212083_78217,1
212083_153442,1
212083_189532,0
212083_141586,0
212083_202385,0
212083_13822,1
212086_103139,0
212086_141836,1
212086_137319,0
212086_10633,1
212086_119772,1
212086_103870,0
212092_196723,1
212092_72225,1
212092_150215,1
212092_17302,1
212092_272464,1
212092_265890,0
212094_209582,0
212094_261612,0
212094_29433,0
212094_213503,1
212094_49288,1
212094_178025,1
212097_226194,0
212097_97151,0
212097_199352,1
212097_220024,1
212097_158931,0
212097_122933,1
212102_152941,1
212102_20797,1
212102_209306,1
212102_246372,0
212102_100889,1
212102_152491,1
212104_294821,0
212104_217557,0
212104_118847,1
212104_294536,0
212104_68162,0
212104_233118,1
212105_192250,1
212105_25718,0
212105_275691,1
212105_195668,0
212105_10877,0
212105_61187,1
212106_53880,0
212106_126692,1
212106_246932,1
212106_87671,1
212106_173007,0
212106_87021,1
212108_125536,1
212108_130023,1
212108_207769,1
212108_255988,1
212108_221116,0
212108_43908,1
212110_116166,1
212110_231859,1
212110_40374,1
212110_231819,1
212110_72517,1
212110_12020,1
212112_132126,0
212112_200432,1
212112_100919,1
212112_28495,0
212112_202303,0
212112_287260,1
212113_275816,1
212113_131474,1
212113_129601,1
212113_238961,1
212113_145711,0
212113_108780,1
212114_183123,1
212114_153606,1
212114_10003,0
212114_114800,0
212114_172257,1
212114_63117,1
212115_269171,1
212115_154755,0
212115_56334,1
212115_11781,1
212115_292341,1
212115_205311,1
212120_209629,1
212120_46629,1
212120_287168,1
212120_225510,1
212120_268689,1
212120_181408,0
212121_218495,1
212121_44788,0
212121_228011,0
212121_255581,0
212121_284909,0
212121_75079,0
212123_77050,0
212123_71455,0
212123_105828,1
212123_116413,0
212123_86350,0
212123_139163,1
212124_57164,0
212124_277011,0
212124_257780,0
212124_64836,0
212124_234345,1
212124_4524,1
212126_104630,0
212126_263118,0
212126_208873,1
212126_123398,1
212126_268580,1
212126_23352,1
212127_47402,1
212127_90326,0
212127_155014,0
212127_140546,1
212127_186572,1
212127_279073,0
212132_72517,1
212132_239570,1
212132_268388,0
212132_72035,1
212132_190658,0
212132_66550,1
212137_44281,1
212137_235654,0
212137_185033,0
212137_95318,1
212137_147528,0
212137_207963,1
212138_237763,1
212138_191859,1
212138_136910,0
212138_87047,1
212138_110179,1
212138_15541,1
212139_22728,1
212139_201222,1
212139_51034,1
212139_255142,1
212139_62404,0
212139_290628,0
212140_273622,1
212140_210881,0
212140_231332,0
212140_92817,0
212140_1039,1
212140_57774,1
212143_83136,1
212143_290809,1
212143_126638,0
212143_88744,1
212143_119605,0
212143_206515,0
212146_217773,0
212146_188073,0
212146_217421,0
212146_120054,0
212146_73203,1
212146_263043,0
212147_70139,0
212147_216012,0
212147_64884,0
212147_123373,1
212147_2794,0
212147_70268,1
212152_87423,0
212152_231815,0
212152_195669,1
212152_239498,1
212152_291238,0
212152_275816,1
212155_54148,0
212155_124577,0
212155_155964,1
212155_58026,1
212155_251692,1
212155_228560,1
212158_9801,0
212158_180177,0
212158_243020,0
212158_296020,1
212158_148406,0
212158_36437,1
212159_72197,0
212159_230358,1
212159_203860,1
212159_26712,1
212159_249471,0
212159_163853,1
212160_113212,1
212160_246130,1
212160_225426,0
212160_127195,1
212160_287498,0
212160_238637,1
212161_78157,1
212161_72621,0
212161_128756,1
212161_9422,1
212161_85777,1
212161_52202,1
212163_246135,0
212163_8542,1
212163_213274,0
212163_225744,0
212163_46262,1
212163_72953,1
212164_287306,1
212164_221294,1
212164_87887,1
212164_23642,1
212164_33254,1
212164_113707,0
212165_240854,1
212165_225874,1
212165_15304,1
212165_228605,1
212165_258761,0
212165_111151,0
212168_104542,1
212168_77301,0
212168_38303,0
212168_2538,1
212168_119355,0
212168_52617,1
212177_281225,0
212177_37880,1
212177_80308,0
212177_270541,0
212177_64402,0
212177_77175,0
212178_152182,1
212178_54154,1
212178_214979,1
212178_261556,1
212178_203952,0
212178_143734,1
212179_272763,0
212179_87780,0
212179_264152,0
212179_1949,1
212179_125893,1
212179_278582,0
212182_194992,0
212182_139228,0
212182_75053,0
212182_82294,1
212182_253467,1
212182_271728,1
212187_146361,0
212187_98774,0
212187_87423,0
212187_5185,0
212187_218155,0
212187_219084,0
212190_113002,0
212190_1139,1
212190_55953,1
212190_132263,1
212190_44561,0
212190_122483,0
212194_159373,0
212194_15798,1
212194_183592,1
212194_8045,1
212194_263281,0
212194_14501,1
212200_283793,1
212200_253463,0
212200_162068,1
212200_173550,1
212200_125861,1
212200_56705,1
212201_294541,1
212201_75813,1
212201_100688,1
212201_95684,0
212201_171609,0
212201_1562,1
212204_169325,1
212204_270004,1
212204_159077,0
212204_269483,1
212204_76439,0
212204_56437,1
212207_211153,0
212207_136744,1
212207_294540,1
212207_157492,0
212207_132533,1
212207_128541,0
212212_169265,0
212212_143734,1
212212_178008,1
212212_71685,1
212212_105045,1
212212_224508,1
212213_63104,0
212213_139745,1
212213_35367,1
212213_214045,1
212213_94915,1
212213_99448,1
212217_185900,0
212217_164305,1
212217_72281,0
212217_107271,1
212217_20818,1
212217_70171,1
212218_258916,1
212218_34398,0
212218_51234,1
212218_238328,1
212218_24992,0
212218_11480,0
212221_203028,1
212221_207659,1
212221_218112,1
212221_272078,1
212221_52044,1
212221_103722,0
212223_48874,0
212223_81750,1
212223_230900,0
212223_129117,0
212223_125357,0
212223_2129,1
212226_136736,0
212226_68317,0
212226_294181,1
212226_25226,0
212226_291190,1
212226_5696,1
212228_249251,1
212228_47420,0
212228_100076,0
212228_197349,1
212228_218509,1
212228_241376,0
212230_237561,1
212230_145730,1
212230_201442,1
212230_29963,1
212230_35843,0
212230_225329,1
212234_217037,0
212234_137371,0
212234_42375,0
212234_277867,1
212234_83093,1
212234_239143,1
212241_76816,0
212241_145730,1
212241_85642,1
212241_232343,0
212241_192661,0
212241_149812,0
212248_153139,1
212248_50106,0
212248_274709,1
212248_213569,1
212248_3606,1
212248_182717,0
212251_78715,0
212251_30332,0
212251_253028,1
212251_237681,0
212251_261335,0
212251_248363,0
212252_269382,0
212252_293108,0
212252_225847,1
212252_64402,1
212252_237367,0
212252_160048,1
212262_101201,1
212262_4027,1
212262_89466,0
212262_99688,0
212262_62799,1
212262_294350,0
212263_96755,1
212263_7188,0
212263_276415,1
212263_156913,1
212263_24992,0
212263_163570,0
212265_6991,1
212265_135776,0
212265_99776,1
212265_103806,0
212265_44585,0
212265_187538,1
212266_292185,0
212266_181272,0
212266_102735,1
212266_274308,0
212266_229916,1
212266_58010,1
212270_242598,1
212270_272575,0
212270_127818,0
212270_98748,0
212270_67275,0
212270_290676,0
212275_133879,0
212275_47677,1
212275_46756,1
212275_178939,1
212275_280405,0
212275_233102,1
212278_200454,0
212278_103791,1
212278_133564,0
212278_80992,1
212278_53887,0
212278_29894,1
212287_185080,0
212287_283022,1
212287_120734,1
212287_144251,1
212287_59870,0
212287_103351,1
212288_279219,1
212288_102978,1
212288_159787,1
212288_167873,1
212288_114506,0
212288_293798,0
212289_291451,1
212289_6507,1
212289_204733,0
212289_215325,1
212289_99050,0
212289_96679,1
212291_114376,1
212291_281082,0
212291_72875,1
212291_81522,1
212291_50702,1
212291_204267,1
212292_225319,0
212292_137370,1
212292_257459,1
212292_159946,1
212292_145624,0
212292_86001,1
212293_153085,0
212293_55677,0
212293_107117,0
212293_97925,0
212293_165363,0
212293_236120,0
212294_88448,1
212294_170111,1
212294_74296,1
212294_171864,1
212294_29224,1
212294_294233,1
212295_193774,1
212295_95924,0
212295_263011,1
212295_188838,1
212295_15168,1
212295_155546,0
212296_108780,1
212296_86034,1
212296_226946,0
212296_78857,1
212296_245613,0
212296_220024,0
212297_49208,0
212297_232498,0
212297_38708,1
212297_99052,1
212297_1139,1
212297_112669,1
212300_235428,0
212300_77310,0
212300_103458,0
212300_193475,1
212300_289911,1
212300_64333,0
212303_32651,1
212303_137682,0
212303_267145,1
212303_184197,0
212303_92771,0
212303_217381,1
212304_278638,1
212304_41018,1
212304_226946,0
212304_290794,0
212304_222351,0
212304_25244,1
212307_219422,0
212307_177526,0
212307_254382,0
212307_239604,0
212307_214841,1
212307_35669,1
212308_154584,0
212308_16942,0
212308_96378,1
212308_52881,0
212308_78345,1
212308_134743,0
212319_169899,1
212319_256695,1
212319_164992,0
212319_41100,0
212319_70464,0
212319_181167,1
212322_142075,1
212322_269070,1
212322_263062,1
212322_290850,1
212322_78157,1
212322_293408,1
212326_153923,0
212326_96031,1
212326_214296,1
212326_36020,0
212326_10644,1
212326_156293,0
212328_226889,0
212328_215000,0
212328_10206,1
212328_199905,1
212328_295221,0
212328_69510,1
212329_85777,0
212329_129867,1
212329_166959,0
212329_109,1
212329_154679,0
212329_24752,1
212330_181066,1
212330_260433,0
212330_103791,1
212330_237935,1
212330_141599,1
212330_162407,0
212336_257330,0
212336_85540,0
212336_190099,0
212336_67906,0
212336_130741,1
212336_295221,1
212338_92233,0
212338_247441,0
212338_113233,0
212338_131498,0
212338_226889,0
212338_270454,0
212339_102449,0
212339_257957,0
212339_66359,0
212339_269939,0
212339_225781,1
212339_90509,0
212341_250784,1
212341_209370,1
212341_118216,0
212341_246970,1
212341_14876,0
212341_24050,1
212342_26406,1
212342_151552,1
212342_195956,0
212342_103242,0
212342_242397,1
212342_8055,0
212343_104477,1
212343_115667,0
212343_157639,0
212343_177855,1
212343_138410,1
212343_59466,0
212345_171830,0
212345_28110,0
212345_168244,0
212345_103695,0
212345_269907,1
212345_286440,0
212347_229714,1
212347_266391,0
212347_92711,1
212347_95245,1
212347_268444,1
212347_236044,0
212350_146446,0
212350_53330,0
212350_208572,1
212350_229940,1
212350_295659,1
212350_30378,0
212354_35996,1
212354_104542,1
212354_3996,1
212354_226836,1
212354_277843,1
212354_271488,1
212356_65414,0
212356_113437,0
212356_199921,1
212356_20206,1
212356_272314,0
212356_19411,1
212358_112760,0
212358_133594,0
212358_199905,0
212358_88612,1
212358_108342,1
212358_122096,1
212361_159580,0
212361_231025,0
212361_42033,1
212361_42639,1
212361_148821,1
212361_119355,0
212363_71574,1
212363_8669,1
212363_287949,1
212363_59870,1
212363_206527,1
212363_191327,1
212367_92482,0
212367_32766,1
212367_233237,1
212367_50649,0
212367_106166,0
212367_170625,0
212368_74296,1
212368_269641,0
212368_62044,0
212368_152033,1
212368_72875,0
212368_170330,1
212370_293300,1
212370_85988,0
212370_188676,1
212370_203604,0
212370_21657,1
212370_60445,0
212371_116743,0
212371_124640,1
212371_73557,0
212371_29214,0
212371_99629,0
212371_178024,1
212374_263499,1
212374_288790,0
212374_54469,0
212374_122589,1
212374_120158,1
212374_268329,0
212375_272522,0
212375_269901,1
212375_229916,1
212375_283916,0
212375_87744,1
212375_101013,0
212376_109404,1
212376_41728,0
212376_144357,0
212376_157650,1
212376_128227,1
212376_36734,0
212377_39791,1
212377_20925,0
212377_252127,1
212377_38168,0
212377_97522,0
212377_57649,0
212378_164025,0
212378_42473,1
212378_223426,1
212378_107322,1
212378_104542,1
212378_86340,1
212380_188408,1
212380_78192,0
212380_51264,1
212380_146336,1
212380_92791,1
212380_82782,0
212381_136234,1
212381_249466,1
212381_54076,0
212381_144551,0
212381_42646,1
212381_130097,0
212382_206777,1
212382_107331,0
212382_262121,1
212382_17022,0
212382_266720,1
212382_134877,1
212383_130614,0
212383_280055,1
212383_62166,0
212383_82365,0
212383_207699,1
212383_170109,1
212386_75833,1
212386_72035,1
212386_10174,1
212386_153565,1
212386_144424,0
212386_295703,0
212387_275729,0
212387_135466,0
212387_270394,0
212387_38287,1
212387_136245,1
212387_61097,0
212388_103214,1
212388_152602,1
212388_166433,1
212388_72320,1
212388_15833,0
212388_288404,1
212393_43457,1
212393_76295,1
212393_132210,0
212393_32368,1
212393_188639,1
212393_55647,0
212396_210642,1
212396_99316,1
212396_103050,1
212396_4881,1
212396_41834,1
212396_124018,1
212400_152941,0
212400_153923,0
212400_85242,0
212400_216962,0
212400_89332,1
212400_224136,0
212402_93088,0
212402_101473,1
212402_215325,1
212402_267135,1
212402_197270,0
212402_51224,0
212405_203049,0
212405_27623,1
212405_136430,1
212405_244782,0
212405_102210,1
212405_64958,0
212406_245486,0
212406_266344,0
212406_247809,0
212406_138192,0
212406_266976,0
212406_40736,0
212412_155707,1
212412_158907,1
212412_1031,0
212412_247047,0
212412_50172,1
212412_144993,1
212413_222443,1
212413_163317,0
212413_220488,1
212413_163853,0
212413_94007,0
212413_205370,1
212416_69383,1
212416_84259,1
212416_196183,1
212416_197595,1
212416_250273,0
212416_19922,0
212421_40416,0
212421_31118,0
212421_244657,1
212421_89796,1
212421_285043,1
212421_276596,0
212422_139365,1
212422_33233,1
212422_152820,1
212422_250784,0
212422_210752,1
212422_117254,1
212423_159976,1
212423_58763,0
212423_178947,0
212423_23204,0
212423_138120,1
212423_96785,0
212424_272092,1
212424_182318,1
212424_112669,1
212424_12647,1
212424_97903,1
212424_52492,1
212425_185584,1
212425_282355,1
212425_222343,0
212425_236044,1
212425_65362,1
212425_82957,0
212430_269270,1
212430_95535,1
212430_123546,0
212430_192661,0
212430_250601,0
212430_107558,0
212433_110857,0
212433_35391,0
212433_129019,0
212433_250851,0
212433_125669,0
212433_31170,0
212434_8544,1
212434_260846,1
212434_133694,1
212434_254659,1
212434_116166,1
212434_238633,1
212436_213584,0
212436_196140,1
212436_92729,1
212436_77300,1
212436_102097,1
212436_35591,0
212437_248452,1
212437_118737,1
212437_63101,0
212437_171067,1
212437_249638,1
212437_194393,0
212441_287684,1
212441_90066,1
212441_61752,0
212441_198368,1
212441_30252,0
212441_120219,1
212445_225319,0
212445_271794,1
212445_105075,1
212445_140019,1
212445_92969,0
212445_205656,1
212446_285658,1
212446_29042,1
212446_3471,0
212446_155231,1
212446_117645,0
212446_252092,1
212447_242342,0
212447_67246,0
212447_232857,0
212447_153924,0
212447_165685,0
212447_273201,1
212449_165136,1
212449_275400,0
212449_95209,0
212449_79264,0
212449_262191,1
212449_131496,0
212450_31333,0
212450_170180,0
212450_207694,0
212450_212024,0
212450_156491,1
212450_23822,0
212451_53489,0
212451_153923,1
212451_230677,1
212451_41654,0
212451_29189,1
212451_39577,1
212453_251128,0
212453_287949,1
212453_93668,1
212453_96448,0
212453_209094,1
212453_19444,1
212461_30742,1
212461_221953,1
212461_101548,1
212461_52028,0
212461_145554,1
212461_274897,1
212462_207656,0
212462_54371,0
212462_159118,0
212462_255136,0
212462_152434,0
212462_263190,0
212463_233202,1
212463_151268,1
212463_3830,1
212463_247464,1
212463_242248,1
212463_240074,1
212464_255760,0
212464_198273,0
212464_197894,0
212464_66467,0
212464_244627,0
212464_64349,0
212465_107923,1
212465_114634,1
212465_143570,0
212465_48819,1
212465_250347,1
212465_94893,1
212470_91870,0
212470_148181,0
212470_228469,0
212470_229248,1
212470_107959,1
212470_110426,1
212473_102257,0
212473_42318,0
212473_158420,0
212473_87732,0
212473_83160,0
212473_281393,0
212477_152843,1
212477_226836,1
212477_142317,1
212477_104207,1
212477_104463,1
212477_159100,1
212479_122251,0
212479_245734,1
212479_188802,1
212479_222697,0
212479_233369,0
212479_91900,1
212481_23018,1
212481_15171,0
212481_236120,0
212481_294422,1
212481_137479,0
212481_279759,0
212484_265026,0
212484_67509,1
212484_37457,0
212484_200132,1
212484_160239,0
212484_175831,0
212485_34619,0
212485_122933,0
212485_188838,1
212485_64147,1
212485_33603,1
212485_145626,1
212490_60913,0
212490_240324,1
212490_231569,0
212490_254727,1
212490_236991,1
212490_224301,1
212494_131710,0
212494_202283,1
212494_123405,1
212494_235729,1
212494_281079,1
212494_184505,1
212495_236625,0
212495_28924,0
212495_196987,0
212495_95752,0
212495_83146,1
212495_250753,0
212496_197659,0
212496_265074,0
212496_211177,1
212496_271252,1
212496_129684,1
212496_166828,0
212498_100786,1
212498_116826,0
212498_99448,1
212498_130780,1
212498_123367,1
212498_49149,0
212502_34948,1
212502_216514,1
212502_290631,1
212502_216914,1
212502_39451,0
212502_232816,1
212503_126451,0
212503_15189,0
212503_287949,0
212503_57195,0
212503_207449,0
212503_74090,0
212504_10667,1
212504_248723,0
212504_96378,1
212504_103212,1
212504_219917,1
212504_8229,0
212507_5888,1
212507_70396,0
212507_16374,1
212507_163349,0
212507_47893,0
212507_273062,1
212515_63542,0
212515_276411,0
212515_239189,0
212515_188034,0
212515_36518,0
212515_66330,0
212516_167616,0
212516_219381,1
212516_56040,1
212516_170317,0
212516_144715,0
212516_181147,1
212525_137860,1
212525_3413,1
212525_101494,1
212525_10105,0
212525_46314,0
212525_260327,0
212527_24955,0
212527_10717,0
212527_34658,0
212527_289959,0
212527_127117,1
212527_137905,0
212530_209776,1
212530_295720,0
212530_160977,1
212530_170180,0
212530_172446,0
212530_179152,1
212531_36786,1
212531_282418,1
212531_3996,0
212531_175703,1
212531_248475,0
212531_277354,0
212533_31747,0
212533_216902,1
212533_110288,0
212533_81692,1
212533_254654,1
212533_40769,0
212535_216947,0
212535_95726,1
212535_634,1
212535_222185,0
212535_23823,0
212535_214409,1
212536_246721,0
212536_128254,1
212536_203728,1
212536_131453,1
212536_86074,1
212536_116327,1
212539_40741,0
212539_90821,0
212539_279398,0
212539_18537,0
212539_133594,0
212539_29997,0
212543_45631,1
212543_153638,0
212543_261423,1
212543_200714,1
212543_42215,0
212543_283265,0
212544_63471,1
212544_221854,1
212544_147466,1
212544_81986,1
212544_55501,0
212544_166632,1
212545_51081,1
212545_180533,0
212545_273164,0
212545_104424,1
212545_43489,0
212545_163762,1
212547_5696,1
212547_268940,0
212547_111151,0
212547_224486,1
212547_210499,1
212547_249104,1
212548_45603,1
212548_273219,1
212548_268681,0
212548_19986,0
212548_149907,1
212548_228120,1
212550_54109,1
212550_214897,1
212550_224585,1
212550_157353,0
212550_64020,1
212550_11350,1
212553_206089,1
212553_254874,1
212553_76336,1
212553_231825,0
212553_179828,0
212553_21548,0
212554_146356,0
212554_99283,1
212554_106805,0
212554_19157,1
212554_176879,0
212554_150618,1
212555_140840,1
212555_226836,1
212555_157190,1
212555_249868,0
212555_71414,1
212555_46408,1
212556_210390,1
212556_212117,0
212556_281009,0
212556_165229,0
212556_79355,1
212556_165323,0
212560_193133,1
212560_90931,1
212560_103458,1
212560_213755,0
212560_251212,0
212560_185349,0
212565_215621,1
212565_78612,0
212565_197735,1
212565_39947,1
212565_208879,1
212565_88412,1
212568_97676,1
212568_240170,0
212568_251263,0
212568_49536,1
212568_194805,0
212568_292027,1
212570_63313,1
212570_96378,0
212570_108451,0
212570_30318,1
212570_138467,1
212570_169708,0
212572_113105,1
212572_65951,0
212572_164202,1
212572_196283,1
212572_92193,1
212572_17033,1
212574_218238,1
212574_34905,1
212574_97522,1
212574_142462,1
212574_73557,0
212574_269647,0
212576_144121,1
212576_57232,1
212576_19346,0
212576_145560,1
212576_26595,1
212576_53736,1
212579_27277,1
212579_11469,1
212579_276782,1
212579_191821,1
212579_180589,1
212579_216185,1
212582_20035,1
212582_123296,0
212582_245794,1
212582_80632,0
212582_100706,1
212582_82114,1
212585_211106,0
212585_39147,0
212585_171539,0
212585_205871,1
212585_197859,0
212585_93865,1
212587_46324,1
212587_115669,0
212587_18604,1
212587_145716,0
212587_136415,0
212587_80050,1
212588_262036,0
212588_97699,0
212588_167292,1
212588_254617,1
212588_8217,1
212588_268689,0
212590_128562,1
212590_141058,0
212590_31600,1
212590_243041,1
212590_127581,1
212590_48588,1
212596_239989,1
212596_149391,1
212596_73602,0
212596_94441,0
212596_278582,1
212596_231218,0
212597_180543,1
212597_228892,0
212597_149670,0
212597_64607,0
212597_187117,1
212597_79670,1
212599_62665,0
212599_269685,0
212599_214979,1
212599_58028,1
212599_35669,0
212599_65494,1
212600_120888,0
212600_40296,1
212600_153216,0
212600_286329,1
212600_156593,1
212600_117634,0
212604_71809,0
212604_245936,1
212604_292630,1
212604_249595,1
212604_210428,0
212604_232084,1
212610_66859,1
212610_121370,1
212610_267824,1
212610_133952,0
212610_262523,1
212610_283004,0
212614_206582,1
212614_199818,0
212614_193058,0
212614_13992,0
212614_5378,1
212614_196327,1
212618_277054,0
212618_91249,1
212618_112142,1
212618_182112,1
212618_122138,1
212618_77246,1
212619_175800,1
212619_31552,1
212619_64189,1
212619_58674,0
212619_187771,1
212619_35308,1
212622_63244,1
212622_247627,1
212622_44405,1
212622_276350,1
212622_257206,1
212622_34808,1
212623_22727,1
212623_187348,1
212623_112109,0
212623_260121,1
212623_63869,1
212623_266872,1
212624_291300,0
212624_213196,0
212624_256009,1
212624_204771,0
212624_155673,0
212624_14584,0
212625_190001,0
212625_117523,0
212625_295205,0
212625_198051,0
212625_294186,0
212625_48368,0
212627_117296,1
212627_288566,1
212627_257125,0
212627_30023,1
212627_216902,1
212627_223032,1
212628_80916,0
212628_190319,1
212628_239498,0
212628_195223,0
212628_189153,0
212628_231243,0
212631_141154,1
212631_120519,1
212631_44453,0
212631_232351,0
212631_230234,1
212631_111631,1
212633_110506,0
212633_187953,0
212633_261450,0
212633_162720,0
212633_55599,0
212633_271783,0
212650_224670,0
212650_19679,1
212650_98721,0
212650_39381,0
212650_145554,1
212650_243160,1
212651_105010,0
212651_244768,1
212651_170773,1
212651_256675,1
212651_169352,1
212651_11166,1
212654_116597,1
212654_10451,0
212654_219487,0
212654_198846,0
212654_66556,1
212654_264826,1
212655_256132,0
212655_101847,0
212655_192574,0
212655_237727,1
212655_77246,1
212655_52660,1
212659_220009,0
212659_158358,0
212659_217554,0
212659_293171,1
212659_115389,0
212659_60276,0
212661_278223,0
212661_27388,0
212661_39744,1
212661_188545,1
212661_55586,1
212661_11608,1
212662_96496,0
212662_290018,1
212662_146173,0
212662_178370,0
212662_281003,1
212662_42084,1
212663_135968,0
212663_1618,1
212663_34397,1
212663_122651,0
212663_149147,0
212663_125210,0
212665_227582,1
212665_208635,1
212665_223944,1
212665_105664,0
212665_53153,0
212665_271466,0
212666_116327,1
212666_1558,1
212666_217698,0
212666_281496,0
212666_264667,1
212666_227711,1
212668_38540,1
212668_134116,1
212668_182507,1
212668_53232,1
212668_230797,1
212668_216894,1
212669_192661,1
212669_191240,0
212669_185776,1
212669_150387,1
212669_226560,1
212669_20600,1
212672_288329,1
212672_45171,1
212672_194221,1
212672_247770,0
212672_17628,1
212672_38208,0
212675_265947,0
212675_135278,1
212675_136946,1
212675_151698,1
212675_87813,0
212675_177980,0
212676_136523,0
212676_93092,1
212676_71708,0
212676_229201,0
212676_163853,1
212676_103791,1
212679_36509,0
212679_254626,1
212679_92062,1
212679_47788,0
212679_24408,0
212679_246046,0
212681_158155,0
212681_197465,1
212681_228745,1
212681_62000,1
212681_248267,1
212681_29689,0
212684_274123,1
212684_109818,1
212684_171925,1
212684_242554,0
212684_271172,1
212684_135198,1
212687_49245,1
212687_94545,1
212687_180341,1
212687_195458,0
212687_72239,0
212687_278313,1
212690_276443,0
212690_21657,1
212690_284781,0
212690_92768,0
212690_156239,0
212690_164255,1
212691_112473,0
212691_49793,0
212691_138634,0
212691_32289,0
212691_294181,0
212691_30769,1
212694_14262,1
212694_249056,0
212694_73015,1
212694_186166,0
212694_52881,1
212694_215867,1
212700_275854,0
212700_74661,0
212700_244768,0
212700_134414,0
212700_38168,0
212700_114682,1
212706_282695,0
212706_260541,1
212706_236217,1
212706_250467,1
212706_6440,0
212706_43564,1
212709_267482,1
212709_76164,0
212709_157154,1
212709_42147,1
212709_268929,1
212709_76255,0
212711_202850,0
212711_55692,1
212711_215325,1
212711_292772,1
212711_48124,1
212711_193885,0
212713_102272,1
212713_291495,0
212713_55992,0
212713_236476,0
212713_13875,0
212713_252836,0
212721_187539,1
212721_189556,1
212721_272073,0
212721_134414,1
212721_158565,0
212721_74714,0
212722_84409,1
212722_206213,0
212722_21086,0
212722_271794,1
212722_26727,0
212722_38570,1
212723_152229,1
212723_116743,0
212723_14535,0
212723_88589,1
212723_98977,0
212723_43929,0
212725_92373,1
212725_6623,0
212725_79316,1
212725_278687,1
212725_150186,1
212725_20999,0
212726_125603,0
212726_147585,1
212726_212024,1
212726_242307,1
212726_214897,1
212726_197995,1
212727_210793,1
212727_35273,0
212727_5970,0
212727_67096,0
212727_206885,0
212727_128100,1
212730_177342,0
212730_231986,0
212730_88123,1
212730_137771,1
212730_89033,1
212730_94894,0
212731_231779,1
212731_241997,1
212731_112121,1
212731_52666,0
212731_221371,1
212731_47926,1
212732_168035,1
212732_257837,1
212732_26513,1
212732_124080,0
212732_13548,0
212732_116712,0
212736_249919,1
212736_233025,0
212736_115889,0
212736_228267,1
212736_649,0
212736_293108,1
212738_45124,1
212738_25635,1
212738_26097,1
212738_36012,0
212738_193241,0
212738_272781,0
212740_151574,1
212740_135028,1
212740_282514,0
212740_173101,0
212740_131564,1
212740_280405,0
212741_255406,1
212741_155570,1
212741_156913,1
212741_241059,0
212741_112211,1
212741_6970,0
212743_208846,1
212743_101056,1
212743_219160,0
212743_12821,1
212743_263321,1
212743_280387,0
212744_80589,1
212744_130647,1
212744_121384,0
212744_168083,1
212744_257745,1
212744_259039,1
212745_293270,1
212745_257899,0
212745_152626,1
212745_186266,1
212745_38990,1
212745_232559,1
212748_255766,1
212748_248755,1
212748_67864,1
212748_224337,1
212748_194073,1
212748_256323,1
212749_54819,1
212749_228642,1
212749_107707,0
212749_204400,0
212749_62966,1
212749_108687,0
212750_197026,0
212750_135181,1
212750_293385,1
212750_129019,0
212750_152384,0
212750_150402,1
212753_76856,1
212753_40842,1
212753_198360,0
212753_33330,1
212753_256960,0
212753_213550,1
212756_9464,1
212756_654,0
212756_44591,0
212756_80153,1
212756_68040,1
212756_92440,0
212757_263828,0
212757_240763,0
212757_206611,1
212757_233209,1
212757_136449,0
212757_218564,0
212758_234631,1
212758_61197,0
212758_187346,1
212758_6522,1
212758_243204,0
212758_87277,1
212762_6548,0
212762_85777,1
212762_281406,1
212762_289978,0
212762_278622,0
212762_104542,1
212765_271157,1
212765_208496,1
212765_202550,1
212765_90319,1
212765_164962,0
212765_13871,0
212766_6173,1
212766_261450,0
212766_15336,0
212766_72875,1
212766_52572,0
212766_33163,0
212767_91150,0
212767_111151,0
212767_196682,0
212767_56483,0
212767_283425,0
212767_147892,0
212768_152626,1
212768_141766,0
212768_235489,0
212768_69394,0
212768_275102,0
212768_230239,0
212770_186529,1
212770_233293,1
212770_292478,0
212770_154415,1
212770_100621,1
212770_214055,0
212774_234710,0
212774_228848,0
212774_115095,0
212774_190001,0
212774_247751,1
212774_232002,0
212775_217557,0
212775_232322,0
212775_270143,1
212775_177255,0
212775_156534,1
212775_188256,1
212776_251229,0
212776_35096,1
212776_275471,0
212776_178493,1
212776_279135,0
212776_242725,1
212777_151596,1
212777_181316,1
212777_139425,1
212777_254362,0
212777_167873,0
212777_183261,0
212778_105813,1
212778_263234,1
212778_31681,1
212778_18067,1
212778_249801,0
212778_148913,1
212779_157735,1
212779_234441,1
212779_29189,0
212779_69913,0
212779_239351,1
212779_63627,0
212780_243418,0
212780_255581,0
212780_156865,1
212780_181917,1
212780_35669,0
212780_267281,1
212782_134919,0
212782_214159,1
212782_219934,1
212782_228545,0
212782_235869,1
212782_233614,1
212789_148376,0
212789_261450,1
212789_226946,0
212789_291985,0
212789_204122,0
212789_67930,1
212790_282572,1
212790_22801,1
212790_250371,1
212790_4460,1
212790_201735,0
212790_91475,1
212793_141300,0
212793_259598,1
212793_206363,0
212793_223803,1
212793_207022,1
212793_97763,0
212794_70788,1
212794_206628,1
212794_93119,1
212794_183055,1
212794_156913,1
212794_130295,1
212795_259961,0
212795_87512,0
212795_234891,0
212795_39477,1
212795_237702,0
212795_241059,1
212798_183872,0
212798_281716,1
212798_289727,1
212798_143989,1
212798_162224,0
212798_92064,1
212800_261450,1
212800_119451,1
212800_286476,0
212800_133906,1
212800_223542,1
212800_30604,1
212801_96800,1
212801_264575,0
212801_200711,0
212801_295546,1
212801_124329,0
212801_217407,0
212803_114634,1
212803_94498,0
212803_266143,1
212803_119836,0
212803_190541,0
212803_206636,0
212808_281141,1
212808_246946,1
212808_39857,0
212808_239180,1
212808_289314,0
212808_66989,1
212810_343,0
212810_266431,1
212810_212632,0
212810_243989,1
212810_61565,1
212810_197997,0
212811_159053,0
212811_229699,0
212811_39896,1
212811_1082,0
212811_171077,1
212811_47641,1
212814_99448,1
212814_238559,1
212814_203836,1
212814_140988,1
212814_30437,1
212814_293206,1
212817_149600,0
212817_242044,0
212817_267259,0
212817_218715,1
212817_272575,1
212817_181900,0
212818_89070,0
212818_263337,1
212818_31066,1
212818_254625,1
212818_253375,1
212818_205364,1
212820_96975,1
212820_264519,1
212820_75808,0
212820_78259,1
212820_92494,1
212820_38823,0
212821_98851,1
212821_34574,1
212821_34829,1
212821_25225,1
212821_201109,1
212821_8544,1
212822_12279,1
212822_16130,1
212822_22704,0
212822_287937,0
212822_35574,1
212822_157914,1
212823_17219,0
212823_180262,1
212823_117761,1
212823_192203,0
212823_244657,0
212823_278557,0
212831_166193,0
212831_67063,1
212831_86732,0
212831_91502,1
212831_92498,1
212831_179555,1
212833_2777,1
212833_281688,0
212833_184575,0
212833_234051,1
212833_183243,1
212833_268224,1
212834_236126,0
212834_287031,0
212834_79309,0
212834_2141,0
212834_50251,1
212834_294767,1
212836_49793,0
212836_183431,1
212836_45863,1
212836_162011,1
212836_162352,0
212836_47485,0
212837_277645,0
212837_75061,1
212837_169310,1
212837_39008,0
212837_250651,0
212837_248678,0
212839_242681,0
212839_161415,0
212839_213012,1
212839_262241,1
212839_36048,0
212839_236056,0
212844_47024,0
212844_135271,0
212844_124109,1
212844_288063,1
212844_174401,1
212844_271794,1
212848_250273,1
212848_284240,0
212848_205230,1
212848_248917,0
212848_48174,1
212848_267418,0
212849_292585,1
212849_155772,0
212849_21657,0
212849_71809,0
212849_264730,1
212849_285302,1
212859_117723,1
212859_104743,1
212859_88612,1
212859_128255,1
212859_265077,0
212859_199818,1
212860_265763,0
212860_245591,1
212860_264155,0
212860_154273,1
212860_118284,1
212860_175144,0
212865_73181,1
212865_81561,1
212865_14891,0
212865_250273,0
212865_288063,0
212865_112615,1
212866_130023,0
212866_41545,0
212866_61971,0
212866_20067,0
212866_116541,0
212866_73519,0
212868_133701,1
212868_1447,1
212868_172416,0
212868_198712,0
212868_49542,1
212868_48524,0
212871_70179,0
212871_113641,0
212871_99787,1
212871_290021,0
212871_37960,0
212871_229894,0
212874_103080,0
212874_29399,1
212874_264002,1
212874_20919,1
212874_63932,1
212874_131095,1
212878_134964,1
212878_188039,1
212878_126933,0
212878_258828,1
212878_125210,0
212878_156913,1
212880_47259,1
212880_49573,0
212880_289071,0
212880_243273,1
212880_191809,0
212880_238637,1
212881_250273,1
212881_202423,1
212881_269171,1
212881_103443,1
212881_88448,1
212881_278582,1
212890_95254,1
212890_229762,0
212890_206734,1
212890_228644,0
212890_39623,0
212890_36381,0
212892_206582,1
212892_28053,0
212892_67567,0
212892_171909,1
212892_269846,0
212892_176004,0
212895_292341,1
212895_41216,1
212895_173808,1
212895_239933,1
212895_260829,0
212895_220904,1
212897_177116,1
212897_200293,1
212897_50835,0
212897_286195,0
212897_65494,0
212897_5915,1
212900_276326,1
212900_188579,1
212900_194060,1
212900_291212,1
212900_259854,0
212900_54637,0
212903_130388,0
212903_215576,0
212903_173257,0
212903_252861,0
212903_31298,0
212903_290555,0
212906_289647,0
212906_257389,1
212906_51740,0
212906_127825,1
212906_3945,1
212906_100573,0
212907_16137,1
212907_164469,1
212907_254263,1
212907_14257,1
212907_252085,1
212907_122208,1
212908_249815,0
212908_268460,0
212908_88123,0
212908_285322,0
212908_85601,1
212908_89403,0
212909_213418,1
212909_219640,1
212909_91459,0
212909_263281,0
212909_283015,1
212909_177171,1
212915_29433,1
212915_250749,0
212915_64763,1
212915_120297,1
212915_199788,1
212915_29690,0
212916_32775,0
212916_228615,0
212916_245726,0
212916_1844,0
212916_39505,0
212916_69594,0
212921_121881,0
212921_159603,1
212921_185639,1
212921_167872,1
212921_52063,1
212921_83299,0
212925_160632,1
212925_207913,1
212925_21593,0
212925_267817,1
212925_88612,0
212925_152518,0
212926_193054,1
212926_198030,1
212926_291603,0
212926_247218,1
212926_178222,1
212926_134208,0
212927_223983,1
212927_99683,0
212927_28818,0
212927_129709,1
212927_119967,0
212927_61093,0
212930_35886,1
212930_238954,1
212930_99271,0
212930_179616,1
212930_57871,1
212930_178882,0
212936_135295,0
212936_116597,0
212936_72875,0
212936_57083,1
212936_78961,0
212936_61826,1
212938_10599,1
212938_180337,1
212938_269824,0
212938_34503,1
212938_21911,0
212938_217022,1
212940_238510,1
212940_34289,1
212940_93847,1
212940_90143,1
212940_175250,1
212940_152491,1
212941_82365,0
212941_22031,1
212941_65176,0
212941_98455,0
212941_249228,0
212941_58568,1
212942_11987,1
212942_163189,1
212942_189476,0
212942_68734,1
212942_21473,0
212942_156357,1
212947_293922,1
212947_171604,1
212947_263695,1
212947_150507,1
212947_247426,1
212947_244670,1
212948_152491,1
212948_72969,1
212948_42344,0
212948_54893,1
212948_182888,1
212948_37239,1
212953_40847,1
212953_216902,1
212953_261695,1
212953_126704,1
212953_206878,1
212953_229233,0
212956_102452,1
212956_139425,1
212956_169660,0
212956_123625,0
212956_238705,1
212956_42331,1
212957_166592,1
212957_290429,0
212957_214541,1
212957_106007,1
212957_216184,1
212957_191842,1
212959_240094,0
212959_99133,1
212959_17300,1
212959_116723,0
212959_192434,0
212959_116470,0
212961_182965,0
212961_10470,0
212961_44557,0
212961_41785,1
212961_261586,1
212961_110855,0
212963_41532,1
212963_40651,1
212963_122008,1
212963_88069,1
212963_196955,1
212963_263363,0
212964_150489,0
212964_22728,0
212964_282124,0
212964_6614,0
212964_187348,0
212964_82422,0
212965_247800,1
212965_182112,0
212965_207659,1
212965_90713,0
212965_45733,1
212965_12756,1
212969_268049,0
212969_7852,0
212969_16374,0
212969_146213,0
212969_153562,0
212969_169016,1
212971_5250,1
212971_248874,0
212971_23883,0
212971_257260,1
212971_129607,1
212971_147450,0
212974_265667,0
212974_74370,1
212974_78147,0
212974_76477,0
212974_36048,0
212974_52885,1
212975_218247,0
212975_133123,1
212975_170024,0
212975_165724,1
212975_47528,1
212975_211236,1
212976_45533,0
212976_222456,0
212976_141629,0
212976_117763,1
212976_240447,1
212976_173257,0
212978_273996,1
212978_186288,1
212978_38557,0
212978_85672,0
212978_179616,1
212978_139026,0
212979_55883,1
212979_235200,1
212979_69645,1
212979_100653,1
212979_292083,1
212979_110014,1
212984_49299,1
212984_112449,1
212984_113197,1
212984_48189,1
212984_216343,1
212984_255154,0
212985_107996,1
212985_181272,1
212985_114481,1
212985_274895,1
212985_264789,0
212985_256087,1
212986_111436,0
212986_217242,0
212986_131956,1
212986_139220,0
212986_93316,1
212986_68342,1
212987_205926,0
212987_48189,1
212987_244732,0
212987_100265,1
212987_293928,0
212987_149237,1
212988_67995,1
212988_295919,1
212988_252444,0
212988_230001,1
212988_218164,0
212988_101201,0
212993_95063,0
212993_8042,1
212993_135295,0
212993_51750,0
212993_64051,0
212993_225105,0
212994_148053,1
212994_276189,1
212994_19691,1
212994_97557,1
212994_284691,1
212994_123997,1
212997_289689,1
212997_204230,1
212997_98111,0
212997_216575,1
212997_135506,1
212997_288152,0
212998_275780,1
212998_125004,1
212998_89212,1
212998_260463,0
212998_248678,0
212998_291984,0
213000_208539,0
213000_242351,1
213000_36048,1
213000_135181,1
213000_246709,1
213000_98818,1
213003_7113,1
213003_113797,0
213003_142897,0
213003_223862,1
213003_261372,1
213003_208629,0
213007_139425,0
213007_132076,0
213007_207938,0
213007_18486,0
213007_294816,0
213007_37833,1
213010_109204,0
213010_11043,1
213010_207948,0
213010_166517,1
213010_277987,1
213010_213894,1
213018_268716,1
213018_63855,1
213018_263709,1
213018_71402,0
213018_277995,1
213018_106094,1
213019_42624,1
213019_192165,1
213019_286942,0
213019_282197,1
213019_166193,0
213019_274169,1
213020_78910,1
213020_104323,0
213020_73284,0
213020_134449,1
213020_65181,1
213020_218115,0
213023_193350,0
213023_122086,0
213023_275680,0
213023_265662,0
213023_70217,0
213023_26097,0
213029_128541,0
213029_155045,0
213029_48987,0
213029_141058,1
213029_258741,1
213029_293795,0
213035_125210,0
213035_32500,0
213035_250724,1
213035_283420,1
213035_281787,1
213035_40198,0
213037_18701,0
213037_204859,0
213037_275559,1
213037_198639,0
213037_250749,1
213037_29228,1
213038_214851,0
213038_188408,1
213038_261844,1
213038_182778,0
213038_128579,1
213038_125019,1
213039_82354,0
213039_193069,0
213039_14014,0
213039_119610,0
213039_49673,0
213039_71754,0
213044_269227,1
213044_120546,1
213044_118060,1
213044_63520,0
213044_159118,1
213044_186042,1
213046_92770,1
213046_276808,1
213046_25866,0
213046_14262,1
213046_293455,0
213046_209371,1
213047_74896,1
213047_154286,1
213047_111292,0
213047_61615,0
213047_22451,0
213047_152661,1
213049_177555,0
213049_36287,0
213049_184940,1
213049_119565,1
213049_131194,1
213049_141058,1
213050_252285,1
213050_23103,0
213050_119027,1
213050_44675,0
213050_26088,1
213050_140529,0
213051_103375,0
213051_27085,0
213051_29308,1
213051_21858,0
213051_179502,1
213051_85075,0
213052_120020,0
213052_272935,0
213052_105898,1
213052_221814,0
213052_145215,0
213052_247852,0
213053_166884,0
213053_24426,1
213053_4107,0
213053_126299,0
213053_122879,1
213053_134158,0
213056_27209,1
213056_131241,1
213056_176004,0
213056_70878,1
213056_126239,0
213056_221356,0
213057_124668,1
213057_45916,1
213057_224585,1
213057_94290,1
213057_250273,1
213057_167221,1
213058_114620,0
213058_276615,1
213058_169846,0
213058_231602,0
213058_89954,1
213058_220786,1
213062_155855,1
213062_257402,1
213062_148199,0
213062_242220,1
213062_199331,0
213062_135737,0
213064_208449,0
213064_64051,0
213064_86060,0
213064_92417,0
213064_289237,0
213064_93820,1
213070_47528,1
213070_194540,0
213070_172688,1
213070_249467,0
213070_61049,1
213070_80845,0
213071_214948,0
213071_220471,0
213071_241106,1
213071_213123,1
213071_216100,1
213071_163630,0
213072_232948,0
213072_258762,0
213072_223864,0
213072_163096,0
213072_246593,0
213072_231712,0
213074_204640,1
213074_225077,0
213074_231427,0
213074_128889,1
213074_271416,1
213074_175015,1
213078_283018,1
213078_147394,0
213078_252612,0
213078_206044,1
213078_161673,0
213078_188408,1
213081_6522,1
213081_12865,1
213081_214851,0
213081_60780,0
213081_217900,0
213081_85777,1
213085_58037,1
213085_273649,0
213085_162429,0
213085_92971,1
213085_72374,1
213085_145221,0
213086_248489,0
213086_77086,1
213086_237211,1
213086_200699,0
213086_47528,0
213086_154240,1
213089_130536,1
213089_58353,0
213089_117266,1
213089_144186,1
213089_268454,1
213089_181316,0
213095_276071,1
213095_202248,0
213095_148467,0
213095_23119,0
213095_178681,1
213095_259225,1
213097_137624,0
213097_167328,1
213097_211614,1
213097_186934,1
213097_174805,0
213097_249195,1
213098_88833,1
213098_247100,1
213098_207239,1
213098_3024,0
213098_161955,1
213098_27844,0
213101_76767,0
213101_151575,1
213101_216950,0
213101_3506,0
213101_78499,0
213101_173007,0
213104_116957,0
213104_244663,0
213104_11259,0
213104_267382,0
213104_58789,1
213104_291396,0
213105_218284,1
213105_8542,0
213105_260295,1
213105_235709,1
213105_142574,1
213105_294555,1
213106_222628,1
213106_194986,1
213106_20435,0
213106_260711,1
213106_228261,0
213106_100831,0
213107_255081,0
213107_35372,1
213107_201249,1
213107_70122,1
213107_260780,1
213107_41852,0
213112_50272,0
213112_169188,1
213112_132003,1
213112_244283,1
213112_175882,1
213112_46897,1
213114_7375,0
213114_41707,1
213114_47618,0
213114_113135,0
213114_189263,1
213114_84599,0
213117_212755,0
213117_136245,1
213117_199132,1
213117_144357,0
213117_264901,0
213117_275328,0
213118_184197,1
213118_122251,1
213118_95785,0
213118_250273,0
213118_142277,1
213118_243460,0
213120_276596,0
213120_239189,0
213120_51667,1
213120_226304,0
213120_71455,1
213120_160321,1
213122_149317,1
213122_91904,1
213122_77050,1
213122_15796,1
213122_256319,0
213122_275385,0
213125_238884,0
213125_54354,0
213125_172754,0
213125_12654,0
213125_286426,1
213125_176515,1
213126_200432,1
213126_188072,1
213126_190979,0
213126_219286,1
213126_249425,1
213126_249649,1
213127_163945,1
213127_17534,1
213127_134225,0
213127_23138,1
213127_250416,0
213127_61617,0
213129_208024,0
213129_254516,1
213129_31945,1
213129_170809,1
213129_7596,1
213129_180408,0
213132_142087,0
213132_272332,0
213132_219973,1
213132_198297,1
213132_138070,0
213132_79803,1
213134_209370,1
213134_119355,0
213134_142770,0
213134_52617,0
213134_200501,0
213134_279597,0
213136_7188,0
213136_94081,0
213136_275408,1
213136_45295,0
213136_275805,0
213136_203088,0
213139_21281,1
213139_16114,0
213139_295024,0
213139_85861,1
213139_175274,1
213139_193375,0
213141_33227,1
213141_243378,1
213141_266523,1
213141_221211,0
213141_228464,0
213141_79065,0
213142_282097,0
213142_82659,1
213142_16784,1
213142_121848,1
213142_232937,0
213142_153183,0
213143_55686,0
213143_199093,0
213143_257930,1
213143_15169,0
213143_243160,1
213143_161571,0
213146_100522,1
213146_225054,0
213146_171086,0
213146_81445,1
213146_66611,1
213146_257896,1
213147_126292,0
213147_176125,1
213147_64710,0
213147_42530,1
213147_74122,0
213147_268310,1
213148_275610,0
213148_150748,0
213148_46549,1
213148_83891,0
213148_75601,1
213148_235716,1
213149_250273,0
213149_153284,1
213149_198674,0
213149_139585,1
213149_133701,0
213149_135701,1
213152_9936,1
213152_184644,1
213152_225569,1
213152_75469,1
213152_247852,1
213152_67570,0
213154_113137,1
213154_108560,1
213154_187117,1
213154_147353,0
213154_252842,0
213154_289174,0
213157_228638,1
213157_295157,0
213157_258492,0
213157_136546,1
213157_99683,0
213157_129805,1
213158_34801,1
213158_288064,1
213158_206721,0
213158_16066,0
213158_31731,1
213158_158699,1
213160_47761,1
213160_26677,1
213160_226946,1
213160_19218,1
213160_103870,1
213160_168229,1
213162_217518,1
213162_115030,1
213162_15876,1
213162_193338,0
213162_285043,1
213162_266829,0
213163_47025,1
213163_242389,1
213163_84030,1
213163_265836,1
213163_257542,0
213163_269360,0
213167_268444,1
213167_39656,1
213167_63415,1
213167_9052,1
213167_275400,1
213167_131564,1
213168_252994,1
213168_114129,0
213168_35598,1
213168_275222,0
213168_295160,0
213168_185933,0
213170_28056,0
213170_271739,0
213170_86012,0
213170_232937,0
213170_155642,1
213170_232527,0
213173_214851,1
213173_148053,1
213173_283022,1
213173_108690,1
213173_281004,0
213173_275102,1
213174_288488,0
213174_197796,0
213174_119888,1
213174_237921,1
213174_230477,1
213174_19481,0
213176_85681,1
213176_191419,0
213176_240625,1
213176_88839,1
213176_12011,1
213176_6173,1
213178_246946,1
213178_35367,1
213178_278459,0
213178_61939,0
213178_132134,0
213178_229118,0
213179_185348,1
213179_10581,0
213179_92910,1
213179_125944,0
213179_26594,1
213179_106509,0
213180_208755,1
213180_223554,0
213180_122616,1
213180_59006,0
213180_202531,0
213180_14689,0
213182_117764,1
213182_188781,1
213182_122004,1
213182_42073,1
213182_42309,1
213182_4780,0
213190_53795,0
213190_38967,1
213190_240094,1
213190_45900,1
213190_27347,1
213190_251307,0
213192_76021,1
213192_224756,0
213192_270004,1
213192_108161,0
213192_63723,0
213192_106619,1
213193_236493,1
213193_98588,1
213193_177642,1
213193_8931,1
213193_110918,0
213193_21552,1
213194_139137,0
213194_100342,1
213194_21593,1
213194_175528,0
213194_69450,0
213194_284909,0
213195_91346,1
213195_158738,1
213195_72875,1
213195_278592,1
213195_128732,1
213195_225377,1
213197_59621,0
213197_243943,0
213197_64621,1
213197_196539,1
213197_130021,0
213197_202154,1
213201_196769,0
213201_213308,0
213201_230648,0
213201_295717,0
213201_49651,0
213201_217785,0
213202_60913,1
213202_4104,0
213202_206430,1
213202_241147,0
213202_96378,1
213202_102321,1
213203_91556,0
213203_241737,0
213203_275726,0
213203_270071,0
213203_157598,0
213203_177586,0
213204_52710,1
213204_63358,0
213204_209630,1
213204_234091,1
213204_263898,1
213204_194374,1
213205_186289,1
213205_66824,0
213205_277360,1
213205_279986,1
213205_156318,0
213205_8085,1
213208_199761,0
213208_43489,1
213208_234432,1
213208_110014,1
213208_215837,1
213208_285322,1
213215_137085,0
213215_39788,1
213215_168862,1
213215_85798,0
213215_229746,1
213215_142789,1
213217_231736,0
213217_79279,0
213217_143734,1
213217_241488,0
213217_35747,1
213217_256107,1
213222_244066,1
213222_232147,1
213222_145378,1
213222_293202,1
213222_144391,0
213222_124635,1
213225_7596,1
213225_77048,1
213225_153555,1
213225_97052,1
213225_282136,1
213225_167345,1
213226_145490,1
213226_173677,0
213226_190389,1
213226_38940,1
213226_138605,0
213226_84668,0
213228_242397,0
213228_119375,1
213228_271794,0
213228_192282,0
213228_29843,0
213228_88123,1
213233_219408,1
213233_241475,1
213233_16032,1
213233_140951,0
213233_287341,0
213233_287746,1
213241_83988,0
213241_148931,1
213241_272503,0
213241_45223,1
213241_227555,1
213241_38933,0
213244_137173,0
213244_45733,1
213244_142369,0
213244_129317,0
213244_236198,0
213244_264548,1
213245_43886,0
213245_58094,0
213245_179079,0
213245_215223,0
213245_244775,0
213245_31066,0
213248_20797,1
213248_152820,1
213248_136327,1
213248_24748,1
213248_35201,1
213248_108266,1
213253_46242,1
213253_286001,0
213253_194486,0
213253_106538,1
213253_221579,0
213253_120546,0
213254_254092,0
213254_106302,1
213254_104027,0
213254_112017,0
213254_288657,1
213254_181484,1
213256_227745,1
213256_111400,1
213256_282085,0
213256_275056,1
213256_26920,1
213256_45410,1
213257_253689,1
213257_104199,0
213257_112449,1
213257_199786,1
213257_246114,0
213257_93562,0
213261_89107,0
213261_201267,0
213261_2068,1
213261_29894,1
213261_173684,0
213261_154022,1
213266_270071,1
213266_173038,1
213266_63970,1
213266_212609,0
213266_182134,0
213266_158554,0
213267_292863,1
213267_171830,1
213267_210778,0
213267_118170,0
213267_193342,0
213267_43564,1
213270_197270,0
213270_125556,0
213270_147975,1
213270_145120,0
213270_40097,1
213270_226716,0
213271_217435,1
213271_292863,0
213271_217200,1
213271_146282,1
213271_39920,0
213271_4365,0
213272_264901,1
213272_250687,1
213272_188639,1
213272_87357,1
213272_12589,0
213272_70242,1
213273_292760,1
213273_89518,0
213273_229263,0
213273_169391,1
213273_230173,1
213273_210843,0
213274_128292,0
213274_12096,0
213274_115703,0
213274_160465,0
213274_49162,0
213274_74464,0
213275_279887,1
213275_236942,1
213275_74722,1
213275_134676,0
213275_151019,0
213275_205018,1
213276_197652,1
213276_226902,1
213276_8379,0
213276_254770,0
213276_168799,0
213276_48491,0
213281_148137,0
213281_217674,0
213281_52572,0
213281_292863,0
213281_15859,1
213281_294871,0
213283_81062,0
213283_131367,1
213283_95667,1
213283_267295,1
213283_44380,1
213283_3899,0
213293_215264,0
213293_141772,0
213293_80916,0
213293_221745,0
213293_263909,0
213293_66741,0
213295_166592,0
213295_125602,0
213295_236175,1
213295_64300,0
213295_193887,1
213295_113233,1
213299_82314,0
213299_100333,1
213299_232381,1
213299_235658,1
213299_256011,0
213299_79343,1
213300_156718,0
213300_255065,1
213300_102597,0
213300_26847,0
213300_45828,1
213300_295623,0
213301_198416,0
213301_114633,1
213301_51047,1
213301_262075,1
213301_198117,1
213301_120392,1
213302_267104,1
213302_92064,0
213302_286426,1
213302_235230,0
213302_114439,1
213302_195114,1
213304_11781,1
213304_129467,0
213304_54943,0
213304_22597,0
213304_119375,1
213304_254625,1
213305_78291,1
213305_278840,1
213305_291061,0
213305_209040,1
213305_269627,1
213305_264789,1
213308_10155,0
213308_246898,0
213308_98734,0
213308_144553,1
213308_170215,1
213308_99579,1
213310_70459,0
213310_18906,0
213310_134190,0
213310_66593,1
213310_24213,1
213310_268784,1
213311_121481,1
213311_145184,0
213311_155549,0
213311_87175,1
213311_61846,1
213311_38165,1
213313_218174,0
213313_103214,0
213313_122438,0
213313_116741,0
213313_249919,0
213313_244793,1
213315_190568,0
213315_164195,1
213315_262921,1
213315_46632,1
213315_163049,1
213315_250273,1
213316_86266,0
213316_268565,1
213316_241349,1
213316_153291,0
213316_252444,1
213316_76408,1
213318_269223,0
213318_100650,0
213318_16979,1
213318_186266,1
213318_131585,1
213318_56680,1
213321_119294,1
213321_142066,1
213321_215519,0
213321_79419,1
213321_210765,0
213321_68464,0
213324_264152,1
213324_295701,0
213324_201389,1
213324_263958,1
213324_59719,0
213324_253231,1
213326_225380,1
213326_256229,1
213326_284066,0
213326_126579,0
213326_224671,1
213326_15092,0
213327_57964,1
213327_203198,0
213327_250816,1
213327_231206,0
213327_186245,1
213327_280547,0
213328_246657,1
213328_143987,0
213328_23752,1
213328_277600,0
213328_130154,1
213328_187117,0
213331_267796,1
213331_20797,1
213331_256424,1
213331_249701,0
213331_143094,1
213331_56884,0
213333_82372,0
213333_230910,0
213333_265038,0
213333_170809,0
213333_194945,1
213333_48063,0
213335_145607,1
213335_33980,1
213335_120535,1
213335_210098,0
213335_166959,0
213335_157155,1
213338_224679,1
213338_249751,0
213338_240074,1
213338_228746,1
213338_268993,1
213338_91475,1
213340_36360,0
213340_293785,0
213340_234849,0
213340_121931,1
213340_249919,1
213340_97522,1
213341_294134,1
213341_48874,0
213341_64470,1
213341_188639,1
213341_84317,0
213341_5589,0
213342_193636,1
213342_173257,1
213342_233209,1
213342_257388,1
213342_10628,1
213342_158660,1
213343_185369,1
213343_283497,1
213343_87926,1
213343_147656,1
213343_110456,0
213343_119664,0
213344_172548,0
213344_210679,1
213344_294967,1
213344_205586,0
213344_79433,1
213344_40041,0
213346_9464,0
213346_192548,1
213346_204679,0
213346_158220,0
213346_101545,0
213346_207829,0
213347_20047,0
213347_114737,0
213347_12683,1
213347_23011,1
213347_24216,1
213347_19404,0
213348_69797,1
213348_138590,0
213348_10628,1
213348_44782,1
213348_148406,0
213348_221218,0
213349_251647,0
213349_38015,0
213349_85654,0
213349_94531,0
213349_88069,0
213349_16960,0
213353_55333,0
213353_75369,0
213353_242058,0
213353_253634,1
213353_36728,1
213353_278582,1
213354_258828,1
213354_241663,1
213354_153742,1
213354_246114,1
213354_112900,0
213354_84196,0
213355_118998,0
213355_230364,0
213355_295590,0
213355_125746,0
213355_212226,0
213355_150168,1
213356_34407,1
213356_237669,0
213356_4307,0
213356_144357,1
213356_40258,1
213356_221750,1
213359_134110,1
213359_140788,0
213359_44118,1
213359_129783,1
213359_22506,0
213359_226383,0
213360_138340,1
213360_197936,1
213360_247946,1
213360_149377,0
213360_97007,1
213360_193568,0
213361_54093,0
213361_23826,0
213361_126692,0
213361_230224,0
213361_204887,0
213361_245852,0
213365_266979,0
213365_98915,0
213365_268691,0
213365_139683,1
213365_800,1
213365_280237,0
213366_237649,1
213366_85555,1
213366_148821,1
213366_8217,1
213366_220346,1
213366_60285,1
213368_283149,1
213368_145011,1
213368_194274,1
213368_161381,1
213368_15189,0
213368_221358,1
213369_289053,1
213369_27570,1
213369_152820,1
213369_201471,0
213369_272503,1
213369_142015,1
213371_250273,1
213371_159646,1
213371_209684,0
213371_12061,1
213371_64771,1
213371_270469,0
213372_4217,1
213372_60074,0
213372_208656,0
213372_29339,1
213372_269488,1
213372_47602,0
213377_132087,0
213377_176004,0
213377_5869,1
213377_169391,0
213377_180387,1
213377_97061,0
213380_29308,1
213380_65230,0
213380_271496,1
213380_277936,0
213380_164693,1
213380_130276,1
213382_292266,1
213382_26668,1
213382_181941,1
213382_236631,1
213382_52947,0
213382_123758,1
213385_27702,1
213385_228114,0
213385_284211,0
213385_37686,0
213385_53117,0
213385_29189,0
213387_283131,1
213387_175080,1
213387_168387,1
213387_130614,0
213387_60560,1
213387_203487,1
213389_190099,0
213389_158293,1
213389_153790,0
213389_128732,0
213389_41171,1
213389_92768,0
213392_114550,0
213392_127078,1
213392_11502,1
213392_263958,1
213392_248053,0
213392_243885,0
213393_245640,1
213393_204272,0
213393_246962,0
213393_28714,1
213393_201191,0
213393_50650,1
213398_148273,1
213398_285483,1
213398_46063,1
213398_232607,1
213398_215158,1
213398_239516,1
213400_141222,0
213400_253265,1
213400_212449,1
213400_207449,1
213400_2129,0
213400_264826,1
213401_40741,0
213401_187873,1
213401_118162,0
213401_68896,1
213401_57749,1
213401_124387,0
213403_149859,1
213403_12922,1
213403_197214,1
213403_46225,1
213403_41735,0
213403_256008,1
213407_9623,0
213407_97532,0
213407_1864,1
213407_79396,1
213407_152164,0
213407_171358,1
213408_12476,1
213408_3725,1
213408_223410,1
213408_48315,1
213408_91152,1
213408_291653,0
213409_220388,1
213409_178306,0
213409_269737,1
213409_7055,1
213409_24631,0
213409_117529,1
213410_171335,1
213410_176879,1
213410_101360,1
213410_188408,1
213410_93424,0
213410_166193,0
213411_126039,1
213411_124955,1
213411_176125,1
213411_221085,1
213411_292491,1
213411_103447,1
213412_53886,0
213412_147888,1
213412_206327,0
213412_249344,1
213412_24706,0
213412_174510,1
213416_195429,0
213416_125889,1
213416_60913,1
213416_158089,0
213416_230725,0
213416_6860,0
213419_23473,1
213419_245909,1
213419_173281,1
213419_99072,1
213419_193642,0
213419_249251,0
213420_54924,0
213420_294808,0
213420_223674,1
213420_165302,1
213420_250273,1
213420_143919,1
213422_41908,0
213422_82931,1
213422_20010,1
213422_113975,0
213422_155798,1
213422_184296,1
213425_255065,1
213425_21220,1
213425_85021,0
213425_180711,0
213425_80916,1
213425_19240,1
213429_199710,0
213429_274897,0
213429_201713,1
213429_133481,1
213429_116880,1
213429_287137,1
213432_185789,0
213432_4209,1
213432_253174,0
213432_221441,1
213432_86485,0
213432_235536,0
213435_187619,1
213435_111343,1
213435_140092,1
213435_264738,1
213435_2405,0
213435_141372,1
213438_74010,1
213438_94893,1
213438_111400,0
213438_138863,0
213438_149413,1
213438_219794,1
213440_149769,0
213440_75976,0
213440_185962,0
213440_217985,0
213440_238328,1
213440_89158,0
213445_250451,1
213445_95549,0
213445_34397,0
213445_267284,0
213445_92557,1
213445_249121,0
213448_188825,1
213448_54805,1
213448_57463,1
213448_262715,0
213448_243508,0
213448_194814,1
213451_246886,1
213451_87505,1
213451_215919,1
213451_44677,1
213451_148053,1
213451_237829,1
213452_294067,0
213452_111151,0
213452_115131,0
213452_45901,0
213452_8379,1
213452_208113,1
213454_36934,1
213454_244211,0
213454_10174,1
213454_243378,0
213454_240238,0
213454_49249,0
213461_255446,0
213461_138156,1
213461_72925,1
213461_241059,1
213461_48924,0
213461_252291,0
213464_263828,0
213464_295132,0
213464_170159,1
213464_57164,1
213464_17113,1
213464_242731,0
213466_264901,1
213466_247019,1
213466_117321,1
213466_158660,1
213466_211575,1
213466_170732,1
213467_145039,1
213467_88873,1
213467_187314,1
213467_144469,1
213467_18117,0
213467_171041,0
213472_264002,1
213472_226133,1
213472_208024,0
213472_92062,1
213472_92035,1
213472_149751,0
213475_190363,1
213475_231206,0
213475_174630,0
213475_165614,0
213475_215571,1
213475_207506,1
213477_79147,1
213477_271941,0
213477_152820,0
213477_144357,1
213477_112142,1
213477_34901,0
213483_117315,0
213483_75990,1
213483_238389,0
213483_248004,0
213483_203214,1
213483_275046,1
213484_218301,1
213484_160505,0
213484_94958,0
213484_210390,0
213484_227005,1
213484_53519,1
213485_127100,0
213485_97883,1
213485_242960,1
213485_125327,1
213485_29042,1
213485_11904,1
213488_88811,0
213488_153580,0
213488_34717,1
213488_21262,1
213488_24822,1
213488_22449,0
213495_110329,1
213495_18513,1
213495_42681,1
213495_243238,1
213495_256595,1
213495_229651,0
213496_238372,0
213496_1618,0
213496_120609,1
213496_193816,1
213496_107663,1
213496_28855,1
213497_59168,0
213497_32653,0
213497_237718,0
213497_116724,1
213497_188497,0
213497_116550,0
213498_15208,0
213498_206236,0
213498_63356,0
213498_9856,0
213498_4911,0
213498_69532,0
213500_192810,0
213500_153934,1
213500_61949,1
213500_63236,1
213500_250273,1
213500_70203,1
213501_274320,0
213501_79891,0
213501_166913,0
213501_266143,0
213501_196570,0
213501_10502,0
213506_12836,1
213506_204462,0
213506_215325,0
213506_41837,1
213506_193711,0
213506_126000,1
213508_178065,1
213508_269070,0
213508_100522,1
213508_88495,1
213508_127692,1
213508_219182,1
213510_134591,0
213510_224301,0
213510_284320,0
213510_93129,1
213510_189058,0
213510_145012,1
213511_214979,0
213511_18433,1
213511_187164,1
213511_77246,1
213511_269693,1
213511_213546,1
213513_239282,1
213513_293811,1
213513_152518,0
213513_254917,1
213513_191995,0
213513_220201,0
213516_172410,0
213516_165413,1
213516_177557,1
213516_42637,1
213516_254779,1
213516_75915,1
213517_70122,1
213517_109336,0
213517_178666,0
213517_92589,0
213517_8379,0
213517_148711,1
213518_66886,1
213518_65362,1
213518_59187,1
213518_49063,1
213518_56489,0
213518_233420,1
213522_19263,0
213522_11019,0
213522_154286,1
213522_133617,1
213522_98445,0
213522_2141,1
213523_17193,1
213523_117355,1
213523_34948,1
213523_271252,1
213523_117185,0
213523_93036,1
213524_139262,0
213524_156281,0
213524_93557,1
213524_37516,0
213524_115722,1
213524_15142,1
213525_106102,0
213525_163930,0
213525_72239,1
213525_57114,1
213525_53632,0
213525_256675,0
213530_44782,1
213530_224658,0
213530_109352,1
213530_55250,1
213530_236044,0
213530_274897,0
213531_41105,0
213531_117326,0
213531_194802,1
213531_271794,0
213531_209371,1
213531_96378,1
213537_250273,0
213537_36048,0
213537_1199,0
213537_261450,0
213537_245668,0
213537_189023,0
213540_29067,1
213540_166096,0
213540_899,0
213540_136535,0
213540_255065,1
213540_283715,1
213541_172420,1
213541_90722,1
213541_131453,1
213541_159732,1
213541_233221,1
213541_245972,1
213542_220196,0
213542_124814,1
213542_165716,1
213542_135533,1
213542_189832,1
213542_83187,1
213543_112767,1
213543_37183,1
213543_83891,1
213543_182945,0
213543_150704,1
213543_60205,1
213544_158796,1
213544_119928,1
213544_160194,0
213544_75123,0
213544_193711,0
213544_39906,1
213545_53224,0
213545_171587,1
213545_61123,1
213545_191134,0
213545_58999,1
213545_77871,0
213547_40535,1
213547_265963,0
213547_22056,0
213547_246144,1
213547_221998,1
213547_70985,0
213548_89158,1
213548_232209,1
213548_219934,1
213548_232520,1
213548_65707,0
213548_148053,1
213549_231014,1
213549_29104,0
213549_41950,1
213549_58702,0
213549_92292,1
213549_238705,1
213556_121777,1
213556_137222,0
213556_70268,1
213556_138809,1
213556_59768,0
213556_252250,1
213557_7375,1
213557_142539,1
213557_172175,1
213557_101810,0
213557_46063,1
213557_133701,1
213563_256208,0
213563_18292,0
213563_66685,0
213563_44127,0
213563_114804,0
213563_153448,0
213564_6064,1
213564_77576,1
213564_60697,1
213564_187847,1
213564_18433,1
213564_41764,1
213566_24050,1
213566_9508,0
213566_44290,0
213566_104676,1
213566_204850,0
213566_263647,1
213570_281818,0
213570_42334,0
213570_49377,0
213570_128748,1
213570_24043,1
213570_177085,0
213571_10628,1
213571_58946,0
213571_232320,0
213571_226320,1
213571_156711,1
213571_163734,0
213573_5869,1
213573_166332,1
213573_260411,0
213573_268462,0
213573_143852,0
213573_21157,1
213576_207890,1
213576_279402,1
213576_151958,0
213576_135752,0
213576_15598,0
213576_260931,0
213578_126022,1
213578_115920,1
213578_132069,1
213578_144100,1
213578_254511,1
213578_287272,1
213580_117872,0
213580_139147,1
213580_243646,0
213580_28525,0
213580_10996,1
213580_296055,1
213585_106073,0
213585_275729,1
213585_95346,1
213585_92323,1
213585_56749,0
213585_133176,1
213589_130771,0
213589_153442,1
213589_73557,1
213589_133906,0
213589_260664,0
213589_179378,1
213591_167264,0
213591_191327,0
213591_126992,1
213591_66467,1
213591_109120,1
213591_235716,1
213592_56234,0
213592_85681,1
213592_89795,1
213592_275408,0
213592_19543,1
213592_203088,0
213596_58353,1
213596_12174,1
213596_20093,1
213596_241538,1
213596_41733,1
213596_70433,0
213598_114730,1
213598_288689,1
213598_229625,0
213598_72300,1
213598_45151,1
213598_51299,0
213601_113233,0
213601_17882,0
213601_88927,0
213601_74542,0
213601_162614,0
213601_150037,1
213602_250433,0
213602_176104,1
213602_81561,0
213602_12189,1
213602_52645,0
213602_288061,0
213605_143883,1
213605_257663,0
213605_108560,1
213605_5502,0
213605_38570,1
213605_234332,0
213611_169538,0
213611_264564,0
213611_248267,1
213611_294808,0
213611_244732,1
213611_238113,0
213616_45318,0
213616_64328,1
213616_123891,0
213616_152033,0
213616_17387,0
213616_274094,1
213618_186266,1
213618_115967,1
213618_38557,0
213618_113065,0
213618_173506,0
213618_238161,1
213619_70696,0
213619_114154,1
213619_229468,0
213619_177048,1
213619_281521,1
213619_279300,0
213621_252545,0
213621_241415,0
213621_98363,0
213621_69816,1
213621_117743,0
213621_194579,1
213623_9747,0
213623_128588,0
213623_190993,0
213623_8150,0
213623_156758,0
213623_157882,1
213627_144525,1
213627_277385,0
213627_15109,1
213627_191680,0
213627_3711,0
213627_64454,0
213628_134458,0
213628_182278,1
213628_165378,1
213628_202787,0
213628_72065,1
213628_267943,0
213631_127879,1
213631_107168,0
213631_23275,0
213631_35108,1
213631_268462,0
213631_120609,1
213641_283015,0
213641_95942,1
213641_72925,1
213641_163029,0
213641_262819,0
213641_51270,1
213644_243829,1
213644_166608,1
213644_163317,1
213644_138809,1
213644_33622,1
213644_12541,0
213645_106597,1
213645_173059,1
213645_205122,1
213645_285250,1
213645_218868,1
213645_18460,0
213650_176131,1
213650_124442,0
213650_277624,0
213650_24770,0
213650_254842,0
213650_269787,0
213655_247492,1
213655_34397,1
213655_168679,1
213655_213449,1
213655_82335,0
213655_208755,1
213660_42937,1
213660_284636,1
213660_148821,1
213660_220997,0
213660_129330,1
213660_123292,1
213663_99448,1
213663_273219,1
213663_131901,1
213663_43564,0
213663_89795,1
213663_110789,1
213665_278223,1
213665_67782,0
213665_142776,0
213665_163317,1
213665_187152,1
213665_229916,0
213667_281141,1
213667_24433,0
213667_139425,1
213667_185423,1
213667_78201,0
213667_208817,1
213669_31300,1
213669_141841,1
213669_52228,1
213669_291238,1
213669_31440,1
213669_90370,1
213670_6393,1
213670_172175,0
213670_177764,1
213670_65494,1
213670_236750,0
213670_95170,1
213671_47787,0
213671_246898,0
213671_205656,1
213671_146618,1
213671_292852,1
213671_109907,0
213672_218585,0
213672_22250,0
213672_160030,1
213672_176480,1
213672_225874,1
213672_282355,0
213674_81684,1
213674_260439,0
213674_132903,1
213674_142381,1
213674_51217,1
213674_69219,1
213676_17882,1
213676_125926,1
213676_268018,1
213676_31341,0
213676_250273,1
213676_186289,1
213677_120994,1
213677_42246,0
213677_31440,1
213677_137099,1
213677_191546,1
213677_245201,0
213680_275953,1
213680_253906,0
213680_12497,0
213680_125330,0
213680_90356,1
213680_175059,1
213681_169952,0
213681_219317,1
213681_41843,1
213681_236676,1
213681_226889,1
213681_192355,1
213682_64978,1
213682_70613,0
213682_117788,0
213682_271623,1
213682_32743,1
213682_78845,0
213687_91564,1
213687_82791,1
213687_206024,1
213687_269065,1
213687_227713,1
213687_243954,1
213689_59344,1
213689_10988,0
213689_80381,0
213689_52617,1
213689_185559,0
213689_25828,1
213690_163357,0
213690_274249,0
213690_268126,0
213690_50721,0
213690_8163,0
213690_75644,0
213691_83057,0
213691_285582,0
213691_106320,0
213691_281016,0
213691_92062,0
213691_265843,0
213693_88999,1
213693_262874,0
213693_31587,1
213693_145097,0
213693_35663,1
213693_168022,1
213694_224974,1
213694_212461,1
213694_229516,1
213694_50251,0
213694_80782,1
213694_88705,0
213695_197639,1
213695_105779,1
213695_127109,0
213695_177509,1
213695_41510,1
213695_122337,1
213703_151554,0
213703_282320,0
213703_153228,1
213703_220171,0
213703_117516,1
213703_287471,0
213710_34004,0
213710_134877,1
213710_193424,1
213710_166365,1
213710_57643,1
213710_202154,1
213714_429,1
213714_224508,1
213714_22214,1
213714_278271,1
213714_130436,0
213714_219002,1
213715_138809,1
213715_164587,0
213715_51675,0
213715_10589,1
213715_86104,0
213715_222894,1
213717_4140,1
213717_48601,1
213717_219640,1
213717_108342,1
213717_156913,1
213717_280494,1
213720_82495,1
213720_216660,0
213720_154286,1
213720_64333,1
213720_77394,1
213720_213504,1
213722_267631,1
213722_218145,0
213722_31994,1
213722_287113,0
213722_193100,1
213722_249559,1
213725_171358,0
213725_109667,1
213725_191415,1
213725_119576,1
213725_219566,1
213725_60994,1
213731_93973,1
213731_227724,0
213731_175220,0
213731_222554,1
213731_28015,1
213731_201611,0
213735_188408,1
213735_249611,1
213735_45288,0
213735_234104,0
213735_261118,1
213735_212131,0
213737_207890,0
213737_267989,0
213737_202821,1
213737_12756,0
213737_77142,1
213737_183238,1
213743_230658,0
213743_94818,0
213743_183238,0
213743_101188,0
213743_163236,0
213743_207119,0
213744_205912,0
213744_66943,1
213744_272851,1
213744_7669,1
213744_137479,0
213744_30176,0
213745_64497,1
213745_59910,0
213745_217877,0
213745_229894,0
213745_11729,0
213745_2538,1
213746_110276,1
213746_256008,1
213746_139745,1
213746_70431,0
213746_136275,0
213746_7114,0
213747_149237,1
213747_184197,1
213747_220488,0
213747_1743,1
213747_91665,0
213747_89156,0
213749_237718,0
213749_182009,0
213749_200166,0
213749_175571,0
213749_932,0
213749_152478,0
213750_278582,1
213750_59981,0
213750_71402,0
213750_283956,0
213750_76685,0
213750_113983,0
213757_271100,1
213757_111183,1
213757_84256,0
213757_59873,0
213757_295399,1
213757_267749,1
213759_112401,1
213759_118129,0
213759_33195,1
213759_72300,1
213759_192523,1
213759_274047,1
213761_43564,1
213761_113272,0
213761_151735,1
213761_242372,1
213761_52670,0
213761_275902,0
213762_203088,0
213762_67063,0
213762_146842,0
213762_120603,0
213762_203707,1
213762_249578,0
213764_281521,0
213764_159814,1
213764_27097,0
213764_77050,0
213764_106494,1
213764_191303,0
213766_74142,0
213766_130023,0
213766_72507,1
213766_66634,1
213766_214505,1
213766_159208,0
213767_187663,0
213767_142509,1
213767_253193,0
213767_47561,0
213767_255636,0
213767_21722,1
213769_252006,0
213769_113776,1
213769_161840,1
213769_268426,1
213769_252310,0
213769_175274,0
213773_245112,1
213773_238638,1
213773_44371,1
213773_166185,1
213773_209370,1
213773_641,1
213774_295729,1
213774_150387,0
213774_229916,1
213774_121020,1
213774_259824,1
213774_166284,0
213775_163445,1
213775_96303,1
213775_215879,0
213775_149089,0
213775_127570,1
213775_137827,0
213776_151808,0
213776_92768,0
213776_176515,0
213776_156473,0
213776_103870,0
213776_77246,0
213779_223164,0
213779_22426,1
213779_74629,0
213779_84310,1
213779_145481,1
213779_117946,0
213780_51234,0
213780_92078,0
213780_5207,1
213780_260198,1
213780_72225,1
213780_100113,0
213785_104351,1
213785_144718,1
213785_19902,1
213785_75759,1
213785_92564,0
213785_135168,1
213787_160434,1
213787_152820,1
213787_169589,0
213787_29914,0
213787_106428,1
213787_91417,1
213790_146101,1
213790_14880,1
213790_13363,1
213790_166592,1
213790_294691,1
213790_133781,1
213792_88858,0
213792_246951,0
213792_123525,1
213792_51468,0
213792_140360,0
213792_184197,1
213793_78112,0
213793_214191,1
213793_9758,1
213793_106915,0
213793_215788,0
213793_207709,0
213794_10628,1
213794_127018,0
213794_292686,0
213794_293893,0
213794_65494,1
213794_183307,1
213795_31474,0
213795_293332,1
213795_97476,0
213795_246593,0
213795_52490,0
213795_187843,1
213799_187261,0
213799_102164,0
213799_213741,0
213799_260089,1
213799_290199,0
213799_239275,1
213804_269685,0
213804_18486,1
213804_253084,0
213804_286863,1
213804_1585,1
213804_47008,1
213806_113437,1
213806_193545,1
213806_247946,0
213806_37158,1
213806_197524,0
213806_66439,0
213807_256525,1
213807_216226,0
213807_267297,0
213807_101111,1
213807_163961,0
213807_291661,1
213811_205018,1
213811_288302,0
213811_132105,1
213811_183307,1
213811_271560,1
213811_14119,1
213815_180283,1
213815_55871,1
213815_98187,1
213815_71039,1
213815_58459,1
213815_194447,1
213817_265240,0
213817_111433,1
213817_182009,0
213817_142969,1
213817_123271,0
213817_269647,1
213818_13011,0
213818_166319,1
213818_248189,1
213818_276944,1
213818_163104,1
213818_79095,1
213819_38823,1
213819_243254,1
213819_63243,1
213819_161083,1
213819_280310,1
213819_164568,1
213820_66943,1
213820_247494,1
213820_89795,0
213820_60074,1
213820_124387,1
213820_221708,0
213821_54154,0
213821_165520,1
213821_168227,1
213821_169884,0
213821_148711,1
213821_47591,0
213823_178645,0
213823_165520,1
213823_273976,1
213823_18701,1
213823_86716,1
213823_124381,1
213824_292779,0
213824_108679,0
213824_259824,1
213824_257749,1
213824_150766,1
213824_281826,0
213825_69262,1
213825_17740,1
213825_120535,1
213825_109024,1
213825_64656,0
213825_209823,0
213828_209821,0
213828_36002,0
213828_152786,0
213828_225510,1
213828_174888,1
213828_52294,1
213829_73978,0
213829_230358,1
213829_8669,1
213829_54650,0
213829_30604,1
213829_174916,0
213834_236120,0
213834_213072,1
213834_247749,1
213834_116613,0
213834_14910,1
213834_250503,0
213837_104327,0
213837_214698,0
213837_48366,0
213837_163933,1
213837_3604,1
213837_258135,1
213838_41535,1
213838_205676,0
213838_158211,0
213838_256046,0
213838_94441,1
213838_241411,0
213839_63996,0
213839_109544,1
213839_255711,1
213839_171830,1
213839_144656,1
213839_80251,1
213842_25075,1
213842_150772,0
213842_36621,0
213842_208755,0
213842_144953,0
213842_252262,1
213843_73519,1
213843_36734,1
213843_67640,1
213843_112017,1
213843_276635,1
213843_282489,0
213844_234570,0
213844_170285,1
213844_73557,1
213844_245995,1
213844_145050,1
213844_56154,0
213846_11855,1
213846_210006,0
213846_258264,0
213846_29189,0
213846_175118,0
213846_197368,0
213848_53085,0
213848_113895,0
213848_114129,0
213848_268993,0
213848_164793,0
213848_274829,1
213849_120004,1
213849_181408,0
213849_259253,1
213849_170205,0
213849_116493,1
213849_56508,1
213853_71966,1
213853_254625,1
213853_27480,1
213853_255447,1
213853_255399,0
213853_166968,1
213854_139654,1
213854_10772,0
213854_175991,1
213854_202958,0
213854_252444,0
213854_258891,1
213861_72878,0
213861_276970,0
213861_224772,0
213861_191413,0
213861_127129,0
213861_87040,0
213862_109144,1
213862_215054,0
213862_220960,1
213862_225426,1
213862_213755,1
213862_177409,1
213866_1779,0
213866_204083,0
213866_190099,0
213866_20350,0
213866_77246,0
213866_173805,0
213871_113233,1
213871_264558,1
213871_197897,1
213871_69662,1
213871_237367,1
213871_221618,1
213872_48503,1
213872_38949,1
213872_256740,1
213872_136129,0
213872_250452,0
213872_263932,1
213873_187117,1
213873_270823,1
213873_29986,1
213873_18674,1
213873_236309,1
213873_5684,0
213874_122893,0
213874_290850,1
213874_94390,1
213874_236120,0
213874_276970,0
213874_148931,1
213876_61066,1
213876_178133,1
213876_138985,1
213876_210733,1
213876_284754,1
213876_272332,1
213878_284909,0
213878_69556,1
213878_276211,0
213878_52259,1
213878_107344,1
213878_262883,1
213879_60428,1
213879_32135,0
213879_112669,0
213879_140485,0
213879_86266,1
213879_134825,0
213881_75630,0
213881_275658,1
213881_191750,1
213881_42375,1
213881_230910,1
213881_63975,1
213883_17022,1
213883_286932,0
213883_131892,0
213883_181544,1
213883_227559,0
213883_39253,1
213884_134099,0
213884_134958,0
213884_68539,1
213884_200777,0
213884_275548,0
213884_142408,1
213886_48000,1
213886_285787,0
213886_157129,1
213886_52458,0
213886_160239,1
213886_87727,0
213887_281160,0
213887_140236,0
213887_169866,0
213887_5844,1
213887_15277,1
213887_124264,0
213890_80615,0
213890_109323,0
213890_250601,1
213890_218206,1
213890_105115,1
213890_112211,0
213891_222786,1
213891_17302,1
213891_93094,1
213891_88610,1
213891_144860,1
213891_238121,1
213893_244589,0
213893_97397,1
213893_197522,0
213893_274931,1
213893_293108,1
213893_207571,1
213894_10696,1
213894_107420,1
213894_118920,0
213894_9101,1
213894_162347,1
213894_83385,1
213896_42251,1
213896_151881,1
213896_189205,1
213896_266130,0
213896_41088,1
213896_166679,1
213898_195947,0
213898_2595,0
213898_46414,0
213898_180607,0
213898_235491,0
213898_107322,0
213901_289137,1
213901_71880,1
213901_241246,0
213901_179483,1
213901_60913,1
213901_108453,0
213902_200501,0
213902_271163,0
213902_194060,0
213902_36641,0
213902_282974,0
213902_186911,0
213915_240037,0
213915_30877,1
213915_187953,1
213915_150186,1
213915_96997,1
213915_152946,0
213916_19236,1
213916_217557,1
213916_24556,1
213916_210352,1
213916_294205,1
213916_253486,1
213917_194053,1
213917_189663,1
213917_124461,1
213917_139930,0
213917_285109,1
213917_246130,1
213920_244942,1
213920_31341,1
213920_51098,1
213920_10263,1
213920_36224,1
213920_97599,1
213922_267297,1
213922_104190,0
213922_10224,0
213922_26561,1
213922_22940,1
213922_59761,0
213925_127129,1
213925_31552,0
213925_4302,1
213925_84521,0
213925_70306,0
213925_165044,1
213928_136550,0
213928_163308,0
213928_245093,1
213928_85711,0
213928_112535,1
213928_292077,1
213929_34892,0
213929_247442,0
213929_225781,0
213929_112760,1
213929_244557,0
213929_154321,1
213932_225426,1
213932_65672,0
213932_2088,1
213932_23138,0
213932_56657,0
213932_44469,0
213935_6451,1
213935_291909,0
213935_19889,1
213935_164737,1
213935_69178,1
213935_108161,1
213940_42309,0
213940_219758,1
213940_78932,1
213940_207659,0
213940_295449,1
213940_137375,0
213944_66409,0
213944_189827,1
213944_67509,1
213944_127933,1
213944_25039,1
213944_246219,0
213945_134510,1
213945_145261,0
213945_264810,0
213945_258824,1
213945_166538,0
213945_68153,1
213946_237718,0
213946_291053,1
213946_271414,0
213946_117339,0
213946_149377,1
213946_49673,0
213947_142804,0
213947_34084,1
213947_104424,1
213947_54805,1
213947_251445,0
213947_276805,0
213951_53625,0
213951_1199,0
213951_66886,0
213951_198368,1
213951_2451,0
213951_111346,0
213953_171649,1
213953_26638,1
213953_187670,0
213953_223649,1
213953_55422,1
213953_232559,1
213955_84049,1
213955_230974,1
213955_64110,1
213955_96799,1
213955_98681,1
213955_88513,1
213957_156593,0
213957_266705,0
213957_72875,1
213957_50580,0
213957_80916,1
213957_194256,0
213958_169626,0
213958_128709,1
213958_26658,0
213958_235805,1
213958_5846,1
213958_100696,0
213960_144119,0
213960_215339,1
213960_157256,0
213960_71685,1
213960_47249,1
213960_265918,1
213961_213224,1
213961_93722,1
213961_61826,0
213961_207528,0
213961_232474,0
213961_13551,0
213962_87156,1
213962_289124,1
213962_293145,0
213962_242201,0
213962_291128,0
213962_106882,1
213963_148132,0
213963_71574,0
213963_238763,1
213963_46091,1
213963_131374,1
213963_284781,0
213964_247862,1
213964_35037,0
213964_42907,0
213964_122008,0
213964_52302,1
213964_249472,1
213966_168397,1
213966_16665,0
213966_145554,1
213966_14203,0
213966_109986,0
213966_198120,1
213974_157402,0
213974_204462,1
213974_115656,1
213974_57985,0
213974_291238,1
213974_35686,0
213976_43391,1
213976_257899,0
213976_6463,0
213976_259316,1
213976_115182,0
213976_252799,1
213977_247545,1
213977_205159,1
213977_251015,0
213977_272057,1
213977_265026,0
213977_285844,0
213981_255320,1
213981_258137,1
213981_168264,0
213981_72516,1
213981_85791,1
213981_70122,0
213982_237493,1
213982_122460,1
213982_58862,0
213982_230797,1
213982_64514,0
213982_179502,1
213984_269688,0
213984_283778,1
213984_92084,0
213984_127285,1
213984_87505,0
213984_106257,0
213987_230910,1
213987_182233,1
213987_51321,1
213987_34503,1
213987_24015,1
213987_252447,1
213990_6453,1
213990_36626,0
213990_263043,0
213990_115335,1
213990_104073,1
213990_67942,1
213991_4833,0
213991_255048,1
213991_90827,0
213991_19615,0
213991_242201,0
213991_163189,0
213998_19099,0
213998_81131,1
213998_59375,1
213998_83991,0
213998_244960,0
213998_267298,1
214001_257260,0
214001_72676,1
214001_50009,1
214001_141411,1
214001_192610,0
214001_27971,0
214002_246368,1
214002_133176,0
214002_38403,0
214002_93068,0
214002_125831,1
214002_147802,1
214003_239718,0
214003_94779,1
214003_119453,1
214003_141085,0
214003_45166,1
214003_160196,1
214006_63674,1
214006_272907,1
214006_33318,0
214006_189978,1
214006_2121,1
214006_191127,0
214007_83417,1
214007_29381,1
214007_65084,1
214007_249121,1
214007_252281,0
214007_6695,1
214010_261944,0
214010_64402,0
214010_93562,1
214010_177237,1
214010_70054,0
214010_218776,1
214011_50628,0
214011_130849,1
214011_109986,0
214011_43929,0
214011_109407,0
214011_205225,1
214015_180229,0
214015_130097,0
214015_173397,1
214015_245005,1
214015_83159,1
214015_142762,1
214017_276510,0
214017_66467,1
214017_79411,0
214017_166106,0
214017_30607,0
214017_145963,0
214019_288729,0
214019_231332,1
214019_98133,1
214019_187117,1
214019_54378,0
214019_79655,1
214021_50515,1
214021_288179,1
214021_150250,1
214021_248745,1
214021_98860,1
214021_262955,1
214022_291943,1
214022_49983,1
214022_22224,1
214022_61183,1
214022_24876,1
214022_254625,1
214023_164912,0
214023_194810,1
214023_110276,0
214023_92064,1
214023_228615,1
214023_155158,1
214026_156592,0
214026_20036,1
214026_224707,1
214026_169325,1
214026_244283,1
214026_103310,1
214034_205108,0
214034_67915,1
214034_159549,0
214034_77746,1
214034_36732,1
214034_68160,0
214037_118905,0
214037_264743,0
214037_30995,0
214037_92449,0
214037_23634,0
214037_49236,0
214042_115927,0
214042_103138,0
214042_112965,1
214042_206895,0
214042_251297,0
214042_213390,1
214043_162447,0
214043_9514,0
214043_14306,0
214043_144872,1
214043_291450,1
214043_128470,1
214044_209776,1
214044_187969,0
214044_106318,0
214044_218394,0
214044_109362,0
214044_15135,0
214045_214727,0
214045_124125,1
214045_262295,1
214045_21333,1
214045_35669,1
214045_218715,1
214052_56423,1
214052_249919,1
214052_122086,0
214052_19197,0
214052_175710,0
214052_4027,0
214055_31337,0
214055_84856,0
214055_187414,1
214055_33120,1
214055_152244,0
214055_131585,0
214056_7669,1
214056_248421,1
214056_268443,0
214056_68734,1
214056_113736,0
214056_170344,1
214057_120004,1
214057_255065,1
214057_30594,1
214057_71765,1
214057_56976,1
214057_258045,1
214060_146376,1
214060_96663,1
214060_96327,1
214060_268613,1
214060_281818,0
214060_40647,0
214063_191585,1
214063_241428,1
214063_100076,1
214063_44677,0
214063_228043,0
214063_6405,0
214064_170260,1
214064_114433,1
214064_22250,0
214064_144553,1
214064_290588,1
214064_36506,0
214065_5214,1
214065_49673,1
214065_204954,1
214065_77246,1
214065_24426,1
214065_98643,1
214066_161746,1
214066_287377,0
214066_146408,0
214066_220973,0
214066_276415,0
214066_43315,1
214067_158577,0
214067_61196,0
214067_123259,0
214067_6146,0
214067_185558,0
214067_216047,0
214071_86986,1
214071_39799,1
214071_279521,1
214071_149525,1
214071_276760,1
214071_147254,0
214075_269547,1
214075_76692,0
214075_130719,1
214075_136275,1
214075_23459,1
214075_152337,0
214076_97555,1
214076_238401,0
214076_8795,1
214076_248331,1
214076_98954,1
214076_73557,1
214082_112452,0
214082_50278,1
214082_136550,0
214082_109120,1
214082_276635,1
214082_232863,1
214083_107049,0
214083_208559,0
214083_116401,1
214083_290018,1
214083_125210,1
214083_236368,0
214084_42316,1
214084_218715,1
214084_42487,1
214084_139319,1
214084_276760,1
214084_290129,1
214085_65181,0
214085_5869,1
214085_163660,0
214085_139391,0
214085_156219,0
214085_4493,0
214087_117875,0
214087_289153,0
214087_124029,0
214087_29189,0
214087_78961,0
214087_258130,0
214088_110918,0
214088_117790,1
214088_5923,0
214088_241072,0
214088_188971,0
214088_272817,0
214090_12038,0
214090_174078,1
214090_273219,0
214090_278949,0
214090_231497,0
214090_261286,1
214092_254692,1
214092_15255,1
214092_132300,1
214092_52444,1
214092_216902,1
214092_90722,1
214093_260198,1
214093_22124,1
214093_82738,1
214093_34829,1
214093_291501,1
214093_172333,1
214095_62498,1
214095_104643,0
214095_191976,0
214095_124461,0
214095_11002,1
214095_248385,1
214097_156752,0
214097_15129,0
214097_268462,1
214097_271100,1
214097_94349,0
214097_218299,1
214099_165847,1
214099_92699,1
214099_181900,0
214099_83385,0
214099_268426,0
214099_33622,0
214102_227364,0
214102_162018,0
214102_182775,1
214102_130807,0
214102_212450,1
214102_217853,1
214104_241358,0
214104_184835,1
214104_243602,0
214104_72821,1
214104_136523,1
214104_70945,1
214107_13543,1
214107_255449,1
214107_150719,1
214107_136848,1
214107_260780,1
214107_196620,0
214114_156153,1
214114_157092,1
214114_119451,0
214114_153396,0
214114_2529,1
214114_232450,1
214119_132398,0
214119_69797,1
214119_232215,0
214119_72548,1
214119_262921,1
214119_151720,1
214121_56783,0
214121_100333,1
214121_80065,1
214121_282197,1
214121_82355,1
214121_230105,0
214126_228676,1
214126_142289,1
214126_17764,1
214126_116743,1
214126_280550,0
214126_246975,0
214128_101871,1
214128_163853,1
214128_276862,0
214128_54775,0
214128_53766,1
214128_230333,0
214129_156566,0
214129_87505,1
214129_82114,0
214129_234884,1
214129_261080,0
214129_181540,0
214132_89270,0
214132_4833,0
214132_264826,1
214132_236771,1
214132_286440,1
214132_233293,1
214133_257260,0
214133_111061,0
214133_96092,0
214133_276517,0
214133_208978,0
214133_268329,0
214136_92839,1
214136_154729,0
214136_277610,1
214136_129332,0
214136_54636,1
214136_55806,1
214137_169580,0
214137_196877,1
214137_290447,0
214137_168463,1
214137_187107,1
214137_118852,0
214146_61826,1
214146_64675,0
214146_140692,1
214146_65707,0
214146_158908,1
214146_242852,0
214147_141509,0
214147_59815,0
214147_92691,0
214147_108780,0
214147_29189,1
214147_17764,1
214149_151081,0
214149_23109,1
214149_76395,1
214149_21415,1
214149_288838,0
214149_20208,1
214151_29894,1
214151_190272,1
214151_84030,1
214151_121824,1
214151_292400,0
214151_201650,1
214152_87704,0
214152_169065,1
214152_201199,0
214152_287819,1
214152_19305,0
214152_45515,1
214156_21548,1
214156_262540,1
214156_119027,0
214156_233601,0
214156_277744,0
214156_170625,1
214159_74142,1
214159_294881,1
214159_165345,1
214159_253486,1
214159_8809,1
214159_8418,0
214161_250273,1
214161_10667,0
214161_19780,1
214161_125110,0
214161_203676,0
214161_225974,0
214162_264698,0
214162_80344,1
214162_96297,1
214162_28833,0
214162_267088,1
214162_25903,1
214167_177754,1
214167_256174,0
214167_12827,1
214167_31637,1
214167_51468,1
214167_48872,1
214169_252608,0
214169_212711,1
214169_226550,0
214169_105524,0
214169_68854,1
214169_139950,0
214170_82365,1
214170_227559,0
214170_2129,1
214170_61941,0
214170_26154,1
214170_206537,1
214173_157155,0
214173_257187,0
214173_134456,0
214173_64394,1
214173_5116,0
214173_558,0
214179_230009,0
214179_289099,0
214179_196655,1
214179_14323,0
214179_162141,0
214179_235712,1
214181_53371,1
214181_146178,1
214181_273253,0
214181_150400,0
214181_10628,1
214181_280639,0
214184_237211,1
214184_6173,1
214184_5888,1
214184_12683,1
214184_208388,1
214184_285357,0
214192_19997,0
214192_196720,1
214192_32878,1
214192_230358,1
214192_82265,0
214192_142422,0
214195_52044,1
214195_150618,1
214195_77896,0
214195_72878,1
214195_208656,1
214195_170260,1
214196_2612,0
214196_202500,0
214196_227482,1
214196_204051,1
214196_119053,0
214196_269395,1
214200_61284,1
214200_127817,0
214200_106568,1
214200_127820,0
214200_131114,1
214200_283724,0
214204_179248,0
214204_235250,0
214204_267898,0
214204_169945,1
214204_144172,0
214204_204377,1
214205_81883,1
214205_78425,0
214205_50702,1
214205_39477,1
214205_83146,0
214205_116694,1
214208_236207,1
214208_263647,1
214208_42375,1
214208_213761,1
214208_279521,1
214208_3458,1
214212_261450,1
214212_221998,1
214212_48039,1
214212_120535,1
214212_153203,0
214212_89740,1
214215_220024,1
214215_37568,1
214215_85128,0
214215_289970,1
214215_196957,1
214215_155302,1
214220_282719,0
214220_67669,1
214220_12476,1
214220_136646,0
214220_107493,1
214220_210044,1
214223_63855,1
214223_105048,0
214223_34930,1
214223_573,0
214223_56551,1
214223_49291,0
214225_113662,1
214225_20124,1
214225_74936,0
214225_212782,1
214225_238633,0
214225_104908,1
214226_153923,0
214226_275258,1
214226_146213,0
214226_140095,1
214226_5844,1
214226_46756,1
214227_6679,0
214227_282197,1
214227_252062,0
214227_30318,1
214227_58471,1
214227_158421,1
214231_138985,0
214231_93699,0
214231_291102,0
214231_84591,1
214231_100956,1
214231_15573,1
214237_58711,0
214237_61617,0
214237_152820,1
214237_214191,1
214237_264627,0
214237_130614,0
214241_285324,1
214241_28086,1
214241_268900,0
214241_279398,1
214241_238113,1
214241_117925,0
214242_63975,1
214242_73675,1
214242_69951,0
214242_28948,1
214242_94147,0
214242_189679,0
214243_196725,0
214243_45543,1
214243_216953,1
214243_56013,0
214243_255511,1
214243_112363,1
214244_273520,0
214244_278731,1
214244_123881,1
214244_187250,1
214244_101119,1
214244_19214,0
214245_9898,1
214245_49687,0
214245_264901,1
214245_83168,1
214245_118861,0
214245_136563,0
214248_239989,1
214248_185842,0
214248_29914,1
214248_102148,0
214248_265281,1
214248_197722,0
214251_113182,0
214251_21754,1
214251_181371,1
214251_72711,0
214251_217111,1
214251_215398,1
214254_181083,1
214254_249335,1
214254_190572,0
214254_35785,0
214254_77246,1
214254_75833,1
214255_79723,1
214255_189037,0
214255_177620,0
214255_138276,1
214255_109543,1
214255_188193,1
214256_66943,1
214256_273921,0
214256_245382,0
214256_179206,1
214256_182581,1
214256_252817,1
214260_207239,0
214260_29189,1
214260_154431,0
214260_105399,1
214260_210849,1
214260_150772,0
214264_155189,0
214264_152087,1
214264_231030,1
214264_197213,0
214264_78157,1
214264_244372,1
214265_260846,0
214265_113447,1
214265_249929,0
214265_31017,1
214265_188911,0
214265_156357,1
214267_32606,0
214267_285574,0
214267_165394,0
214267_257899,0
214267_213012,0
214267_5869,1
214268_277553,0
214268_88858,0
214268_61846,0
214268_87975,1
214268_2518,1
214268_16542,1
214270_213473,0
214270_262670,0
214270_284909,0
214270_205676,1
214270_16374,0
214270_269227,0
214272_170783,0
214272_226669,1
214272_56988,0
214272_152492,1
214272_23228,0
214272_281818,0
214273_242681,1
214273_255856,0
214273_72001,0
214273_213246,0
214273_192149,1
214273_15931,1
214274_298,0
214274_35464,0
214274_195535,0
214274_283448,0
214274_256760,0
214274_90641,0
214276_142066,1
214276_234884,1
214276_146176,1
214276_131352,1
214276_155530,0
214276_207449,1
214277_82535,1
214277_14474,1
214277_10470,0
214277_27767,0
214277_249121,1
214277_73620,0
214278_61941,1
214278_203160,0
214278_144186,1
214278_293576,1
214278_105744,0
214278_35930,1
214280_33106,1
214280_57523,0
214280_73557,1
214280_7324,1
214280_266465,1
214280_98878,1
214283_190692,0
214283_123363,0
214283_65818,1
214283_113605,0
214283_25040,0
214283_107563,1
214286_17996,0
214286_253468,0
214286_154323,0
214286_131896,0
214286_55412,0
214286_240854,0
214287_168636,1
214287_285508,1
214287_286863,1
214287_157492,1
214287_124109,1
214287_152967,1
214288_178875,0
214288_258030,0
214288_151595,1
214288_124109,1
214288_287260,1
214288_168489,0
214291_39623,0
214291_37517,0
214291_245559,0
214291_252291,0
214291_111874,1
214291_64639,1
214293_92683,0
214293_226950,1
214293_92843,1
214293_200914,0
214293_63627,0
214293_9853,1
214294_158941,0
214294_214409,0
214294_129095,1
214294_281818,0
214294_185243,1
214294_130771,1
214295_267297,0
214295_265026,0
214295_226439,0
214295_182307,1
214295_254917,1
214295_32226,1
214296_194953,0
214296_162611,0
214296_228424,1
214296_237532,0
214296_3506,1
214296_234001,0
214299_15851,0
214299_264826,1
214299_74096,1
214299_87671,1
214299_210854,0
214299_104463,0
214303_249305,1
214303_262757,1
214303_13805,1
214303_66071,0
214303_137771,0
214303_21582,1
214305_28217,0
214305_14339,0
214305_184710,0
214305_247020,0
214305_278103,0
214305_187585,0
214306_180306,1
214306_251048,1
214306_127194,0
214306_78961,1
214306_191102,0
214306_171850,1
214307_82253,0
214307_264813,1
214307_286160,1
214307_272803,0
214307_247925,0
214307_68914,0
214309_158346,0
214309_160980,1
214309_231615,0
214309_291706,1
214309_224197,1
214309_123997,0
214315_103458,1
214315_97304,1
214315_109937,1
214315_222554,1
214315_3109,1
214315_259141,1
214317_271794,1
214317_18604,1
214317_160526,0
214317_82912,1
214317_91510,0
214317_119453,1
214320_128541,1
214320_165708,1
214320_140549,1
214320_16733,0
214320_192308,0
214320_3794,0
214322_179993,1
214322_207630,0
214322_40834,0
214322_183224,0
214322_170180,1
214322_244857,0
214325_177942,0
214325_99510,1
214325_201172,0
214325_229110,0
214325_269604,0
214325_27668,0
214330_106882,1
214330_148659,1
214330_87237,1
214330_152626,1
214330_238633,1
214330_113599,1
214335_20183,1
214335_162302,0
214335_188376,1
214335_228746,1
214335_81933,0
214335_230811,1
214336_42331,1
214336_61464,0
214336_182932,1
214336_246966,1
214336_204268,0
214336_194060,1
214342_174949,1
214342_112621,1
214342_172357,0
214342_150032,1
214342_33778,0
214342_170371,0
214344_8289,0
214344_101997,0
214344_36538,1
214344_182924,0
214344_91894,0
214344_11608,1
214347_168149,1
214347_272332,1
214347_82308,1
214347_282608,1
214347_162227,1
214347_234884,1
214351_89795,1
214351_37491,1
214351_102412,0
214351_180177,1
214351_240753,0
214351_103044,0
214352_140230,1
214352_116399,0
214352_285162,0
214352_167151,0
214352_161419,0
214352_285496,1
214353_284297,0
214353_144451,1
214353_230677,1
214353_275223,0
214353_30234,1
214353_221071,0
214358_236543,0
214358_171045,1
214358_190272,1
214358_207656,1
214358_266101,1
214358_38168,1
214362_144424,1
214362_233293,1
214362_177937,0
214362_221060,1
214362_193711,1
214362_292341,1
214365_29579,0
214365_228469,1
214365_191325,1
214365_259657,1
214365_83560,0
214365_57336,1
214366_233605,1
214366_277090,0
214366_174788,1
214366_209684,0
214366_242359,1
214366_263647,1
214368_13495,0
214368_235427,0
214368_294134,0
214368_216855,0
214368_157738,0
214368_31440,0
214370_26882,1
214370_162068,0
214370_164559,0
214370_136362,1
214370_292716,0
214370_30288,1
214371_121931,0
214371_253231,1
214371_291187,1
214371_291080,0
214371_245965,1
214371_10162,0
214372_258813,1
214372_14306,1
214372_243646,1
214372_93393,1
214372_230358,1
214372_142408,1
214373_272763,1
214373_227397,0
214373_141569,0
214373_244628,1
214373_194810,0
214373_86454,1
214374_217435,1
214374_249437,1
214374_124109,1
214374_151268,0
214374_184197,0
214374_60285,1
214383_23103,1
214383_36641,1
214383_162594,0
214383_23822,1
214383_250753,1
214383_160309,0
214389_254625,1
214389_131564,1
214389_108397,1
214389_206044,1
214389_45916,1
214389_51313,1
214397_54217,1
214397_168943,0
214397_271941,0
214397_47462,1
214397_230842,1
214397_224888,1
214402_284840,1
214402_164643,0
214402_52572,1
214402_197565,1
214402_157731,1
214402_63310,1
214407_22252,1
214407_270469,1
214407_76573,1
214407_112936,0
214407_13805,1
214407_203340,0
214409_269227,1
214409_238699,1
214409_206582,1
214409_214625,0
214409_96949,0
214409_295954,1
214411_275232,1
214411_104207,1
214411_139377,0
214411_152491,1
214411_233671,0
214411_163853,1
214417_212024,1
214417_220786,0
214417_240074,1
214417_236122,1
214417_137615,1
214417_237367,1
214418_157760,1
214418_178443,0
214418_221465,0
214418_61371,1
214418_29348,1
214418_224054,0
214421_208284,1
214421_236692,1
214421_70971,0
214421_76408,1
214421_150766,1
214421_248882,0
214422_227165,0
214422_193711,0
214422_116151,0
214422_106760,0
214422_265599,0
214422_203336,0
214424_133121,1
214424_185901,1
214424_108780,0
214424_258615,0
214424_18253,1
214424_223191,0
214426_220687,0
214426_203633,0
214426_46366,0
214426_139745,0
214426_174387,0
214426_64402,1
214428_240094,0
214428_225329,0
214428_193887,1
214428_196957,0
214428_226210,1
214428_232322,1
214430_180416,1
214430_119533,0
214430_98305,1
214430_129989,1
214430_69405,1
214430_146137,0
214431_221487,0
214431_191225,1
214431_247423,1
214431_192727,0
214431_46756,1
214431_57447,1
214433_239498,1
214433_60963,1
214433_41468,1
214433_107923,1
214433_32226,1
214433_219801,1
214435_212418,0
214435_16560,0
214435_139157,1
214435_262193,1
214435_111092,0
214435_219912,1
214440_193985,1
214440_199455,1
214440_73557,1
214440_201735,0
214440_185789,1
214440_232781,1
214441_59168,0
214441_42807,1
214441_161839,1
214441_32601,0
214441_78007,1
214441_251785,0
214442_160011,0
214442_215438,1
214442_375,0
214442_71120,0
214442_20895,0
214442_294462,0
214444_20079,0
214444_114744,0
214444_51867,0
214444_280578,0
214444_53394,0
214444_100265,0
214445_22699,1
214445_13495,1
214445_220488,0
214445_91997,1
214445_11460,0
214445_45681,1
214450_218902,1
214450_188676,0
214450_260890,1
214450_37651,0
214450_197987,0
214450_8596,1
214452_209961,0
214452_224659,0
214452_225536,0
214452_281206,1
214452_93467,0
214452_98306,0
214455_12431,0
214455_166629,0
214455_228469,0
214455_165716,1
214455_279067,0
214455_209992,1
214456_2194,1
214456_101871,1
214456_216269,1
214456_150766,1
214456_214778,0
214456_261970,1
214461_161034,0
214461_252052,0
214461_83385,0
214461_39599,0
214461_163933,0
214461_203645,0
214462_92869,1
214462_100951,0
214462_6575,1
214462_265026,1
214462_220246,0
214462_19314,0
214463_202580,1
214463_141984,0
214463_80193,1
214463_169603,1
214463_254008,0
214463_180021,1
214465_106001,1
214465_247254,1
214465_193339,0
214465_261717,0
214465_17882,0
214465_270515,0
214468_187476,1
214468_266394,0
214468_130115,1
214468_3773,1
214468_291276,1
214468_234486,0
214469_264998,1
214469_30378,1
214469_139731,0
214469_198112,1
214469_88533,1
214469_6463,0
214472_269998,1
214472_141772,1
214472_189659,1
214472_283098,0
214472_154365,1
214472_268974,1
214474_9636,1
214474_153877,1
214474_71132,1
214474_163695,1
214474_95924,0
214474_218713,1
214476_239131,1
214476_127929,0
214476_117612,0
214476_24962,1
214476_67593,1
214476_210165,1
214486_170681,1
214486_229870,0
214486_71004,0
214486_181942,1
214486_100342,0
214486_148417,1
214488_75095,0
214488_121932,0
214488_131234,1
214488_218238,0
214488_281016,0
214488_38990,0
214489_17882,1
214489_120519,1
214489_155333,0
214489_54650,1
214489_139775,1
214489_114635,0
214490_23157,1
214490_124387,1
214490_111346,1
214490_96935,1
214490_255248,1
214490_184173,1
214493_218732,1
214493_23822,1
214493_169715,1
214493_75833,1
214493_1790,1
214493_100201,1
214495_270515,1
214495_120603,1
214495_281923,1
214495_138459,0
214495_33163,1
214495_36104,0
214496_26748,1
214496_140867,1
214496_268034,1
214496_115905,1
214496_97902,1
214496_51601,0
214500_227841,0
214500_32302,1
214500_227416,1
214500_914,0
214500_155391,0
214500_69297,1
214501_50472,1
214501_246130,1
214501_100073,0
214501_251278,1
214501_37467,1
214501_20040,1
214503_186481,1
214503_31664,1
214503_263499,1
214503_111349,1
214503_71594,0
214503_41735,1
214504_16402,0
214504_23039,1
214504_190154,1
214504_221417,1
214504_39114,1
214504_269792,1
214506_225329,1
214506_127245,0
214506_266340,1
214506_125122,1
214506_104422,1
214506_219846,0
214507_62626,0
214507_114067,1
214507_238495,0
214507_88342,1
214507_105609,1
214507_268801,0
214510_223796,1
214510_228016,1
214510_114896,0
214510_44796,1
214510_74096,0
214510_187117,1
214511_281009,1
214511_10806,1
214511_197884,1
214511_19820,0
214511_267960,1
214511_49651,1
214514_113212,1
214514_91604,1
214514_272332,0
214514_181408,0
214514_187560,0
214514_52905,1
214515_127944,1
214515_268173,0
214515_32425,1
214515_214729,1
214515_104422,1
214515_31746,1
214516_82989,1
214516_200040,0
214516_7845,1
214516_176821,0
214516_221565,0
214516_113384,1
214517_177085,1
214517_203349,1
214517_60011,0
214517_161719,0
214517_232332,0
214517_255191,1
214519_35663,1
214519_146263,0
214519_94254,1
214519_267161,1
214519_146126,0
214519_170037,0
214521_87423,1
214521_124664,1
214521_235260,1
214521_14827,0
214521_80973,1
214521_215158,1
214528_268572,0
214528_101201,1
214528_155058,0
214528_41340,1
214528_74722,1
214528_273164,1
214535_108226,1
214535_50810,1
214535_286269,0
214535_66672,0
214535_264667,0
214535_197722,1
214541_38823,1
214541_148634,0
214541_268339,0
214541_153035,1
214541_22974,1
214541_150618,0
214544_265026,1
214544_194633,1
214544_216962,1
214544_214718,1
214544_42875,0
214544_83575,1
214546_58472,1
214546_23157,1
214546_181992,1
214546_221864,1
214546_156584,1
214546_27209,1
214549_54559,1
214549_50702,0
214549_209776,1
214549_54188,1
214549_97730,0
214549_228208,0
214550_168081,1
214550_266095,1
214550_86233,0
214550_50079,0
214550_295625,0
214550_70945,1
214552_183847,0
214552_119453,1
214552_230811,1
214552_69860,1
214552_180279,0
214552_72583,0
214553_263828,1
214553_92482,0
214553_231487,1
214553_225414,1
214553_63542,0
214553_171594,0
214558_38505,0
214558_122375,0
214558_130202,0
214558_61317,0
214558_178146,0
214558_180085,0
214559_293022,1
214559_260846,1
214559_21556,1
214559_217008,1
214559_236643,0
214559_134510,0
214561_192187,1
214561_197364,0
214561_23138,0
214561_260844,0
214561_167172,0
214561_208113,0
214565_293576,1
214565_228746,1
214565_155463,0
214565_269783,0
214565_8544,0
214565_31333,0
214567_172333,1
214567_94531,1
214567_243052,1
214567_203163,1
214567_262421,1
214567_98915,1
214568_163733,1
214568_138698,1
214568_198803,1
214568_238825,1
214568_88840,1
214568_115355,1
214570_178370,0
214570_153491,0
214570_187397,0
214570_127339,0
214570_103241,0
214570_119355,0
214572_250194,1
214572_285290,0
214572_274654,1
214572_66161,0
214572_294779,0
214572_85777,1
214573_53550,1
214573_226301,1
214573_212837,1
214573_183591,0
214573_161262,0
214573_97883,0
214575_81601,0
214575_25702,0
214575_155189,0
214575_122682,0
214575_106330,1
214575_233495,1
214582_92061,0
214582_55483,0
214582_179000,0
214582_200698,1
214582_177134,1
214582_46863,1
214583_211966,0
214583_170344,1
214583_59510,0
214583_246966,0
214583_126528,0
214583_257837,1
214585_51122,0
214585_295476,0
214585_278582,1
214585_173007,0
214585_179079,1
214585_149377,1
214588_207919,1
214588_19090,1
214588_208777,1
214588_38523,1
214588_199137,1
214588_72566,0
214594_177358,0
214594_257638,1
214594_173007,1
214594_44181,1
214594_127419,1
214594_171296,0
214596_136610,1
214596_139693,0
214596_286476,1
214596_8229,0
214596_141207,0
214596_156240,1
214598_8524,1
214598_30877,1
214598_136733,1
214598_4310,1
214598_272457,1
214598_135181,1
214599_141945,0
214599_78179,0
214599_186695,1
214599_202112,0
214599_294835,0
214599_110256,0
214602_108780,1
214602_248449,1
214602_167017,0
214602_228746,1
214602_51369,0
214602_75942,0
214603_253198,0
214603_20754,1
214603_245719,1
214603_26662,1
214603_127339,1
214603_97007,1
214607_67879,0
214607_79050,1
214607_123593,1
214607_173781,0
214607_70246,1
214607_41904,0
214621_245097,1
214621_259024,0
214621_73203,1
214621_155036,1
214621_127698,1
214621_293366,1
214622_129888,0
214622_78339,0
214622_278549,0
214622_81902,0
214622_51203,0
214622_111349,0
214623_126141,0
214623_103861,1
214623_70555,0
214623_249570,0
214623_208284,0
214623_230707,0
214627_208656,1
214627_276360,0
214627_232003,1
214627_257168,1
214627_238987,1
214627_154493,1
214628_55252,1
214628_243104,0
214628_283022,0
214628_65494,1
214628_207350,1
214628_23103,1
214629_42639,0
214629_61539,1
214629_167345,1
214629_195138,0
214629_11343,0
214629_136234,1
214632_211119,0
214632_204775,1
214632_1127,1
214632_286388,0
214632_167010,0
214632_110067,0
214634_118444,1
214634_117449,1
214634_205018,1
214634_275560,1
214634_283810,1
214634_79296,1
214635_253486,0
214635_10019,1
214635_295560,0
214635_212515,1
214635_261711,0
214635_246046,0
214639_76270,0
214639_239878,1
214639_68647,1
214639_44943,0
214639_71273,0
214639_199777,0
214640_278152,0
214640_178514,1
214640_252067,1
214640_46091,1
214640_121299,0
214640_168747,0
214642_124953,1
214642_29403,1
214642_22544,1
214642_245655,1
214642_180729,1
214642_85555,1
214643_176639,0
214643_199351,1
214643_289153,0
214643_102696,1
214643_156092,1
214643_180410,0
214645_238020,0
214645_63546,1
214645_157645,0
214645_187772,0
214645_131331,1
214645_235567,1
214646_72334,1
214646_218155,1
214646_294233,1
214646_127543,1
214646_148821,1
214646_98509,0
214651_234169,1
214651_248267,1
214651_261372,1
214651_177884,0
214651_45007,0
214651_252011,1
214657_145039,1
214657_107923,0
214657_249827,0
214657_145607,0
214657_249984,1
214657_12003,1
214658_41472,0
214658_134414,0
214658_283018,1
214658_194736,0
214658_204887,1
214658_92064,1
214664_157784,0
214664_159808,0
214664_289222,1
214664_152133,0
214664_245372,0
214664_112449,1
214665_61661,0
214665_69538,1
214665_37190,1
214665_84349,0
214665_239573,0
214665_213139,0
214666_258786,1
214666_101871,1
214666_120734,0
214666_216508,1
214666_284461,0
214666_281330,1
214667_8851,0
214667_8379,1
214667_274808,0
214667_288457,1
214667_295221,0
214667_207389,1
214668_187387,0
214668_145995,0
214668_19595,0
214668_21392,1
214668_280405,1
214668_21514,1
214669_237909,1
214669_199310,0
214669_214317,1
214669_61277,1
214669_61617,0
214669_121695,1
214671_138809,0
214671_171217,0
214671_232242,0
214671_113179,0
214671_112017,1
214671_146169,0
214672_18293,1
214672_94818,0
214672_39061,0
214672_259232,1
214672_271106,1
214672_106591,1
214674_236044,1
214674_568,1
214674_103709,0
214674_185423,1
214674_273426,1
214674_225024,1
214675_55412,1
214675_183431,1
214675_47008,1
214675_94498,1
214675_54650,1
214675_216403,0
214677_83669,1
214677_227283,1
214677_212408,0
214677_261372,1
214677_185539,0
214677_185684,0
214678_290021,1
214678_190407,1
214678_129467,1
214678_225750,1
214678_179502,1
214678_239034,1
214681_138706,0
214681_251585,0
214681_111183,1
214681_113179,0
214681_70306,1
214681_71620,0
214684_189375,1
214684_280452,1
214684_134686,1
214684_43031,1
214684_44222,1
214684_171308,1
214688_98874,0
214688_51826,1
214688_285250,1
214688_101294,0
214688_24748,1
214688_127195,1
214691_198867,1
214691_14355,1
214691_201887,0
214691_47642,0
214691_172420,0
214691_2095,0
214692_228848,1
214692_224309,1
214692_148406,0
214692_256392,0
214692_55455,1
214692_76392,1
214693_118920,1
214693_245665,0
214693_137618,1
214693_286936,1
214693_137332,1
214693_199260,0
214694_254374,1
214694_162181,0
214694_20877,0
214694_210226,0
214694_145325,0
214694_125162,0
214695_111183,1
214695_92076,0
214695_50270,0
214695_159497,0
214695_65749,1
214695_117156,1
214696_216473,1
214696_46367,1
214696_16500,1
214696_119080,1
214696_31358,1
214696_116903,0
214699_124387,0
214699_115101,0
214699_65611,1
214699_127195,1
214699_268877,1
214699_140602,0
214701_186354,0
214701_8544,1
214701_56510,1
214701_190985,0
214701_141713,1
214701_72199,1
214703_13248,1
214703_12654,1
214703_194426,1
214703_34407,1
214703_176515,1
214703_265026,1
214704_229928,0
214704_14542,1
214704_196169,1
214704_64389,1
214704_278063,1
214704_174365,1
214707_27528,1
214707_165847,1
214707_173043,1
214707_253230,1
214707_231945,0
214707_42048,1
214708_160093,0
214708_96591,0
214708_46689,1
214708_22082,1
214708_91284,1
214708_283778,0
214712_260574,1
214712_167836,0
214712_231890,0
214712_228016,1
214712_121135,1
214712_3721,1
214714_101816,1
214714_203330,1
214714_274290,0
214714_133554,0
214714_213436,1
214714_180533,1
214718_40739,1
214718_47004,1
214718_63310,1
214718_143575,0
214718_259150,1
214718_246269,1
214719_115175,1
214719_106348,0
214719_11484,1
214719_215813,0
214719_151250,1
214719_85260,0
214725_64855,0
214725_175211,1
214725_119451,0
214725_58279,0
214725_59870,0
214725_231332,1
214727_240548,1
214727_167573,1
214727_190862,1
214727_1293,1
214727_182514,0
214727_165963,0
214728_6705,0
214728_131835,1
214728_25534,0
214728_38299,1
214728_96327,0
214728_34076,1
214730_127976,1
214730_45937,1
214730_98452,0
214730_53738,0
214730_163637,1
214730_8379,0
214732_35733,1
214732_273789,1
214732_181408,0
214732_78977,0
214732_100113,0
214732_146891,0
214733_73046,1
214733_76499,1
214733_82481,0
214733_69798,1
214733_51965,1
214733_244295,1
214736_17774,1
214736_263806,0
214736_251246,1
214736_244536,0
214736_38168,0
214736_80430,0
214737_27883,1
214737_11048,1
214737_29745,1
214737_64497,1
214737_152491,0
214737_117734,0
214740_169325,1
214740_211834,1
214740_160819,0
214740_68884,0
214740_52572,1
214740_281511,1
214742_285419,0
214742_4924,0
214742_45786,0
214742_221998,1
214742_67995,1
214742_159603,0
214743_277118,1
214743_31377,1
214743_219739,1
214743_164591,1
214743_33372,1
214743_260610,1
214744_81061,1
214744_162435,0
214744_92956,1
214744_21548,1
214744_30002,1
214744_202835,0
214753_27127,1
214753_47025,1
214753_71402,1
214753_267088,1
214753_61874,1
214753_221302,0
214755_134402,0
214755_247634,1
214755_216785,0
214755_55406,1
214755_38505,0
214755_155061,1
214757_289823,0
214757_27623,1
214757_246647,0
214757_24769,1
214757_132777,0
214757_74162,0
214758_241608,0
214758_96844,0
214758_8018,1
214758_72517,0
214758_8441,0
214758_77834,1
214759_99832,0
214759_225928,1
214759_44059,1
214759_171270,0
214759_74714,0
214759_216913,1
214761_180835,0
214761_206675,1
214761_222435,0
214761_149859,0
214761_163259,0
214761_292177,0
214762_22506,0
214762_152491,1
214762_85777,1
214762_49114,1
214762_100337,1
214762_169325,1
214763_19342,1
214763_73043,1
214763_61164,1
214763_197465,1
214763_261900,0
214763_98358,1
214765_195318,0
214765_25855,1
214765_110246,0
214765_46830,0
214765_154286,1
214765_141523,0
214767_202482,0
214767_156784,1
214767_132545,0
214767_63894,1
214767_117330,1
214767_216358,1
214768_217661,0
214768_125452,1
214768_96649,1
214768_64153,0
214768_86340,0
214768_1288,0
214769_242029,0
214769_155571,1
214769_215788,0
214769_230177,1
214769_197332,0
214769_144752,0
214770_199429,1
214770_94531,1
214770_178184,0
214770_125612,1
214770_15412,0
214770_219794,1
214771_295828,0
214771_13796,1
214771_25847,1
214771_284022,1
214771_26874,0
214771_154323,1
214775_68624,0
214775_148045,0
214775_238906,1
214775_266624,1
214775_47025,0
214775_32226,1
214779_199337,0
214779_247711,1
214779_249437,1
214779_277607,0
214779_128747,1
214779_59211,0
214780_249929,1
214780_159601,0
214780_192476,0
214780_153971,1
214780_151595,0
214780_194089,0
214783_253231,1
214783_217573,0
214783_264826,1
214783_127006,0
214783_249233,0
214783_124109,1
214784_210307,0
214784_14656,0
214784_93699,0
214784_106320,0
214784_6173,0
214784_176515,0
214785_35647,1
214785_61571,0
214785_184197,0
214785_228738,1
214785_60986,1
214785_71117,1
214788_55958,1
214788_251902,1
214788_21654,0
214788_73635,1
214788_40374,1
214788_179709,1
214799_144788,1
214799_94621,0
214799_206203,0
214799_294982,1
214799_155571,0
214799_169536,1
214801_15208,1
214801_134116,0
214801_15714,0
214801_286035,0
214801_16325,1
214801_108120,0
214804_283599,1
214804_260780,0
214804_267418,1
214804_127285,1
214804_150719,1
214804_242681,1
214807_41852,1
214807_109303,0
214807_244111,0
214807_161719,1
214807_99626,1
214807_278223,0
214808_270737,1
214808_223712,1
214808_292983,1
214808_77220,0
214808_18526,1
214808_254668,1
214812_207294,0
214812_173724,1
214812_266565,1
214812_139086,0
214812_260876,1
214812_265026,1
214813_252021,1
214813_41758,1
214813_128756,1
214813_173031,0
214813_132556,0
214813_19935,0
214814_216047,1
214814_271252,1
214814_40859,1
214814_2478,1
214814_35192,1
214814_21493,1
214817_239109,1
214817_48819,0
214817_83777,0
214817_260764,0
214817_10732,0
214817_277360,0
214819_204859,1
214819_30122,0
214819_287949,1
214819_278582,1
214819_231790,1
214819_289053,1
214823_88302,0
214823_216226,1
214823_287949,0
214823_150707,1
214823_104997,0
214823_264496,1
214825_66467,0
214825_245972,0
214825_193145,0
214825_45150,1
214825_88453,1
214825_213432,1
214826_223463,1
214826_247423,1
214826_64648,1
214826_188192,1
214826_159936,1
214826_135701,0
214827_121124,0
214827_54967,0
214827_189232,0
214827_269828,1
214827_69619,1
214827_290854,0
214831_210881,1
214831_215337,0
214831_32601,1
214831_285704,0
214831_225527,0
214831_149377,1
214832_263500,0
214832_232534,1
214832_276594,1
214832_106428,1
214832_140585,1
214832_20017,1
214833_64049,0
214833_178555,1
214833_266113,0
214833_266952,0
214833_124109,1
214833_119294,0
214836_28720,1
214836_254488,1
214836_281026,1
214836_273779,1
214836_13543,1
214836_74895,1
214839_10867,1
214839_277505,1
214839_94571,0
214839_262411,1
214839_200497,0
214839_221603,0
214840_219631,0
214840_80749,0
214840_200499,0
214840_286454,0
214840_242681,1
214840_259513,1
214842_52044,0
214842_151926,0
214842_208315,0
214842_242148,0
214842_117128,0
214842_294067,0
214845_83015,1
214845_136234,0
214845_110276,0
214845_18515,0
214845_113224,1
214845_239284,1
214847_93425,0
214847_137615,1
214847_244947,0
214847_225333,0
214847_211324,0
214847_51122,1
214850_31868,1
214850_243247,1
214850_75024,0
214850_95254,1
214850_70354,1
214850_199756,1
214851_41550,1
214851_259757,1
214851_101143,0
214851_180533,0
214851_122774,1
214851_263890,0
214852_45733,1
214852_48204,1
214852_159986,1
214852_172779,1
214852_73557,1
214852_178024,1
214857_165543,0
214857_263249,1
214857_255280,1
214857_61874,1
214857_129430,0
214857_9464,0
214860_18356,0
214860_106318,1
214860_127990,0
214860_215631,1
214860_231125,1
214860_195348,1
214864_50413,0
214864_13796,0
214864_108634,0
214864_44951,1
214864_15189,1
214864_101810,0
214865_3464,0
214865_149971,1
214865_121773,0
214865_268004,1
214865_34503,0
214865_277961,1
214867_189827,0
214867_47557,1
214867_198197,1
214867_255695,1
214867_61928,1
214867_239193,0
214868_43215,1
214868_154323,1
214868_183711,1
214868_105839,1
214868_123232,1
214868_257244,1
214869_212401,1
214869_159480,0
214869_19435,0
214869_124321,1
214869_66953,0
214869_16051,0
214870_266427,1
214870_85553,0
214870_200432,1
214870_45151,0
214870_44547,0
214870_21365,1
214874_107627,0
214874_259710,0
214874_24757,0
214874_188137,0
214874_81434,0
214874_284157,0
214877_231138,0
214877_266022,1
214877_223454,1
214877_69262,0
214877_153436,0
214877_117104,1
214878_174909,0
214878_19173,1
214878_110789,1
214878_106751,1
214878_15067,1
214878_180474,0
214882_210701,0
214882_136610,1
214882_68280,1
214882_71331,0
214882_199777,1
214882_101002,0
214888_274513,1
214888_204036,1
214888_116743,0
214888_270801,0
214888_67602,0
214888_195190,1
214889_232185,0
214889_140585,0
214889_123749,1
214889_58132,1
214889_104584,0
214889_293077,1
214891_163259,0
214891_124391,1
214891_206044,0
214891_198679,0
214891_258612,0
214891_216471,0
214892_141610,0
214892_225679,0
214892_65018,0
214892_217573,0
214892_177514,0
214892_42858,0
214898_108507,0
214898_124461,1
214898_236455,1
214898_150048,1
214898_72595,1
214898_22431,0
214899_159712,1
214899_257180,0
214899_66943,1
214899_166,0
214899_184835,0
214899_210627,1
214906_230284,1
214906_107924,1
214906_109601,1
214906_253571,1
214906_168641,0
214906_40250,0
214909_13201,1
214909_143026,0
214909_113179,0
214909_260237,1
214909_38832,1
214909_217557,1
214911_263145,1
214911_70997,1
214911_160825,0
214911_290248,1
214911_258907,1
214911_255065,1
214915_209181,0
214915_193770,1
214915_154016,0
214915_150848,1
214915_148054,0
214915_102017,1
214920_53894,0
214920_74240,1
214920_212389,1
214920_135409,1
214920_146359,0
214920_10745,0
214926_41855,0
214926_236511,1
214926_14055,0
214926_171306,0
214926_275589,1
214926_181830,1
214927_81295,0
214927_155855,1
214927_222908,1
214927_181039,0
214927_274352,0
214927_180940,1
214928_152021,1
214928_248692,1
214928_147394,0
214928_286888,1
214928_87398,0
214928_217008,1
214930_30694,0
214930_261695,0
214930_140235,0
214930_188312,1
214930_197270,0
214930_149277,0
214934_91629,1
214934_8286,1
214934_50106,1
214934_15178,1
214934_61827,1
214934_72774,0
214939_190382,1
214939_59749,1
214939_194618,0
214939_201650,1
214939_155061,1
214939_265129,1
214940_281620,0
214940_97085,0
214940_231030,1
214940_235311,0
214940_247498,0
214940_18674,0
214944_56525,0
214944_268444,0
214944_125452,0
214944_231263,0
214944_234976,0
214944_31440,0
214947_7188,1
214947_98631,1
214947_13371,0
214947_153565,1
214947_222062,0
214947_199905,1
214957_7578,1
214957_153178,1
214957_179048,0
214957_238492,0
214957_115973,0
214957_213468,0
214958_60276,1
214958_176863,0
214958_36571,1
214958_122380,1
214958_26712,1
214958_192439,0
214962_191023,0
214962_4720,0
214962_258045,1
214962_169120,1
214962_58631,0
214962_73710,0
214963_179530,0
214963_150186,0
214963_773,0
214963_218992,0
214963_258922,0
214963_33709,0
214964_15715,1
214964_268907,0
214964_271145,0
214964_209055,1
214964_168462,1
214964_127284,1
214965_274571,1
214965_80012,1
214965_128391,0
214965_155998,0
214965_154321,1
214965_254514,0
214966_21548,1
214966_173320,0
214966_130647,1
214966_277504,1
214966_104208,1
214966_156275,1
214968_258135,1
214968_167368,1
214968_88436,0
214968_96841,1
214968_16295,1
214968_178008,1
214970_94531,1
214970_275494,0
214970_191589,0
214970_286454,1
214970_267926,0
214970_199112,1
214971_144255,1
214971_193883,1
214971_213523,1
214971_56437,1
214971_65731,1
214971_155189,1
214972_223474,1
214972_89630,0
214972_36766,1
214972_158098,1
214972_13477,0
214972_170646,0
214973_190696,0
214973_88932,0
214973_183072,1
214973_193188,1
214973_288133,0
214973_91669,0
214974_88589,1
214974_186753,1
214974_166,0
214974_26519,1
214974_155961,1
214974_3721,1
214975_79436,1
214975_157320,1
214975_253630,1
214975_101044,0
214975_48017,1
214975_6548,0
214977_29689,1
214977_271794,1
214977_196109,0
214977_214767,1
214977_120944,0
214977_203519,0
214980_253848,1
214980_170625,1
214980_116981,0
214980_109257,0
214980_114885,0
214980_48189,1
214985_13495,0
214985_84003,1
214985_234432,1
214985_70810,0
214985_86758,0
214985_233256,1
214992_252003,0
214992_44675,1
214992_51969,0
214992_126308,1
214992_192375,1
214992_130282,0
214994_286148,1
214994_196727,1
214994_138915,0
214994_256525,0
214994_110391,0
214994_35077,1
214997_235658,0
214997_211065,0
214997_79803,0
214997_6679,0
214997_282417,1
214997_24845,0
215001_125958,1
215001_96378,1
215001_112112,0
215001_163568,1
215001_207201,1
215001_281850,0
215003_119045,1
215003_4279,0
215003_70268,0
215003_84824,0
215003_142140,0
215003_214729,0
215005_183324,0
215005_20788,1
215005_11535,1
215005_288439,0
215005_97522,1
215005_64143,0
215007_240074,1
215007_80165,1
215007_182869,1
215007_171330,1
215007_101214,1
215007_204126,1
215011_77976,0
215011_16429,0
215011_243732,1
215011_86427,1
215011_169586,0
215011_292109,1
215021_150819,1
215021_50606,1
215021_88840,0
215021_135537,1
215021_2929,1
215021_290018,1
215022_21846,0
215022_99374,1
215022_93865,1
215022_55485,0
215022_256424,0
215022_82895,0
215024_55958,1
215024_171901,1
215024_111853,0
215024_100608,0
215024_270515,0
215024_169929,1
215028_156330,1
215028_245640,1
215028_166400,0
215028_52744,1
215028_110067,0
215028_256560,1
215030_247494,1
215030_99448,0
215030_5791,1
215030_149675,0
215030_220252,1
215030_250753,1
215031_81999,0
215031_124109,0
215031_81561,1
215031_117436,0
215031_54690,1
215031_62966,1
215032_186266,0
215032_167247,0
215032_220509,0
215032_216237,1
215032_17996,1
215032_47310,0
215034_49673,1
215034_77338,1
215034_109056,1
215034_170165,0
215034_228095,1
215034_214280,0
215035_15720,0
215035_146376,1
215035_185033,1
215035_96162,1
215035_221694,1
215035_184785,0
215036_175154,1
215036_283420,1
215036_180753,0
215036_63541,0
215036_159958,0
215036_181941,1
215039_61839,1
215039_172048,1
215039_250389,1
215039_278251,0
215039_83656,0
215039_192661,0
215043_127431,1
215043_259057,0
215043_182629,1
215043_137337,0
215043_207717,0
215043_206064,0
215045_92910,1
215045_187291,0
215045_212592,0
215045_73818,1
215045_187117,1
215045_94498,0
215049_22716,1
215049_198699,1
215049_182717,1
215049_248870,1
215049_292863,0
215049_98851,1
215050_39896,1
215050_201761,1
215050_130771,0
215050_7596,1
215050_72564,1
215050_127285,0
215056_115145,1
215056_168501,1
215056_71455,0
215056_22611,0
215056_174481,0
215056_47402,1
215059_131453,1
215059_63340,1
215059_46015,1
215059_275379,1
215059_217736,1
215059_55336,0
215066_1414,0
215066_113072,1
215066_29580,1
215066_95549,1
215066_184697,1
215066_199424,1
215068_258448,0
215068_134892,1
215068_86537,1
215068_69578,1
215068_104542,1
215068_83872,0
215070_190721,1
215070_122129,1
215070_65182,0
215070_99316,0
215070_79617,0
215070_2623,1
215071_104584,0
215071_63313,1
215071_89774,1
215071_259854,1
215071_38502,1
215071_106428,0
215074_256922,0
215074_162199,1
215074_151735,0
215074_21473,0
215074_211529,0
215074_282040,0
215077_63433,1
215077_17547,1
215077_213017,1
215077_275816,0
215077_96327,1
215077_131732,1
215080_156777,0
215080_255027,1
215080_169455,0
215080_205962,0
215080_157155,1
215080_207717,0
215081_114191,0
215081_245972,1
215081_148814,1
215081_22931,1
215081_13805,1
215081_144424,1
215085_224544,0
215085_90209,1
215085_151342,1
215085_219142,1
215085_246923,0
215085_39738,0
215086_123305,1
215086_192093,1
215086_288180,0
215086_14751,0
215086_262012,1
215086_258323,0
215087_129333,0
215087_282147,1
215087_5791,1
215087_243521,1
215087_249959,1
215087_170809,1
215090_104545,0
215090_14668,1
215090_90722,1
215090_227732,1
215090_43140,0
215090_167754,0
215091_214776,1
215091_152569,1
215091_207245,0
215091_215519,1
215091_261106,0
215091_202784,1
215092_110613,0
215092_171735,1
215092_195739,1
215092_269539,0
215092_62797,0
215092_2633,0
215098_34678,1
215098_92112,1
215098_149417,1
215098_176274,1
215098_292490,1
215098_180065,1
215099_199099,0
215099_86273,0
215099_69563,0
215099_185243,0
215099_136552,1
215099_18513,1
215101_210372,1
215101_175174,0
215101_96658,0
215101_168394,0
215101_279521,1
215101_34607,0
215106_151575,0
215106_230885,0
215106_253344,0
215106_246917,0
215106_12821,0
215106_165966,1
215108_78601,0
215108_8244,0
215108_62372,1
215108_8289,1
215108_51958,0
215108_92793,1
215111_46802,0
215111_48285,0
215111_238889,0
215111_5791,1
215111_23104,1
215111_30318,1
215113_116925,0
215113_232516,0
215113_146347,1
215113_146833,1
215113_203802,1
215113_272742,1
215114_51468,0
215114_81483,0
215114_12756,0
215114_68095,0
215114_294420,1
215114_91475,0
215116_192375,1
215116_104928,1
215116_60913,1
215116_169249,0
215116_216902,1
215116_156112,0
215118_68236,0
215118_291068,0
215118_203163,0
215118_141360,0
215118_9464,0
215118_234708,0
215121_182280,1
215121_192766,0
215121_266340,1
215121_166556,1
215121_166680,1
215121_151201,1
215123_58037,1
215123_3109,0
215123_226870,0
215123_97418,0
215123_228745,1
215123_110333,1
215125_170659,0
215125_221338,0
215125_114730,0
215125_41100,1
215125_73557,1
215125_66182,1
215127_40847,1
215127_141411,0
215127_143084,0
215127_214845,0
215127_182890,0
215127_264667,1
215132_43466,0
215132_133701,1
215132_267211,1
215132_48990,0
215132_230176,1
215132_3301,1
215135_61941,1
215135_137827,1
215135_139475,0
215135_93045,1
215135_13839,0
215135_106675,0
215138_177287,0
215138_12264,1
215138_70431,0
215138_215573,1
215138_281404,0
215138_177105,0
215140_171649,1
215140_219917,1
215140_128560,1
215140_273185,1
215140_56154,1
215140_278727,1
215141_218796,1
215141_58360,1
215141_3772,0
215141_294054,0
215141_224103,1
215141_115145,1
215143_155619,1
215143_2404,0
215143_248421,1
215143_109547,0
215143_6876,0
215143_133594,0
215144_92030,1
215144_27929,0
215144_125826,0
215144_133617,1
215144_268659,0
215144_55012,1
215146_55992,1
215146_71402,1
215146_37686,1
215146_109907,1
215146_186274,0
215146_145184,1
215147_236723,0
215147_127636,0
215147_264667,0
215147_181547,0
215147_226835,0
215147_65837,0
215151_211009,0
215151_119772,0
215151_134042,1
215151_132870,0
215151_100055,1
215151_75564,0
215152_53621,0
215152_157835,0
215152_156064,0
215152_173579,0
215152_188718,1
215152_248884,1
215154_258598,0
215154_75915,0
215154_239873,0
215154_54310,0
215154_151624,0
215154_36734,0
215158_106776,1
215158_104553,1
215158_131633,0
215158_82811,1
215158_226130,0
215158_292141,0
215160_144929,0
215160_232780,1
215160_201309,0
215160_123199,0
215160_775,0
215160_251119,0
215161_184107,1
215161_177028,0
215161_11023,0
215161_128005,0
215161_190774,0
215161_61846,0
215165_192625,0
215165_91014,1
215165_126948,0
215165_68473,1
215165_228615,1
215165_205148,0
215166_144106,0
215166_167679,1
215166_291053,1
215166_265918,1
215166_220478,0
215166_47084,0
215170_263647,1
215170_132516,1
215170_205006,1
215170_257112,0
215170_234187,0
215170_80066,1
215171_152652,0
215171_203796,1
215171_195223,1
215171_141434,0
215171_180704,1
215171_267471,0
215172_2102,0
215172_56334,0
215172_208496,1
215172_91904,1
215172_224452,1
215172_69236,0
215173_50425,0
215173_68457,0
215173_173733,0
215173_52244,0
215173_59139,0
215173_5331,0
215176_237509,1
215176_247946,1
215176_180440,1
215176_2538,1
215176_192044,1
215176_273056,0
215179_103230,1
215179_104199,1
215179_276860,0
215179_287047,1
215179_63023,1
215179_69994,1
215181_44675,1
215181_190541,0
215181_19745,1
215181_171649,1
215181_5844,1
215181_226133,1
215183_52572,1
215183_180224,0
215183_95704,1
215183_127288,1
215183_239498,1
215183_239348,1
215184_214045,1
215184_103991,1
215184_228847,0
215184_251269,0
215184_187348,1
215184_215075,1
215193_80339,1
215193_251577,0
215193_242808,1
215193_54683,1
215193_209252,0
215193_248849,0
215195_140632,0
215195_194845,0
215195_286168,1
215195_148132,1
215195_42166,0
215195_116828,0
215200_206026,1
215200_216268,0
215200_8583,1
215200_57270,1
215200_21728,1
215200_19964,0
215201_273400,1
215201_1222,1
215201_206018,0
215201_33020,0
215201_118129,1
215201_89198,0
215202_296036,1
215202_209370,1
215202_168943,0
215202_47285,0
215202_219973,0
215202_78372,0
215203_292863,0
215203_4140,1
215203_40217,0
215203_288555,0
215203_6405,0
215203_77834,1
215206_272652,1
215206_247774,1
215206_283715,1
215206_230358,1
215206_99316,1
215206_226497,1
215208_187117,0
215208_131564,1
215208_24463,1
215208_188873,0
215208_106046,0
215208_34940,0
215210_205676,1
215210_173627,1
215210_131564,1
215210_228085,1
215210_228782,0
215210_43489,0
215211_3687,1
215211_9852,1
215211_107493,0
215211_141912,1
215211_6522,0
215211_209998,1
215212_230429,0
215212_117254,0
215212_53978,0
215212_48882,0
215212_185112,0
215212_225847,0
215214_2104,1
215214_94764,0
215214_294608,1
215214_223921,1
215214_138637,0
215214_189716,0
215217_46756,0
215217_232977,1
215217_252515,0
215217_7740,1
215217_53103,1
215217_241538,0
215223_84307,0
215223_172800,0
215223_109103,0
215223_268620,1
215223_30583,1
215223_164108,0
215224_174630,1
215224_245192,0
215224_81561,0
215224_43001,0
215224_41057,1
215224_113464,1
215228_75999,0
215228_163106,1
215228_134225,0
215228_3725,1
215228_74142,0
215228_256229,1
215229_74096,0
215229_198927,1
215229_235293,0
215229_177172,0
215229_225438,0
215229_87701,0
215230_268526,1
215230_84780,0
215230_240742,1
215230_123328,1
215230_30492,0
215230_157872,0
215231_1321,0
215231_56498,1
215231_96621,0
215231_241020,1
215231_247946,1
215231_172779,0
215232_69843,1
215232_246130,1
215232_256826,1
215232_176236,0
215232_268054,0
215232_116741,1
215234_294329,1
215234_171242,1
215234_120000,0
215234_210405,1
215234_35669,1
215234_146361,0
215235_65194,0
215235_197858,1
215235_185569,1
215235_225319,0
215235_13065,0
215235_134456,0
215236_118642,1
215236_46798,0
215236_206241,0
215236_93094,1
215236_47136,1
215236_1779,0
215238_179882,0
215238_6405,1
215238_56154,1
215238_152602,1
215238_256132,1
215238_60203,1
215239_185489,1
215239_104996,1
215239_162363,0
215239_201147,1
215239_129748,1
215239_67560,1
215240_8667,0
215240_110494,1
215240_243315,1
215240_31091,1
215240_35338,1
215240_261372,1
215244_3216,1
215244_97522,1
215244_77330,0
215244_108451,0
215244_73043,1
215244_126448,1
215246_31440,1
215246_33999,1
215246_167345,0
215246_123677,0
215246_141707,0
215246_185259,1
215247_92292,0
215247_37539,1
215247_39256,1
215247_12970,0
215247_68080,0
215247_63014,0
215252_120613,0
215252_170214,0
215252_22640,1
215252_187625,1
215252_92589,0
215252_64884,0
215254_150644,0
215254_6312,1
215254_151552,0
215254_281153,1
215254_107625,0
215254_231023,1
215258_204185,0
215258_196733,0
215258_134774,0
215258_293706,0
215258_211207,0
215258_70306,1
215259_924,0
215259_20747,0
215259_128307,0
215259_52359,1
215259_275385,0
215259_73557,0
215261_256132,1
215261_236723,1
215261_70558,1
215261_206063,0
215261_141713,1
215261_7188,1
215263_290805,0
215263_70788,0
215263_270301,0
215263_292863,1
215263_52615,0
215263_187787,1
215264_145730,1
215264_275816,1
215264_116385,1
215264_184107,0
215264_190204,1
215264_235689,1
215269_66886,1
215269_199336,0
215269_36037,0
215269_268498,0
215269_157784,0
215269_137794,0
215271_205160,0
215271_271459,0
215271_282123,0
215271_48189,1
215271_136230,0
215271_146263,1
215273_151508,0
215273_182112,0
215273_205644,1
215273_203676,1
215273_50380,1
215273_278582,1
215274_248956,0
215274_175325,0
215274_143027,1
215274_193883,0
215274_271172,1
215274_145554,1
215275_256863,1
215275_220792,0
215275_146212,0
215275_14929,1
215275_133302,1
215275_221798,1
215276_204272,0
215276_9079,1
215276_249669,1
215276_114302,0
215276_82181,0
215276_227208,1
215277_192375,1
215277_187994,0
215277_12038,1
215277_168232,0
215277_31186,1
215277_114421,1
215281_260945,0
215281_221737,1
215281_118460,1
215281_141443,0
215281_195439,1
215281_154378,1
215286_82947,1
215286_225363,1
215286_213072,1
215286_42639,1
215286_48655,1
215286_71407,0
215287_255924,1
215287_246770,1
215287_172679,0
215287_248472,1
215287_171986,1
215287_166290,1
215288_124416,1
215288_35854,0
215288_101905,1
215288_163855,0
215288_256831,0
215288_123906,1
215289_29988,1
215289_130574,1
215289_15876,1
215289_288689,1
215289_159496,0
215289_128901,0
215291_39465,1
215291_153923,1
215291_176597,1
215291_236044,1
215291_183123,1
215291_261070,1
215292_88189,0
215292_224104,0
215292_54683,1
215292_131736,0
215292_236383,0
215292_288111,1
215293_78249,1
215293_20394,1
215293_162335,1
215293_218813,1
215293_155231,1
215293_199461,1
215296_19969,1
215296_152445,0
215296_217039,0
215296_281815,1
215296_128129,1
215296_51656,1
215298_12003,1
215298_48703,0
215298_235311,1
215298_34502,1
215298_8289,1
215298_208113,0
215299_32194,0
215299_182759,0
215299_74141,0
215299_12497,0
215299_177704,0
215299_137794,1
215301_134181,0
215301_7810,1
215301_266382,1
215301_117200,0
215301_39062,1
215301_281818,0
215302_121210,0
215302_126448,0
215302_178002,1
215302_15171,1
215302_24547,1
215302_220908,1
215308_205148,0
215308_45302,1
215308_247824,0
215308_62687,0
215308_218822,0
215308_7031,1
215310_29381,1
215310_252799,1
215310_255048,0
215310_72280,0
215310_207133,1
215310_237679,1
215312_136122,0
215312_120535,0
215312_108755,0
215312_73312,0
215312_151924,0
215312_94095,0
215318_165847,0
215318_234437,1
215318_69129,1
215318_128891,0
215318_214979,1
215318_197751,0
215321_19342,1
215321_200166,1
215321_158970,0
215321_177931,1
215321_34397,0
215321_60913,1
215323_225680,1
215323_131585,1
215323_125944,0
215323_107041,0
215323_125612,1
215323_113043,1
215329_27847,0
215329_64133,0
215329_66439,1
215329_179976,1
215329_281443,0
215329_141373,1
215331_42375,1
215331_55946,1
215331_292863,1
215331_249079,1
215331_156827,1
215331_282318,0
215336_216514,1
215336_39659,0
215336_181353,1
215336_296055,0
215336_196755,1
215336_63998,0
215339_185145,1
215339_108302,1
215339_213196,0
215339_190410,1
215339_21244,0
215339_98681,1
215340_231516,1
215340_240741,0
215340_32669,1
215340_77875,1
215340_225426,1
215340_189365,1
215342_193711,1
215342_102547,1
215342_85654,1
215342_272076,0
215342_93865,0
215342_292490,1
215345_140797,1
215345_84883,1
215345_111439,1
215345_251404,1
215345_111839,0
215345_219115,0
215346_144016,0
215346_93094,0
215346_227762,0
215346_272284,0
215346_167328,0
215346_85555,0
215347_224075,1
215347_121777,0
215347_68694,0
215347_224568,1
215347_36732,0
215347_80021,0
215348_157129,1
215348_16548,0
215348_189658,1
215348_83561,0
215348_169268,0
215348_244319,1
215352_157155,1
215352_213220,0
215352_272739,0
215352_173038,1
215352_277162,1
215352_86094,0
215354_254689,1
215354_89689,0
215354_150707,1
215354_187798,0
215354_258824,1
215354_240478,1
215357_72875,1
215357_288091,1
215357_185489,1
215357_277550,0
215357_107468,1
215357_285317,0
215358_58360,1
215358_126638,0
215358_97069,1
215358_67981,1
215358_294618,0
215358_114634,0
215359_71685,1
215359_224770,0
215359_208656,0
215359_273832,1
215359_40373,1
215359_193322,1
215364_60962,0
215364_193475,1
215364_105283,1
215364_6614,1
215364_107923,1
215364_20033,0
215365_143570,0
215365_51039,0
215365_103870,1
215365_103464,1
215365_26823,0
215365_75759,0
215368_175318,1
215368_213582,0
215368_187048,1
215368_43530,0
215368_192125,1
215368_46045,1
215370_238498,0
215370_206977,0
215370_269195,0
215370_86485,0
215370_45150,1
215370_228557,1
215375_103319,0
215375_17348,0
215375_247979,0
215375_113524,0
215375_256060,0
215375_279204,0
215376_21895,0
215376_81550,1
215376_188565,1
215376_59906,1
215376_126988,1
215376_128670,1
215377_161072,1
215377_35077,0
215377_66790,1
215377_235596,1
215377_77246,0
215377_15868,0
215380_112017,1
215380_28002,1
215380_25032,1
215380_10746,1
215380_116597,0
215380_267988,1
215383_234904,0
215383_231660,0
215383_155302,0
215383_63737,0
215383_165743,0
215383_81061,0
215385_205869,0
215385_115355,0
215385_159342,1
215385_18152,1
215385_268877,0
215385_195560,1
215386_227689,1
215386_76168,0
215386_295358,1
215386_253395,0
215386_50596,0
215386_161719,1
215387_199284,0
215387_235460,1
215387_149330,1
215387_201235,0
215387_27422,1
215387_55408,1
215388_252608,0
215388_27627,0
215388_25635,0
215388_253463,0
215388_254660,0
215388_283474,1
215390_61277,1
215390_14141,0
215390_186266,1
215390_280252,1
215390_59877,1
215390_134898,0
215392_204866,1
215392_173538,0
215392_126546,1
215392_172605,0
215392_252807,0
215392_6023,0
215397_53884,0
215397_140144,1
215397_222050,1
215397_107859,0
215397_194046,0
215397_252193,1
215399_103437,0
215399_242280,0
215399_142408,1
215399_262542,1
215399_230518,0
215399_15276,1
215400_175884,1
215400_3,0
215400_94822,0
215400_292304,1
215400_20968,1
215400_139654,1
215403_72875,1
215403_46369,0
215403_133341,1
215403_235427,0
215403_272575,1
215403_281826,1
215405_290794,1
215405_119456,0
215405_253214,0
215405_218301,1
215405_268558,1
215405_115722,1
215407_132365,1
215407_131453,1
215407_194512,1
215407_229894,0
215407_177462,1
215407_1982,1
215408_270015,1
215408_46063,1
215408_170608,0
215408_248267,1
215408_154737,1
215408_280494,1
215410_143221,0
215410_41611,0
215410_58444,1
215410_128250,1
215410_227912,1
215410_139075,0
215413_164888,1
215413_11091,0
215413_44636,0
215413_20518,1
215413_141141,0
215413_89736,0
215414_278478,1
215414_38107,0
215414_47425,0
215414_228208,1
215414_169908,1
215414_9604,1
215418_158358,1
215418_284020,1
215418_19543,1
215418_269938,1
215418_37136,0
215418_103122,0
215419_253019,1
215419_72387,0
215419_67772,1
215419_17360,1
215419_182644,1
215419_37045,1
215422_72073,1
215422_245668,1
215422_94390,0
215422_7796,1
215422_49997,0
215422_226441,0
215423_270433,1
215423_234348,1
215423_295221,0
215423_201611,0
215423_198254,0
215423_219947,0
215426_205370,1
215426_270466,0
215426_37043,1
215426_277888,1
215426_246593,1
215426_16949,1
215431_56926,1
215431_291128,0
215431_131471,0
215431_155158,1
215431_9776,1
215431_6607,1
215435_245972,1
215435_223,0
215435_108429,0
215435_70447,1
215435_187419,0
215435_67696,0
215436_19241,0
215436_171248,1
215436_197919,1
215436_279461,0
215436_20818,1
215436_5791,0
215437_169325,1
215437_236479,1
215437_276682,1
215437_133579,1
215437_45495,1
215437_143156,0
215442_240174,1
215442_270760,1
215442_226560,0
215442_229894,0
215442_238025,0
215442_55747,1
215445_217909,1
215445_277504,1
215445_12942,1
215445_197026,0
215445_81988,1
215445_77781,0
215446_84196,0
215446_247862,0
215446_135074,0
215446_108578,1
215446_57311,1
215446_167673,1
215447_115550,1
215447_207932,0
215447_88999,0
215447_177642,1
215447_65976,0
215447_26532,1
215449_109281,1
215449_257837,1
215449_232848,1
215449_266782,1
215449_149648,1
215449_275031,1
215450_288399,1
215450_143451,0
215450_55695,1
215450_277645,0
215450_181316,1
215450_132556,1
215451_251972,1
215451_292490,0
215451_39692,1
215451_177370,1
215451_3124,1
215451_197997,0
215453_245668,0
215453_6383,0
215453_40847,0
215453_26057,0
215453_281818,0
215453_281312,0
215454_290562,0
215454_213274,0
215454_188676,0
215454_263260,0
215454_60681,1
215454_98040,0
215456_42755,1
215456_40739,1
215456_193711,1
215456_82912,1
215456_43026,1
215456_111875,1
215458_287732,0
215458_104542,0
215458_5846,1
215458_285844,1
215458_94419,1
215458_256432,0
215460_201192,0
215460_175928,1
215460_291187,0
215460_85388,1
215460_124461,1
215460_267403,0
215466_145266,1
215466_22143,0
215466_60276,0
215466_173789,0
215466_113065,1
215466_196755,0
215467_130614,0
215467_231206,0
215467_250601,0
215467_82442,1
215467_245662,1
215467_14858,1
215468_35149,1
215468_109667,1
215468_104207,1
215468_274556,0
215468_37154,0
215468_267631,1
215470_153688,0
215470_207000,1
215470_185713,0
215470_226304,0
215470_176358,1
215470_283966,0
215472_51081,0
215472_179993,0
215472_283912,0
215472_218593,1
215472_249257,1
215472_91224,0
215474_277636,0
215474_278696,1
215474_225494,1
215474_139723,1
215474_172024,0
215474_48036,1
215478_56154,0
215478_208526,0
215478_201191,0
215478_230121,1
215478_270071,1
215478_104542,1
215479_43564,1
215479_77048,0
215479_173492,0
215479_244697,1
215479_122765,1
215479_123209,1
215482_59720,1
215482_141067,1
215482_183138,1
215482_173468,1
215482_36437,1
215482_60943,1
215485_193531,1
215485_286927,1
215485_42063,0
215485_214327,0
215485_239877,0
215485_39935,0
215489_263109,0
215489_168889,1
215489_227693,0
215489_50628,1
215489_37926,0
215489_58471,0
215491_220234,1
215491_181106,1
215491_36934,0
215491_191526,0
215491_58294,1
215491_196848,1
215494_130816,1
215494_274264,0
215494_111346,0
215494_196014,1
215494_18858,0
215494_243907,1
215496_104964,1
215496_267824,1
215496_43564,1
215496_122020,1
215496_252755,0
215496_231326,1
215497_157639,1
215497_99832,1
215497_230814,1
215497_157116,1
215497_194810,1
215497_228077,1
215499_257042,0
215499_194060,0
215499_172882,0
215499_98317,1
215499_294698,0
215499_150012,0
215500_101533,1
215500_40075,1
215500_137615,0
215500_170054,1
215500_157639,1
215500_269227,1
215509_150146,0
215509_193995,0
215509_236425,1
215509_142449,1
215509_232078,0
215509_244803,1
215510_293420,1
215510_19893,1
215510_278149,1
215510_16812,1
215510_213645,1
215510_238699,1
215512_49968,1
215512_212572,1
215512_66859,1
215512_275816,1
215512_107780,1
215512_188327,1
215522_220317,1
215522_284259,0
215522_233932,1
215522_13868,1
215522_43445,0
215522_228796,1
215524_274802,1
215524_162593,0
215524_21914,0
215524_28234,1
215524_126166,1
215524_200166,1
215525_203679,1
215525_94782,0
215525_292344,0
215525_139639,1
215525_262617,1
215525_271172,1
215528_120282,0
215528_123592,0
215528_41079,1
215528_34829,1
215528_245486,1
215528_189861,0
215531_139745,1
215531_80916,0
215531_139135,0
215531_29894,1
215531_255987,0
215531_124632,0
215534_110067,0
215534_242031,0
215534_24078,0
215534_204340,0
215534_69506,0
215534_113520,1
215535_254158,0
215535_275379,1
215535_284311,1
215535_255953,1
215535_190051,0
215535_52617,1
215536_254402,0
215536_199219,0
215536_230734,1
215536_98305,1
215536_99004,0
215536_118129,1
215537_8544,1
215537_35647,1
215537_267955,1
215537_105487,1
215537_240451,0
215537_195141,1
215540_228037,0
215540_131782,1
215540_286593,1
215540_34353,1
215540_138247,1
215540_42036,1
215544_215325,0
215544_167154,1
215544_135086,1
215544_94162,0
215544_286568,0
215544_134877,0
215545_143565,1
215545_165323,1
215545_54690,1
215545_196097,0
215545_150186,1
215545_204267,1
215547_30926,0
215547_153226,0
215547_169839,1
215547_225414,0
215547_74096,1
215547_265682,1
215548_140602,0
215548_281141,1
215548_75999,1
215548_40922,1
215548_49149,1
215548_165543,0
215551_110918,1
215551_101920,1
215551_237575,1
215551_133617,1
215551_278223,1
215551_96103,1
215553_274197,0
215553_149033,1
215553_179788,1
215553_99399,1
215553_144640,1
215553_198512,1
215555_111549,0
215555_244697,0
215555_44782,0
215555_292266,1
215555_149471,1
215555_233469,1
215556_65831,1
215556_139425,1
215556_295555,1
215556_71372,0
215556_294991,0
215556_17184,1
215559_188589,0
215559_236455,0
215559_4902,1
215559_144576,1
215559_191750,0
215559_282822,1
215560_237564,1
215560_67918,1
215560_9464,1
215560_246255,1
215560_254558,1
215560_93699,1
215563_111720,0
215563_199166,0
215563_8217,1
215563_232302,0
215563_220929,0
215563_179000,0
215565_26031,1
215565_237829,1
215565_113428,1
215565_259383,0
215565_278428,1
215565_234432,1
215575_252334,0
215575_196393,1
215575_59006,1
215575_171046,0
215575_217305,1
215575_96378,1
215578_105251,1
215578_246130,1
215578_104542,1
215578_251819,1
215578_166288,1
215578_90996,1
215581_277222,1
215581_263043,0
215581_117713,1
215581_276561,1
215581_9620,1
215581_279899,1
215582_185805,0
215582_13254,0
215582_150879,0
215582_75408,0
215582_198579,0
215582_275064,0
215587_25772,0
215587_286499,0
215587_71402,0
215587_290701,0
215587_143027,0
215587_97975,0
215589_268522,0
215589_199783,0
215589_40250,0
215589_187566,1
215589_219317,0
215589_53887,0
215596_9297,1
215596_144434,1
215596_51004,1
215596_193262,1
215596_295842,0
215596_276758,1
215598_293929,0
215598_92936,1
215598_90203,0
215598_37384,1
215598_71294,1
215598_183805,0
215600_281520,0
215600_138944,0
215600_69525,0
215600_79296,0
215600_97127,0
215600_289182,0
215602_208284,0
215602_246756,0
215602_203044,0
215602_6328,1
215602_153379,1
215602_71164,1
215603_222284,1
215603_264901,0
215603_76644,1
215603_212979,1
215603_200411,0
215603_273360,1
215604_3308,0
215604_18201,0
215604_281938,1
215604_165685,0
215604_94658,1
215604_287316,1
215611_249919,1
215611_22704,0
215611_45278,0
215611_7596,0
215611_136523,0
215611_15581,0
215613_275083,0
215613_12968,0
215613_31440,1
215613_115095,1
215613_100084,0
215613_251269,1
215615_61874,0
215615_222962,0
215615_267796,0
215615_246898,0
215615_98681,0
215615_20558,0
215618_96298,0
215618_76353,1
215618_38707,0
215618_98324,1
215618_177680,1
215618_116470,1
215621_219934,0
215621_286175,1
215621_103264,1
215621_131209,0
215621_168528,1
215621_72969,0
215622_180341,1
215622_253603,0
215622_105709,1
215622_266143,1
215622_66074,1
215622_89659,0
215624_232780,1
215624_175166,0
215624_238498,1
215624_170044,0
215624_5797,0
215624_45340,1
215626_119047,0
215626_6607,1
215626_123342,1
215626_237622,1
215626_35663,1
215626_39788,1
215627_169053,1
215627_273219,1
215627_286476,0
215627_20726,1
215627_91526,1
215627_248452,1
215629_114185,1
215629_146003,1
215629_7859,1
215629_287940,1
215629_264251,1
215629_200957,0
215632_26225,1
215632_169310,1
215632_220286,0
215632_9766,1
215632_154286,1
215632_278233,1
215633_63737,0
215633_136774,0
215633_197553,0
215633_186385,0
215633_26204,0
215633_83296,0
215634_260905,1
215634_66685,1
215634_127024,1
215634_63975,0
215634_219494,0
215634_188301,1
215638_196345,1
215638_187169,1
215638_236797,1
215638_61305,1
215638_218500,1
215638_143211,1
215642_20707,0
215642_173320,1
215642_202718,0
215642_172257,1
215642_172461,0
215642_232351,0
215647_293581,0
215647_173021,0
215647_262438,1
215647_78078,1
215647_230319,1
215647_10070,1
215648_50121,1
215648_220358,1
215648_219640,1
215648_244283,1
215648_98128,1
215648_52659,1
215649_12209,1
215649_253486,1
215649_17683,0
215649_41277,0
215649_85555,1
215649_90712,1
215652_275975,0
215652_104207,0
215652_295536,0
215652_74142,1
215652_77154,1
215652_287260,0
215655_125958,1
215655_183872,1
215655_72517,0
215655_142408,1
215655_179540,1
215655_102225,0
215656_55747,0
215656_102452,0
215656_250097,1
215656_286557,0
215656_49843,1
215656_216542,1
215658_229916,0
215658_277054,0
215658_244825,0
215658_96663,0
215658_56810,0
215658_280020,0
215664_50112,0
215664_109667,1
215664_44636,1
215664_174637,0
215664_206105,0
215664_103374,1
215668_46329,1
215668_294456,0
215668_78147,0
215668_156711,1
215668_232974,0
215668_78150,0
215669_27153,1
215669_117011,1
215669_295396,1
215669_73733,1
215669_124152,0
215669_15067,0
215671_210656,0
215671_212024,1
215671_62218,1
215671_20460,1
215671_222878,1
215671_45804,1
215672_59621,0
215672_216367,0
215672_287449,1
215672_165805,0
215672_118920,0
215672_203972,1
215673_63542,0
215673_40857,1
215673_234432,1
215673_255203,0
215673_156529,1
215673_232679,0
215674_109806,1
215674_269227,1
215674_142715,0
215674_156293,1
215674_283195,0
215674_238644,0
215675_85777,1
215675_100174,0
215675_109336,0
215675_101494,1
215675_181941,1
215675_169616,0
215676_53966,1
215676_123677,0
215676_59510,1
215676_173677,1
215676_230319,1
215676_91017,1
215678_274329,0
215678_156826,1
215678_33860,1
215678_35384,0
215678_280405,0
215678_70346,1
215680_187985,0
215680_214858,0
215680_117794,0
215680_104177,0
215680_249919,1
215680_161927,0
215681_121942,0
215681_177982,1
215681_41246,1
215681_254191,0
215681_199205,1
215681_234826,0
215683_240109,1
215683_63526,1
215683_19894,0
215683_201650,1
215683_36024,1
215683_271180,0
215684_205676,1
215684_287365,0
215684_179184,0
215684_176515,1
215684_50760,0
215684_33163,1
215685_119457,0
215685_264485,1
215685_263438,1
215685_249827,0
215685_90442,1
215685_94808,1
215687_187953,0
215687_275379,0
215687_136772,0
215687_220604,1
215687_235536,0
215687_170794,0
215689_58896,1
215689_94893,1
215689_16568,0
215689_117706,1
215689_98878,1
215689_164341,1
215692_70188,1
215692_288566,1
215692_265129,1
215692_203753,1
215692_1429,0
215692_70803,0
215696_89212,1
215696_24314,1
215696_152366,0
215696_133176,1
215696_272387,1
215696_206783,1
215699_245635,1
215699_255406,1
215699_92482,1
215699_116413,1
215699_106262,1
215699_97256,1
215701_20430,0
215701_138355,0
215701_209993,1
215701_230049,1
215701_112449,1
215701_14862,0
215705_230811,1
215705_246550,0
215705_181757,1
215705_135697,1
215705_192331,1
215705_204679,0
215706_251050,1
215706_271496,0
215706_266465,0
215706_163770,0
215706_143371,0
215706_157995,0
215711_155207,1
215711_228756,1
215711_258351,0
215711_112536,0
215711_9852,1
215711_295629,0
215712_165847,0
215712_253150,1
215712_78157,1
215712_131564,1
215712_163570,0
215712_182888,0
215713_152765,0
215713_268917,0
215713_144204,0
215713_204547,0
215713_57114,0
215713_248534,1
215716_253736,1
215716_69395,0
215716_260669,0
215716_138762,1
215716_129803,0
215716_285162,0
215717_271496,0
215717_163708,0
215717_260507,0
215717_18674,0
215717_272763,0
215717_293070,0
215722_3027,1
215722_19944,0
215722_48360,1
215722_57119,0
215722_266143,0
215722_74490,1
215723_216392,0
215723_15798,1
215723_152820,1
215723_276120,0
215723_278821,0
215723_60074,1
215727_293535,1
215727_203216,0
215727_230797,1
215727_82422,1
215727_31641,0
215727_205419,1
215730_113116,0
215730_289872,1
215730_144424,0
215730_36934,0
215730_69279,0
215730_189192,0
215731_54650,0
215731_89212,1
215731_126812,0
215731_126082,1
215731_6159,1
215731_17110,0
215733_259598,0
215733_123232,0
215733_36567,1
215733_213658,0
215733_47008,1
215733_49685,1
215734_191169,0
215734_203676,0
215734_215571,1
215734_87785,0
215734_121328,0
215734_182377,1
215739_171850,1
215739_234348,0
215739_78134,1
215739_123749,1
215739_12020,1
215739_218155,0
215740_238361,1
215740_227732,0
215740_109024,1
215740_195345,0
215740_96908,1
215740_77352,1
215744_243378,0
215744_137305,1
215744_233989,0
215744_137128,1
215744_94893,1
215744_241059,1
215745_292190,0
215745_150618,1
215745_244697,1
215745_121171,1
215745_156387,0
215745_81445,0
215747_286770,1
215747_156802,0
215747_161719,1
215747_110001,1
215747_254917,1
215747_239829,1
215750_21350,1
215750_144199,0
215750_284760,1
215750_258236,0
215750_159787,1
215750_85006,0
215751_213394,1
215751_12821,1
215751_61826,1
215751_212582,1
215751_59925,0
215751_106838,1
215754_260404,1
215754_69778,0
215754_293108,1
215754_110494,0
215754_125596,1
215754_207846,1
215755_58361,1
215755_230358,1
215755_73524,1
215755_25780,0
215755_287800,0
215755_229952,0
215756_258798,0
215756_105936,1
215756_259598,1
215756_180704,1
215756_130976,1
215756_129095,1
215757_255413,1
215757_211324,0
215757_114389,1
215757_45657,1
215757_52885,1
215757_231332,1
215759_282147,1
215759_72762,0
215759_239516,1
215759_267955,1
215759_86266,0
215759_111,0
215762_215369,0
215762_235584,0
215762_74542,1
215762_228746,1
215762_284618,1
215762_77000,1
215766_153113,1
215766_60285,0
215766_246890,1
215766_94629,0
215766_103236,1
215766_61846,0
215770_121497,1
215770_126948,1
215770_241680,0
215770_134227,0
215770_139319,1
215770_101049,1
215771_240109,0
215771_262921,1
215771_139377,0
215771_261875,1
215771_123997,0
215771_158098,0
215773_208943,1
215773_254626,0
215773_255278,0
215773_41698,0
215773_244328,1
215773_225363,1
215778_19299,1
215778_105030,1
215778_164231,1
215778_214924,0
215778_29273,0
215778_201487,1
215779_173804,1
215779_184036,1
215779_164195,0
215779_1447,0
215779_231089,1
215779_147682,1
215782_281862,0
215782_141509,0
215782_68137,0
215782_108780,0
215782_216316,0
215782_5869,0
215783_199276,1
215783_282133,0
215783_69392,0
215783_249919,1
215783_5116,1
215783_275773,1
215787_8809,0
215787_125251,1
215787_287800,0
215787_8260,0
215787_66359,1
215787_54821,1
215788_18863,0
215788_246898,0
215788_229894,1
215788_184066,0
215788_22940,1
215788_218326,0
215789_153216,1
215789_286439,1
215789_256223,0
215789_188676,1
215789_215398,1
215789_208846,1
215790_70346,1
215790_108012,0
215790_18910,1
215790_53778,1
215790_47008,0
215790_47211,0
215792_6064,0
215792_160511,1
215792_222923,1
215792_166102,0
215792_177982,0
215792_258320,0
215793_190549,0
215793_277399,0
215793_90121,0
215793_187355,0
215793_248743,0
215793_2356,0
215794_31714,1
215794_274352,0
215794_256061,1
215794_112121,1
215794_225217,1
215794_229065,1
215797_42192,0
215797_172024,0
215797_92035,1
215797_27779,0
215797_262655,0
215797_52835,1
215798_6973,0
215798_108507,1
215798_167061,0
215798_259493,1
215798_52454,0
215798_108161,0
215799_214251,1
215799_109917,0
215799_117790,1
215799_31202,1
215799_26396,1
215799_134456,0
215801_52670,1
215801_170773,1
215801_34243,1
215801_165955,1
215801_168898,1
215801_61187,1
215803_198854,0
215803_238389,1
215803_264741,1
215803_230677,1
215803_230513,1
215803_119375,1
215804_74106,1
215804_276587,0
215804_48124,0
215804_90795,0
215804_134743,0
215804_183583,0
215805_21274,1
215805_113224,1
215805_13219,0
215805_274391,1
215805_226666,0
215805_2879,0
215806_225363,0
215806_254703,0
215806_20895,0
215806_236939,1
215806_147920,0
215806_181455,1
215808_237222,0
215808_210215,0
215808_266150,0
215808_217825,1
215808_6159,0
215808_137794,0
215810_284303,0
215810_82912,1
215810_124490,0
215810_288689,1
215810_3454,1
215810_134788,0
215811_196807,0
215811_145184,1
215811_285630,1
215811_204887,1
215811_170521,0
215811_283715,1
215812_177229,1
215812_15715,1
215812_55,1
215812_14669,0
215812_63313,1
215812_84817,0
215813_180824,1
215813_216973,1
215813_138128,0
215813_30902,1
215813_93699,0
215813_249742,1
215814_121144,0
215814_294630,0
215814_127195,1
215814_29189,1
215814_25597,0
215814_247140,0
215818_167873,1
215818_60512,1
215818_180785,1
215818_193530,0
215818_210305,0
215818_286147,1
215820_133855,0
215820_289970,0
215820_13641,1
215820_280184,1
215820_1139,1
215820_197214,0
215825_19943,0
215825_26561,1
215825_169586,0
215825_289574,1
215825_60285,1
215825_221237,1
215827_293108,1
215827_240815,1
215827_148312,0
215827_63199,0
215827_243026,1
215827_142675,0
215828_34675,1
215828_134225,0
215828_14196,1
215828_157084,1
215828_237564,0
215828_70372,1
215833_70491,1
215833_22754,1
215833_45712,1
215833_45302,1
215833_19985,1
215833_187117,1
215837_291238,1
215837_33827,1
215837_236908,0
215837_54350,1
215837_13470,0
215837_67446,0
215838_63855,1
215838_136120,1
215838_150601,0
215838_130590,1
215838_104078,1
215838_264711,1
215839_146263,1
215839_287344,1
215839_125944,1
215839_223959,1
215839_234317,1
215839_187117,1
215843_273031,1
215843_234138,0
215843_122096,1
215843_134845,1
215843_12003,0
215843_216933,0
215846_268877,0
215846_18486,1
215846_167399,0
215846_715,1
215846_148228,0
215846_104966,1
215848_35891,0
215848_17254,1
215848_195190,0
215848_91505,1
215848_87488,1
215848_244768,1
215850_96890,0
215850_2460,1
215850_35367,1
215850_255753,0
215850_70268,1
215850_126692,1
215852_61885,1
215852_291577,1
215852_147504,0
215852_187771,1
215852_268609,1
215852_23845,1
215856_85268,0
215856_86171,0
215856_40596,1
215856_103981,1
215856_104699,0
215856_157945,1
215857_176639,1
215857_16374,1
215857_238656,0
215857_76149,1
215857_63415,1
215857_203948,1
215859_73311,1
215859_39669,0
215859_274871,0
215859_204162,1
215859_216395,0
215859_241059,0
215863_231206,0
215863_66604,1
215863_138010,1
215863_292490,1
215863_114346,1
215863_225054,1
215865_104207,1
215865_259316,1
215865_289374,1
215865_38557,1
215865_238206,0
215865_254494,1
215867_67856,0
215867_21858,1
215867_18152,1
215867_271812,1
215867_114997,0
215867_235293,1
215868_29018,1
215868_180555,0
215868_234437,1
215868_205714,1
215868_170773,1
215868_257956,0
215870_99293,0
215870_286615,1
215870_126464,1
215870_128974,1
215870_249753,1
215870_197936,1
215875_89212,1
215875_271250,1
215875_199099,0
215875_91558,1
215875_75564,1
215875_156898,0
215877_155570,1
215877_252198,0
215877_278805,1
215877_116915,0
215877_247218,1
215877_43886,0
215878_262010,1
215878_80916,1
215878_196720,1
215878_150250,1
215878_236044,1
215878_170773,1
215882_1618,1
215882_88855,0
215882_204714,1
215882_219563,0
215882_14141,1
215882_246898,1
215883_262922,0
215883_187862,0
215883_250838,0
215883_261061,0
215883_20834,0
215883_222136,0
215886_230358,0
215886_149665,0
215886_36909,1
215886_13495,1
215886_163189,1
215886_15951,1
215888_240098,0
215888_113112,1
215888_228077,1
215888_267065,0
215888_209370,1
215888_34513,0
215889_38168,1
215889_1557,0
215889_67182,1
215889_167093,1
215889_165332,1
215889_160072,0
215891_165372,1
215891_203707,1
215891_128292,1
215891_199310,1
215891_210946,1
215891_136234,0
215895_213698,0
215895_206780,0
215895_2535,1
215895_15876,1
215895_119699,0
215895_23138,0
215897_138809,1
215897_266054,1
215897_9948,1
215897_225362,0
215897_177555,1
215897_113224,1
215898_271794,1
215898_226133,0
215898_199880,0
215898_94220,1
215898_58361,1
215898_5207,1
215901_73674,1
215901_238869,0
215901_14485,0
215901_94153,1
215901_268388,0
215901_157598,0
215903_249636,0
215903_166916,1
215903_235864,1
215903_101954,1
215903_156139,0
215903_191023,1
215904_188703,1
215904_280152,0
215904_83522,1
215904_36206,1
215904_280055,1
215904_131453,1
215907_44210,1
215907_260980,1
215907_288488,1
215907_20217,0
215907_64402,1
215907_144499,1
215910_76964,1
215910_22528,1
215910_165528,1
215910_69516,0
215910_218432,0
215910_72517,1
215912_295628,0
215912_24286,1
215912_120743,0
215912_256008,1
215912_262075,1
215912_210854,1
215915_100608,1
215915_240324,0
215915_180341,0
215915_210602,1
215915_55808,0
215915_267754,0
215917_191300,1
215917_214172,1
215917_266274,1
215917_170261,1
215917_45612,1
215917_200907,1
215927_106062,0
215927_94173,1
215927_6507,0
215927_261450,1
215927_248189,0
215927_224132,0
215938_254689,1
215938_55412,1
215938_92869,1
215938_51122,1
215938_171543,1
215938_114723,1
215942_215120,1
215942_130276,1
215942_153348,0
215942_15256,1
215942_7282,1
215942_167008,1
215944_121500,1
215944_188656,0
215944_38502,0
215944_151926,0
215944_78157,1
215944_56551,0
215945_169325,0
215945_281016,1
215945_158785,1
215945_66593,0
215945_140529,1
215945_271425,0
215946_230982,1
215946_80050,1
215946_105015,1
215946_163930,1
215946_173971,1
215946_279223,1
215948_134456,1
215948_88203,1
215948_85314,1
215948_241553,1
215948_249437,1
215948_116232,1
215951_220478,1
215951_272329,0
215951_172679,0
215951_131633,1
215951_154539,1
215951_163568,1
215961_175003,1
215961_29290,1
215961_128273,1
215961_61189,0
215961_41843,1
215961_83210,1
215966_41212,1
215966_88624,1
215966_71004,1
215966_51216,0
215966_15715,0
215966_6115,0
215968_59299,1
215968_141509,0
215968_154402,0
215968_241483,0
215968_210900,0
215968_292341,0
215970_6133,1
215970_226434,0
215970_87423,1
215970_209371,1
215970_262743,0
215970_204462,1
215972_261904,1
215972_236664,0
215972_46661,1
215972_268809,0
215972_174760,1
215972_284221,1
215974_26727,0
215974_126192,1
215974_272140,0
215974_294176,1
215974_41885,0
215974_104232,1
215977_203232,1
215977_294992,0
215977_150559,0
215977_85242,0
215977_148765,1
215977_152491,0
215979_43010,0
215979_150048,0
215979_121072,0
215979_178475,0
215979_52293,0
215979_277781,0
215980_46201,0
215980_130010,1
215980_137591,0
215980_244494,1
215980_61250,1
215980_287058,0
215982_12889,1
215982_24474,1
215982_24607,1
215982_164434,1
215982_129023,1
215982_126448,1
215984_58471,0
215984_285227,0
215984_38362,0
215984_269738,0
215984_13390,0
215984_111151,0
215991_219351,1
215991_247423,1
215991_230019,1
215991_264416,1
215991_207401,1
215991_123940,0
215994_230797,1
215994_28516,0
215994_197214,1
215994_127573,1
215994_50209,0
215994_295904,0
215995_20206,0
215995_15405,1
215995_56525,1
215995_10062,1
215995_153172,1
215995_24902,1
215997_232923,1
215997_66722,1
215997_250949,1
215997_266000,0
215997_96398,0
215997_157214,1
216000_174626,0
216000_141610,1
216000_38502,1
216000_236303,0
216000_116774,0
216000_257260,0
216001_23885,1
216001_135074,0
216001_94531,1
216001_177336,1
216001_275881,0
216001_228208,1
216003_136245,1
216003_280612,0
216003_215325,1
216003_49962,1
216003_120876,0
216003_227596,1
216008_79772,0
216008_110262,1
216008_163576,1
216008_52881,1
216008_77680,0
216008_179502,1
216013_208545,0
216013_20572,0
216013_44970,0
216013_156230,0
216013_49332,0
216013_83386,0
216015_277309,1
216015_143571,0
216015_135181,1
216015_259024,0
216015_188147,1
216015_268566,0
216016_240024,1
216016_211603,1
216016_138355,0
216016_65494,1
216016_60331,0
216016_104968,1
216018_227881,1
216018_69035,1
216018_232937,1
216018_277957,1
216018_177181,1
216018_237561,1
216019_175951,1
216019_143084,0
216019_208389,0
216019_193139,1
216019_151999,1
216019_8379,0
216024_75858,0
216024_232425,1
216024_260846,1
216024_75650,1
216024_231041,1
216024_206392,0
216031_258252,0
216031_22704,0
216031_129190,1
216031_244768,1
216031_126886,0
216031_171529,0
216035_27765,1
216035_144169,1
216035_14033,1
216035_77139,0
216035_114620,1
216035_247316,1
216038_14388,0
216038_146536,1
216038_282495,0
216038_237172,0
216038_82632,1
216038_94381,0
216040_120563,0
216040_214851,1
216040_271030,0
216040_150748,1
216040_47989,1
216040_42369,1
216041_78558,0
216041_12541,1
216041_64665,0
216041_62382,0
216041_200132,1
216041_54921,1
216042_239474,1
216042_98777,1
216042_103068,0
216042_138112,0
216042_214776,1
216042_67994,0
216046_282264,0
216046_199529,0
216046_236044,0
216046_10453,0
216046_293214,0
216046_33195,0
216048_171479,1
216048_72374,1
216048_249559,1
216048_80674,1
216048_20989,0
216048_152390,1
216050_250273,1
216050_14810,1
216050_12647,1
216050_138863,1
216050_137084,1
216050_125702,1
216056_29214,1
216056_107645,0
216056_61853,1
216056_91145,1
216056_218206,0
216056_274691,1
216057_80572,1
216057_93820,1
216057_7665,0
216057_105393,0
216057_198804,1
216057_208389,1
216058_61571,1
216058_104304,1
216058_202342,1
216058_129015,0
216058_278582,1
216058_168154,1
216064_240968,1
216064_167451,1
216064_291985,1
216064_20236,1
216064_145359,1
216064_79803,1
216066_7845,1
216066_205700,0
216066_262257,1
216066_81227,0
216066_223542,1
216066_210500,1
216068_159583,0
216068_172024,0
216068_267088,0
216068_92064,1
216068_157733,0
216068_126189,1
216075_38390,1
216075_183711,1
216075_40528,0
216075_238212,1
216075_16310,0
216075_44118,0
216076_108171,1
216076_220721,1
216076_151927,0
216076_190695,1
216076_118166,0
216076_29322,0
216078_244372,0
216078_29894,1
216078_198171,1
216078_216012,0
216078_106108,0
216078_161515,0
216079_118642,1
216079_136245,1
216079_239263,1
216079_106190,0
216079_37030,1
216079_75144,1
216086_249743,0
216086_253134,1
216086_207532,0
216086_255065,1
216086_219476,0
216086_278271,1
216087_264427,1
216087_239498,0
216087_204859,1
216087_165106,1
216087_200670,1
216087_76102,1
216089_242619,0
216089_221508,0
216089_224017,0
216089_253231,0
216089_122337,0
216089_256132,0
216090_114168,0
216090_248526,0
216090_283425,1
216090_61093,1
216090_31039,1
216090_225744,0
216098_269685,0
216098_171217,1
216098_102289,0
216098_92589,1
216098_222806,1
216098_34470,1
216099_211298,0
216099_38191,1
216099_96052,1
216099_63893,0
216099_139259,0
216099_206195,1
216102_266065,0
216102_204836,1
216102_180281,0
216102_79396,0
216102_188327,1
216102_100113,1
216103_259467,1
216103_293108,1
216103_192277,1
216103_92064,1
216103_98507,0
216103_260655,0
216104_245268,1
216104_117634,1
216104_229929,0
216104_58993,0
216104_124387,0
216104_124402,0
216106_287022,0
216106_34678,0
216106_111462,1
216106_202331,1
216106_100459,1
216106_137312,0
216110_222183,0
216110_39332,1
216110_281270,1
216110_105828,0
216110_292311,0
216110_238845,1
216112_11594,1
216112_236906,1
216112_160017,0
216112_204755,1
216112_294233,1
216112_107615,1
216114_253345,0
216114_182472,0
216114_12141,0
216114_270541,0
216114_60074,0
216114_241077,0
216116_156192,0
216116_274912,0
216116_240074,0
216116_60937,1
216116_251511,0
216116_183723,0
216120_150186,1
216120_293852,1
216120_161703,1
216120_269698,0
216120_95924,1
216120_265026,0
216121_245273,0
216121_252444,1
216121_216226,0
216121_30437,0
216121_20765,0
216121_179000,1
216122_86772,1
216122_29214,0
216122_179979,0
216122_199786,0
216122_46697,1
216122_198179,1
216123_27573,1
216123_97501,1
216123_198874,1
216123_143584,0
216123_267297,1
216123_228704,0
216125_145813,1
216125_117407,1
216125_268974,0
216125_141243,1
216125_69973,0
216125_73557,1
216126_42639,1
216126_222259,0
216126_225319,0
216126_7375,1
216126_176443,1
216126_257145,1
216127_67782,1
216127_149555,0
216127_176172,1
216127_188798,0
216127_33676,1
216127_222246,1
216132_245953,1
216132_20713,1
216132_158015,1
216132_32137,0
216132_50447,1
216132_87470,0
216134_115724,0
216134_279305,1
216134_295887,0
216134_129803,0
216134_215339,0
216134_166592,1
216137_92994,0
216137_90992,1
216137_279023,1
216137_11754,0
216137_226430,0
216137_283017,1
216139_290794,0
216139_268613,0
216139_72683,0
216139_278594,0
216139_192661,0
216139_282523,0
216145_106788,1
216145_93209,0
216145_53085,1
216145_219052,0
216145_278223,0
216145_255383,0
216148_179437,0
216148_133223,0
216148_8051,1
216148_24876,1
216148_182344,0
216148_23885,0
216149_271459,1
216149_214979,0
216149_76685,1
216149_134160,1
216149_109937,0
216149_248844,0
216150_29894,1
216150_39652,1
216150_135541,0
216150_267404,0
216150_5846,1
216150_53527,0
216151_22940,1
216151_197941,0
216151_226781,1
216151_213394,0
216151_276189,1
216151_267297,1
216157_80041,1
216157_134918,0
216157_194992,1
216157_229550,1
216157_20564,0
216157_157373,1
216158_35549,1
216158_155373,0
216158_177931,1
216158_231680,1
216158_177496,0
216158_239307,1
216159_259862,0
216159_76477,1
216159_39763,0
216159_293315,0
216159_92035,0
216159_75819,1
216164_47258,1
216164_218174,0
216164_3111,1
216164_133985,0
216164_234247,1
216164_187314,0
216167_293157,0
216167_10155,0
216167_268877,0
216167_69565,0
216167_86732,0
216167_113179,0
216168_205311,1
216168_104542,1
216168_239303,0
216168_101494,0
216168_268388,1
216168_122044,0
216169_35192,1
216169_46756,0
216169_138488,1
216169_84162,0
216169_240467,1
216169_19214,0
216170_41291,0
216170_112760,1
216170_226558,0
216170_70714,1
216170_181066,1
216170_110928,1
216171_89468,1
216171_136273,0
216171_264667,1
216171_156603,1
216171_36744,0
216171_276004,1
216175_55,0
216175_125405,1
216175_142078,0
216175_247494,1
216175_98681,1
216175_69236,0
216176_252936,0
216176_133108,1
216176_196946,1
216176_99239,0
216176_257267,1
216176_5444,0
216179_173716,1
216179_227912,1
216179_20499,1
216179_77875,0
216179_117959,0
216179_162241,0
216180_263647,1
216180_171136,0
216180_143789,1
216180_71455,0
216180_194953,0
216180_52384,1
216181_277517,0
216181_47330,1
216181_92141,1
216181_131874,0
216181_9500,0
216181_262921,1
216183_250822,0
216183_88453,0
216183_261644,1
216183_275102,1
216183_265441,1
216183_80972,1
216184_213013,1
216184_262177,1
216184_223012,0
216184_1725,1
216184_166592,0
216184_187843,0
216186_38941,0
216186_90345,1
216186_134798,1
216186_283018,1
216186_110276,0
216186_262955,1
216189_215631,0
216189_115145,0
216189_15821,0
216189_51299,1
216189_273400,1
216189_248111,0
216193_144909,0
216193_29020,0
216193_94651,0
216193_176061,0
216193_21347,0
216193_243023,0
216195_121386,0
216195_43500,0
216195_129783,0
216195_190549,0
216195_30979,0
216195_31440,0
216196_173375,1
216196_134910,1
216196_49506,0
216196_232816,0
216196_199504,0
216196_222763,1
216199_130547,1
216199_233748,0
216199_291974,1
216199_177116,1
216199_258410,1
216199_3102,1
216200_268572,1
216200_150748,0
216200_223542,1
216200_231141,0
216200_250855,0
216200_91941,0
216202_211093,1
216202_101872,0
216202_178201,1
216202_250753,1
216202_288350,0
216202_130023,1
216203_143081,1
216203_221599,1
216203_85388,1
216203_166288,1
216203_256651,1
216203_295050,1
216204_155188,0
216204_83168,0
216204_268182,1
216204_22451,0
216204_288329,1
216204_271430,0
216205_197421,1
216205_139490,0
216205_170125,1
216205_16948,1
216205_129811,1
216205_19615,1
216209_152617,1
216209_112045,1
216209_185348,1
216209_3413,1
216209_98625,0
216209_49512,1
216212_117377,1
216212_58220,0
216212_3109,1
216212_217111,1
216212_225510,0
216212_110391,1
216213_274583,1
216213_209901,0
216213_273219,0
216213_61829,0
216213_119532,0
216213_248472,1
216215_55503,1
216215_197797,1
216215_44557,1
216215_211861,1
216215_55613,1
216215_245995,1
216216_246352,0
216216_166071,1
216216_192044,1
216216_272464,1
216216_52660,1
216216_290003,0
216217_147573,1
216217_241981,0
216217_135993,0
216217_15599,0
216217_183431,1
216217_187117,1
216219_219994,0
216219_278392,1
216219_143824,1
216219_185962,1
216219_282144,0
216219_151944,1
216224_69703,0
216224_61827,0
216224_220358,1
216224_181,0
216224_168428,0
216224_46756,0
216225_242556,0
216225_41346,1
216225_182427,1
216225_143570,1
216225_162690,1
216225_6695,1
216228_243829,1
216228_47528,1
216228_192157,1
216228_7845,1
216228_59598,0
216228_192136,0
216235_254626,0
216235_38557,1
216235_279130,1
216235_74296,1
216235_160239,1
216235_224583,0
216241_103088,1
216241_80328,1
216241_67733,1
216241_2333,1
216241_294871,0
216241_205100,1
216245_40093,1
216245_179615,0
216245_142408,0
216245_100113,1
216245_155741,1
216245_71880,0
216249_178062,0
216249_282355,1
216249_153742,0
216249_256030,1
216249_210352,1
216249_112142,1
216251_73043,1
216251_140145,1
216251_95484,1
216251_230158,1
216251_31811,1
216251_282165,1
216252_205419,0
216252_186573,1
216252_206582,0
216252_250391,0
216252_283138,0
216252_49707,0
216254_189823,1
216254_235661,0
216254_13641,1
216254_232332,0
216254_43724,0
216254_140334,1
216257_238441,0
216257_250410,0
216257_53595,0
216257_236044,0
216257_42073,0
216257_126203,0
216258_129805,0
216258_13796,1
216258_252285,1
216258_260175,1
216258_27372,0
216258_49149,1
216262_275274,1
216262_82239,1
216262_292224,1
216262_234742,1
216262_6370,1
216262_197211,1
216264_59067,1
216264_235507,0
216264_34658,1
216264_92770,1
216264_99448,0
216264_203604,1
216265_14266,0
216265_273203,1
216265_163096,1
216265_80992,1
216265_65362,1
216265_3029,1
216266_251978,0
216266_201706,1
216266_157893,1
216266_267360,0
216266_242156,1
216266_206236,1
216268_164950,1
216268_262281,1
216268_174921,0
216268_162629,1
216268_273483,1
216268_224805,1
216270_24987,0
216270_156246,0
216270_109387,0
216270_221998,0
216270_68044,0
216270_24216,0
216273_171286,1
216273_262810,1
216273_189185,1
216273_18863,1
216273_95055,1
216273_142715,1
216274_261904,1
216274_200024,1
216274_192658,0
216274_295799,1
216274_15172,0
216274_162435,0
216277_200491,0
216277_238888,1
216277_12589,0
216277_244947,0
216277_76599,0
216277_79194,1
216279_122173,1
216279_229424,0
216279_86713,1
216279_195560,1
216279_100086,0
216279_251443,1
216280_97450,0
216280_150962,0
216280_120446,1
216280_13477,1
216280_108981,0
216280_110369,1
216282_70595,0
216282_144452,1
216282_39399,0
216282_176515,1
216282_102917,0
216282_222875,1
216284_112760,1
216284_65330,0
216284_43391,1
216284_13350,1
216284_51313,1
216284_82179,0
216288_185900,0
216288_12470,1
216288_69245,0
216288_48532,1
216288_23345,1
216288_117238,0
216298_204061,1
216298_82402,1
216298_239566,0
216298_3301,1
216298_91479,0
216298_220868,1
216303_35423,1
216303_2342,1
216303_121420,0
216303_119717,0
216303_92777,0
216303_129752,0
216305_113179,0
216305_96488,1
216305_102547,1
216305_46125,0
216305_93045,1
216305_44677,1
216312_257449,1
216312_11987,0
216312_244729,1
216312_161072,1
216312_217591,0
216312_46756,0
216313_271163,1
216313_128541,1
216313_47420,1
216313_110001,1
216313_265646,1
216313_215756,0
216323_185156,1
216323_74296,1
216323_90278,0
216323_99942,1
216323_166926,1
216323_63580,0
216324_207351,0
216324_44290,1
216324_130301,0
216324_273520,1
216324_13822,1
216324_219563,1
216325_136546,1
216325_6982,1
216325_88958,1
216325_133902,1
216325_269431,1
216325_100484,0
216326_208755,1
216326_205771,1
216326_186307,0
216326_230460,1
216326_176644,1
216326_47697,0
216327_282587,0
216327_171252,0
216327_240264,1
216327_158828,0
216327_256949,0
216327_44675,0
216329_49046,1
216329_125251,1
216329_158047,1
216329_52233,1
216329_274895,1
216329_244857,1
216330_212331,1
216330_202235,0
216330_143969,1
216330_111720,0
216330_193887,1
216330_268554,1
216331_168127,1
216331_40704,1
216331_28407,0
216331_195385,1
216331_238552,0
216331_141951,1
216332_291135,1
216332_45340,1
216332_253265,1
216332_7031,1
216332_127048,0
216332_170260,1
216334_274428,1
216334_45459,1
216334_36523,1
216334_39046,0
216334_48036,1
216334_287377,1
216335_12821,1
216335_126560,0
216335_277867,1
216335_108161,0
216335_57209,1
216335_290285,0
216336_59211,1
216336_242044,0
216336_276467,0
216336_289422,0
216336_107707,0
216336_164707,1
216341_48386,1
216341_74851,0
216341_161614,1
216341_165413,1
216341_4833,1
216341_126097,1
216343_186120,1
216343_149390,1
216343_113212,0
216343_186862,1
216343_160977,0
216343_258173,1
216344_166286,0
216344_98915,0
216344_81651,0
216344_65494,1
216344_289053,0
216344_156230,1
216345_270430,0
216345_271783,0
216345_137615,1
216345_30458,0
216345_199157,0
216345_226210,0
216350_117210,1
216350_239764,0
216350_243423,0
216350_215631,1
216350_92516,1
216350_277989,0
216355_9717,0
216355_234388,1
216355_254869,0
216355_200180,0
216355_259481,1
216355_233562,1
216359_141638,1
216359_182161,1
216359_94507,0
216359_37595,1
216359_175211,0
216359_77677,0
216362_260175,1
216362_129095,1
216362_198867,1
216362_92995,1
216362_167345,1
216362_285943,1
216363_183350,0
216363_263351,1
216363_78298,0
216363_94953,0
216363_22904,0
216363_295823,0
216364_140274,0
216364_115465,0
216364_142490,0
216364_280920,1
216364_284314,0
216364_277218,0
216368_223134,1
216368_217773,0
216368_187420,1
216368_137568,0
216368_191933,1
216368_123687,0
216369_48304,0
216369_22436,1
216369_262715,0
216369_263685,1
216369_206467,1
216369_247020,1
216371_148670,1
216371_29778,1
216371_50473,1
216371_21148,1
216371_18055,0
216371_205438,1
216373_253871,0
216373_8289,1
216373_69672,1
216373_194630,1
216373_212418,1
216373_76095,1
216376_90735,1
216376_179110,1
216376_248658,0
216376_146308,1
216376_97925,1
216376_40334,1
216378_53964,1
216378_39788,1
216378_196878,0
216378_20648,0
216378_151212,1
216378_239668,1
216382_120563,0
216382_266253,0
216382_8004,0
216382_130013,1
216382_103546,0
216382_184839,0
216383_166562,1
216383_3606,1
216383_46929,1
216383_5857,0
216383_29666,1
216383_34989,1
216386_292278,0
216386_197211,1
216386_1193,1
216386_5207,1
216386_128292,1
216386_199310,1
216387_179298,1
216387_29004,0
216387_74017,0
216387_23103,1
216387_61515,1
216387_262883,1
216388_147582,1
216388_111137,1
216388_221874,0
216388_222284,1
216388_167663,1
216388_227397,0
216389_139934,0
216389_277555,1
216389_215120,1
216389_276097,0
216389_177982,0
216389_153596,1
216390_21436,0
216390_122589,0
216390_246877,0
216390_232622,1
216390_163720,0
216390_203153,1
216391_249735,1
216391_64855,1
216391_195700,0
216391_158844,0
216391_102349,1
216391_164957,0
216394_222174,0
216394_228141,1
216394_204847,1
216394_174390,0
216394_173123,0
216394_103145,1
216399_161452,1
216399_163692,1
216399_218391,0
216399_278223,1
216399_8595,1
216399_184538,1
216404_208364,1
216404_14595,1
216404_250816,1
216404_32551,1
216404_263751,1
216404_214484,1
216406_128054,0
216406_71455,1
216406_16290,1
216406_149832,0
216406_197858,1
216406_182057,0
216407_291302,0
216407_36024,1
216407_197768,1
216407_134099,0
216407_10024,1
216407_32218,1
216410_108161,1
216410_229894,1
216410_124461,1
216410_158605,1
216410_252560,1
216410_220904,1
216413_160072,1
216413_102470,1
216413_247086,1
216413_81537,0
216413_15780,0
216413_261970,0
216415_138106,0
216415_23430,0
216415_249705,0
216415_44001,0
216415_82003,1
216415_18728,0
216418_151313,0
216418_269227,1
216418_276760,0
216418_262854,0
216418_162112,1
216418_206241,0
216421_101013,0
216421_173952,1
216421_133922,0
216421_135799,1
216421_19704,1
216421_138883,1
216422_94338,0
216422_245668,0
216422_187117,1
216422_52956,0
216422_58037,0
216422_263372,0
216423_39805,0
216423_122909,0
216423_212592,0
216423_157826,1
216423_100741,0
216423_255988,0
216431_199132,1
216431_97613,0
216431_117722,0
216431_29667,1
216431_70875,0
216431_46396,1
216432_145437,0
216432_225319,0
216432_33761,0
216432_232047,0
216432_91475,0
216432_44677,1
216439_41130,0
216439_156614,0
216439_176178,0
216439_294648,0
216439_119763,1
216439_129792,0
216442_20818,0
216442_161515,1
216442_126448,1
216442_38457,0
216442_124594,0
216442_61145,1
216444_290135,1
216444_217557,1
216444_218883,1
216444_74017,0
216444_182596,1
216444_278103,0
216448_17556,0
216448_267135,1
216448_116072,0
216448_8244,0
216448_246644,0
216448_163853,0
216450_130097,1
216450_271272,0
216450_144605,0
216450_262715,0
216450_207961,1
216450_77417,1
216452_246598,1
216452_232045,0
216452_133297,0
216452_256606,1
216452_227646,0
216452_134657,1
216453_281818,1
216453_114120,1
216453_185349,1
216453_250196,0
216453_215321,0
216453_155373,1
216460_198929,1
216460_161120,0
216460_270526,0
216460_96679,0
216460_216166,0
216460_145505,1
216461_223841,1
216461_290876,1
216461_288322,1
216461_262192,1
216461_278136,1
216461_157966,0
216462_3498,1
216462_166445,0
216462_277031,0
216462_177205,1
216462_9852,0
216462_17790,1
216465_41271,1
216465_137231,1
216465_155231,1
216465_94329,1
216465_146767,0
216465_70328,1
216466_286290,1
216466_226441,1
216466_25855,0
216466_72842,0
216466_179128,0
216466_143570,0
216468_246898,0
216468_168677,0
216468_150618,0
216468_90156,1
216468_280192,0
216468_121881,0
216469_138272,0
216469_244768,1
216469_79230,0
216469_41669,0
216469_52617,1
216469_84995,1
216470_137812,1
216470_243427,0
216470_221166,1
216470_56423,0
216470_211035,0
216470_195923,0
216471_27767,1
216471_102270,0
216471_182869,0
216471_46992,1
216471_237211,1
216471_193216,1
216472_112115,0
216472_379,0
216472_52066,0
216472_294808,0
216472_95251,1
216472_70348,1
216478_109024,1
216478_95432,0
216478_51539,1
216478_229455,0
216478_189795,1
216478_162444,1
216484_242414,1
216484_97514,1
216484_202786,1
216484_96935,0
216484_237985,0
216484_131564,1
216485_15538,0
216485_7836,1
216485_25235,1
216485_35423,1
216485_101321,0
216485_51675,1
216486_3272,0
216486_285844,0
216486_174116,1
216486_37960,1
216486_76342,1
216486_226858,0
216487_70268,0
216487_291071,0
216487_145156,0
216487_29853,0
216487_277694,0
216487_182581,0
216490_268877,0
216490_38447,1
216490_72729,0
216490_169415,1
216490_92358,0
216490_287940,0
216492_190357,0
216492_117728,1
216492_225893,1
216492_91629,0
216492_8415,1
216492_262921,1
216496_118497,0
216496_179540,1
216496_86975,0
216496_21593,1
216496_161098,0
216496_110918,1
216498_9335,1
216498_123622,1
216498_53085,1
216498_39605,1
216498_44675,1
216498_133123,1
216505_215620,0
216505_33537,0
216505_48288,1
216505_45687,0
216505_218885,0
216505_126873,1
216508_270854,1
216508_75167,1
216508_261797,1
216508_182249,0
216508_19138,0
216508_15596,0
216512_276868,1
216512_139002,1
216512_8040,0
216512_22991,0
216512_10944,1
216512_229719,0
216514_236878,1
216514_34586,0
216514_176033,0
216514_279226,1
216514_155598,1
216514_132309,1
216517_212840,1
216517_185209,0
216517_227997,1
216517_283086,1
216517_268320,1
216517_217858,1
216519_74504,0
216519_261346,0
216519_141941,0
216519_230677,0
216519_42489,0
216519_290787,0
216520_202342,1
216520_119025,0
216520_243297,0
216520_218238,1
216520_214727,0
216520_237718,1
216521_287302,1
216521_226224,1
216521_267088,1
216521_286420,1
216521_196888,0
216521_203152,1
216531_119451,1
216531_148986,0
216531_61420,0
216531_91,1
216531_184618,0
216531_167673,0
216533_76,0
216533_142095,0
216533_149633,0
216533_81906,0
216533_177930,0
216533_107613,0
216536_282410,1
216536_88958,1
216536_110870,1
216536_234884,1
216536_191897,0
216536_288404,1
216537_107137,1
216537_270329,1
216537_24070,0
216537_103381,0
216537_257899,1
216537_160150,1
216538_71685,0
216538_144747,1
216538_97753,0
216538_283458,1
216538_153903,0
216538_30604,1
216539_94845,0
216539_283551,1
216539_215325,1
216539_126353,0
216539_121387,0
216539_136453,0
216540_239498,1
216540_39465,0
216540_158845,0
216540_66541,0
216540_282136,0
216540_267297,1
216544_245984,1
216544_156784,1
216544_74096,1
216544_216699,1
216544_72969,1
216544_166869,0
216547_276632,0
216547_213445,1
216547_34503,1
216547_164591,1
216547_183123,1
216547_169929,1
216548_288329,0
216548_171402,0
216548_274709,0
216548_47612,0
216548_221347,0
216548_147999,0
216551_51494,0
216551_197487,0
216551_89130,1
216551_233919,1
216551_183307,1
216551_1779,1
216554_207401,0
216554_293728,0
216554_75813,0
216554_236066,0
216554_157369,0
216554_193003,0
216558_695,0
216558_140255,0
216558_206958,0
216558_109246,0
216558_97476,0
216558_7596,0
216563_131643,0
216563_263513,0
216563_75564,1
216563_118998,1
216563_288590,1
216563_101404,1
216564_275596,1
216564_283246,1
216564_49756,0
216564_6432,0
216564_85087,1
216564_21072,1
216565_230019,1
216565_107959,1
216565_167930,1
216565_174510,1
216565_119205,1
216565_188269,1
216570_135799,0
216570_221248,1
216570_98305,1
216570_65362,1
216570_120519,1
216570_39649,1
216571_286773,0
216571_8980,0
216571_277309,1
216571_20032,1
216571_246149,0
216571_218956,1
216572_151595,1
216572_14482,1
216572_256008,1
216572_227486,0
216572_109986,0
216572_196860,0
216576_146117,1
216576_36766,0
216576_26932,0
216576_244698,0
216576_270004,0
216576_34886,0
216577_7299,0
216577_244697,1
216577_169356,1
216577_15135,0
216577_206029,1
216577_238892,0
216579_44316,0
216579_16274,1
216579_231282,1
216579_161324,1
216579_261904,1
216579_247508,1
216581_44630,0
216581_275334,0
216581_63313,1
216581_204223,0
216581_281826,1
216581_34829,1
216583_93128,0
216583_40344,0
216583_189775,0
216583_283015,0
216583_256568,0
216583_13495,1
216584_245613,1
216584_215980,0
216584_192044,0
216584_217768,0
216584_295595,0
216584_273219,1
216589_198893,1
216589_127680,0
216589_107172,0
216589_66484,0
216589_52855,1
216589_228746,1
216590_169873,0
216590_205006,1
216590_144857,1
216590_223474,1
216590_272962,0
216590_237561,0
216591_158756,0
216591_3759,1
216591_126713,1
216591_30494,1
216591_218371,1
216591_160951,0
216592_243182,1
216592_271100,1
216592_63014,1
216592_173257,1
216592_285465,1
216592_113895,1
216593_35068,0
216593_236455,1
216593_238808,1
216593_66800,0
216593_57083,1
216593_163163,1
216595_257776,0
216595_80674,1
216595_76522,0
216595_45078,1
216595_126992,1
216595_159580,0
216598_50116,0
216598_267497,1
216598_116481,0
216598_246970,1
216598_119793,0
216598_195923,1
216599_93084,1
216599_255320,1
216599_101294,1
216599_125807,0
216599_81348,0
216599_172935,1
216601_207449,1
216601_95580,1
216601_81191,1
216601_108235,0
216601_153291,1
216601_193340,0
216606_261346,0
216606_24954,0
216606_268936,1
216606_163158,1
216606_216497,0
216606_119023,0
216608_224617,0
216608_29003,0
216608_275379,1
216608_259393,1
216608_232816,1
216608_64195,0
216609_172368,1
216609_175144,0
216609_85777,1
216609_72326,0
216609_132153,0
216609_186913,1
216611_273209,1
216611_260478,1
216611_115335,1
216611_247768,0
216611_256782,1
216611_146741,0
216613_179152,1
216613_177642,1
216613_286439,1
216613_124387,1
216613_45459,1
216613_199235,1
216614_218867,1
216614_119006,1
216614_3109,1
216614_104809,0
216614_286329,1
216614_233541,1
216615_51122,1
216615_104996,1
216615_282642,1
216615_88811,0
216615_109899,1
216615_245277,1
216617_249437,1
216617_157686,1
216617_281818,1
216617_244097,1
216617_294764,1
216617_241587,1
216618_58037,1
216618_281196,0
216618_5852,0
216618_137047,0
216618_247020,1
216618_80100,1
216619_182433,0
216619_39973,1
216619_13177,0
216619_268242,0
216619_42331,1
216619_31440,1
216628_154010,1
216628_168943,0
216628_66886,1
216628_259225,0
216628_8954,1
216628_2952,1
216629_250273,1
216629_259360,0
216629_30877,1
216629_56976,1
216629_54734,0
216629_13495,1
216630_81692,0
216630_54093,0
216630_20101,0
216630_219295,0
216630_271128,1
216630_118737,0
216632_42831,0
216632_85272,0
216632_271092,1
216632_170773,1
216632_277753,1
216632_156112,0
216636_236606,1
216636_68293,0
216636_294577,1
216636_203206,1
216636_218715,0
216636_230577,0
216638_223599,0
216638_138809,0
216638_172285,1
216638_134535,0
216638_20041,0
216638_139593,1
216647_113365,0
216647_240854,1
216647_219713,1
216647_126692,0
216647_228891,0
216647_85391,1
216651_255420,1
216651_49752,1
216651_72771,1
216651_105290,1
216651_237342,1
216651_22611,1
216652_75923,0
216652_46063,0
216652_276396,0
216652_143033,0
216652_225781,0
216652_63430,0
216654_54217,0
216654_4929,1
216654_147573,1
216654_157116,0
216654_125944,1
216654_153183,0
216658_9222,1
216658_27781,0
216658_188593,0
216658_69596,1
216658_97117,1
216658_223502,0
216660_114308,0
216660_199905,0
216660_219377,1
216660_262534,0
216660_242681,0
216660_201147,0
216661_263219,1
216661_47554,0
216661_26085,1
216661_37837,1
216661_262620,1
216661_15461,1
216663_46458,1
216663_115381,0
216663_283463,0
216663_7698,1
216663_98305,1
216663_142304,1
216664_67942,1
216664_96908,1
216664_260094,1
216664_204462,1
216664_195041,0
216664_23182,1
216671_103718,1
216671_23736,1
216671_130115,0
216671_27163,1
216671_86928,0
216671_99629,0
216672_255511,0
216672_42193,0
216672_1139,0
216672_262165,0
216672_231243,0
216672_158813,0
216675_86183,0
216675_98142,0
216675_214296,0
216675_2397,0
216675_179993,0
216675_182307,0
216676_52107,1
216676_101201,0
216676_153183,1
216676_9297,1
216676_108780,1
216676_192917,0
216681_288329,1
216681_237211,0
216681_252657,0
216681_279994,0
216681_143570,1
216681_23679,0
216682_91505,0
216682_165106,1
216682_135537,0
216682_66368,0
216682_232205,1
216682_156679,0
216686_226352,1
216686_107627,1
216686_3956,0
216686_252608,1
216686_212439,1
216686_120324,0
216688_197741,0
216688_83900,1
216688_137702,1
216688_145613,0
216688_172927,1
216688_194810,0
216689_62498,1
216689_124394,1
216689_54378,1
216689_14994,1
216689_211978,1
216689_281790,1
216691_123997,0
216691_95726,1
216691_201399,0
216691_31487,0
216691_129903,1
216691_147967,0
216694_130023,1
216694_29880,0
216694_136449,0
216694_117706,1
216694_159936,0
216694_175250,1
216697_291238,0
216697_116721,0
216697_275211,0
216697_88455,0
216697_205438,0
216697_171096,1
216705_44675,1
216705_31300,1
216705_169630,1
216705_32265,0
216705_27232,1
216705_67879,1
216713_178189,1
216713_295292,1
216713_233815,0
216713_235538,1
216713_79392,0
216713_172099,1
216718_208936,1
216718_149762,0
216718_152347,1
216718_24960,0
216718_121593,0
216718_147585,1
216721_219915,1
216721_210602,1
216721_174397,0
216721_269227,1
216721_217641,0
216721_192661,1
216723_11594,1
216723_226644,1
216723_24476,0
216723_20183,1
216723_95633,1
216723_290991,0
216726_152229,0
216726_120563,1
216726_156250,1
216726_205438,1
216726_178259,0
216726_197708,0
216730_253344,1
216730_169132,0
216730_242017,1
216730_270515,1
216730_73365,1
216730_221618,1
216732_5214,1
216732_184031,1
216732_225897,1
216732_19165,1
216732_85540,1
216732_182805,1
216734_286290,0
216734_130154,0
216734_283956,1
216734_187117,0
216734_119683,0
216734_182274,1
216735_204462,1
216735_61778,1
216735_137782,0
216735_44826,0
216735_181353,1
216735_246624,1
216738_170496,0
216738_129684,1
216738_4244,1
216738_271335,0
216738_30496,0
216738_56437,1
216743_27851,1
216743_39605,1
216743_214995,0
216743_112744,0
216743_161403,1
216743_167370,1
216746_30048,0
216746_272311,1
216746_281016,1
216746_237334,0
216746_108755,1
216746_163900,0
216747_125322,1
216747_269227,1
216747_279798,0
216747_13875,1
216747_128732,1
216747_254860,0
216749_182837,0
216749_146575,1
216749_281079,1
216749_133558,0
216749_228644,0
216749_202040,0
216752_69187,1
216752_171720,1
216752_201021,0
216752_133340,0
216752_281027,0
216752_265121,1
216755_146570,1
216755_291658,0
216755_232780,0
216755_128085,1
216755_35669,1
216755_45546,1
216760_154220,1
216760_133381,1
216760_132249,1
216760_64051,1
216760_277311,0
216760_230234,1
216763_149593,1
216763_284942,1
216763_265809,1
216763_10110,0
216763_165462,1
216763_171885,1
216764_53711,1
216764_270329,1
216764_291459,0
216764_99448,1
216764_104809,1
216764_109727,1
216765_18306,1
216765_236406,1
216765_201230,1
216765_255196,1
216765_192013,0
216765_79296,1
216767_50914,1
216767_291320,1
216767_260955,1
216767_152245,1
216767_109606,1
216767_164737,1
216772_224104,1
216772_158059,0
216772_135710,1
216772_98878,1
216772_274796,1
216772_115095,0
216774_258942,1
216774_103637,1
216774_39092,1
216774_173887,0
216774_79784,1
216774_61371,1
216775_184353,0
216775_181316,0
216775_278043,1
216775_47528,1
216775_247253,1
216775_167409,0
216776_86485,0
216776_37960,1
216776_140201,0
216776_188039,0
216776_106125,1
216776_2538,0
216778_30563,1
216778_243453,1
216778_47740,1
216778_19017,0
216778_251729,0
216778_220475,0
216782_236699,1
216782_212852,0
216782_14795,0
216782_253450,1
216782_97494,0
216782_25545,0
216783_166693,1
216783_194512,0
216783_117627,1
216783_88453,1
216783_110816,1
216783_100174,1
216790_214185,0
216790_166837,1
216790_137243,1
216790_72964,0
216790_24631,1
216790_12756,0
216794_72612,0
216794_130595,0
216794_64855,1
216794_214443,0
216794_211520,0
216794_50888,0
216795_33540,0
216795_174078,1
216795_51677,1
216795_8420,1
216795_184786,1
216795_607,0
216796_67826,1
216796_175379,1
216796_135168,1
216796_22724,1
216796_156913,1
216796_66790,0
216798_38174,0
216798_78362,0
216798_250721,0
216798_51145,1
216798_105643,1
216798_92310,0
216800_261450,1
216800_69255,1
216800_135278,1
216800_23675,0
216800_276334,0
216800_8252,0
216801_42554,0
216801_153565,0
216801_128680,0
216801_253486,0
216801_91475,0
216801_107122,0
216804_160099,1
216804_199331,0
216804_288536,1
216804_31024,1
216804_261626,1
216804_110276,0
216805_30508,0
216805_215631,1
216805_259739,0
216805_159848,0
216805_92819,1
216805_185571,0
216810_77118,0
216810_158778,0
216810_254065,1
216810_42530,1
216810_221382,1
216810_30023,1
216812_130010,1
216812_296042,0
216812_124692,1
216812_292077,0
216812_207081,0
216812_147294,0
216815_35141,0
216815_107772,1
216815_9098,1
216815_45202,1
216815_235673,1
216815_140417,0
216819_88050,1
216819_102134,1
216819_267088,1
216819_93011,1
216819_290470,0
216819_277585,0
216825_7910,1
216825_8669,1
216825_198368,0
216825_236577,0
216825_274911,0
216825_94829,0
216826_104207,0
216826_13317,0
216826_187466,1
216826_123161,0
216826_259150,1
216826_265856,0
216830_46110,1
216830_269223,0
216830_179823,1
216830_163039,1
216830_143789,1
216830_226675,0
216832_38200,1
216832_204679,0
216832_241721,1
216832_248571,0
216832_174626,1
216832_260185,0
216839_117339,1
216839_57209,1
216839_52090,0
216839_231346,0
216839_204836,0
216839_41590,1
216840_252755,0
216840_257088,0
216840_128732,1
216840_13495,1
216840_225863,0
216840_72718,0
216841_1447,1
216841_237564,1
216841_154028,0
216841_95528,1
216841_278549,1
216841_107457,0
216847_206018,0
216847_5376,1
216847_73557,1
216847_55575,1
216847_244768,1
216847_54301,0
216851_154274,0
216851_140840,1
216851_52853,1
216851_84531,0
216851_74096,0
216851_38085,0
216852_255553,0
216852_11594,1
216852_29745,1
216852_168829,0
216852_225677,0
216852_250749,1
216853_87691,1
216853_194810,1
216853_5888,1
216853_283687,0
216853_194388,1
216853_67509,1
216855_38287,1
216855_263560,1
216855_173786,1
216855_260581,1
216855_175059,1
216855_153787,1
216857_210625,1
216857_229916,0
216857_218494,0
216857_208348,0
216857_11480,0
216857_190089,0
216858_153854,0
216858_247423,0
216858_224304,0
216858_193863,0
216858_104154,1
216858_238633,1
216861_131989,1
216861_187377,1
216861_177086,1
216861_134355,1
216861_169745,1
216861_112564,0
216862_25772,0
216862_19692,0
216862_215223,0
216862_121824,0
216862_136848,1
216862_133121,1
216869_192121,0
216869_103870,0
216869_228872,1
216869_247065,1
216869_66960,0
216869_17103,1
216870_153243,1
216870_106999,0
216870_58921,0
216870_144965,1
216870_228385,1
216870_154426,0
216880_15400,1
216880_211280,1
216880_97006,0
216880_116645,1
216880_292483,0
216880_55247,0
216881_56811,1
216881_288078,1
216881_234548,1
216881_120563,1
216881_273747,1
216881_246624,1
216885_83409,0
216885_72835,0
216885_185343,0
216885_21650,0
216885_64763,0
216885_19892,0
216888_163381,1
216888_67605,0
216888_253344,0
216888_185828,1
216888_150748,0
216888_164379,0
216890_154829,0
216890_259060,0
216890_94723,0
216890_273185,0
216890_95165,0
216890_178370,1
216892_69766,1
216892_148430,0
216892_47731,0
216892_5520,1
216892_45150,0
216892_271226,0
216893_219394,1
216893_32500,0
216893_46314,0
216893_230358,1
216893_11480,0
216893_220904,0
216896_114730,0
216896_114254,0
216896_109544,0
216896_125105,0
216896_204649,1
216896_31498,1
216898_263727,1
216898_200939,0
216898_62265,0
216898_249753,0
216898_91434,1
216898_159979,0
216899_173538,0
216899_232259,1
216899_29535,1
216899_190195,0
216899_273765,1
216899_17882,0
216901_272833,1
216901_106094,0
216901_152087,0
216901_73903,1
216901_61827,1
216901_104222,0
216903_117697,1
216903_20474,0
216903_258769,0
216903_29348,0
216903_119552,1
216903_140955,1
216905_196723,1
216905_94784,1
216905_211236,0
216905_16384,1
216905_127871,1
216905_14283,1
216907_161452,0
216907_155939,1
216907_141300,0
216907_207123,0
216907_146710,1
216907_1036,1
216910_293385,1
216910_226675,1
216910_170565,1
216910_228172,1
216910_6152,1
216910_151503,0
216915_251253,1
216915_81561,0
216915_253791,0
216915_293576,0
216915_207717,0
216915_13495,1
216917_263566,0
216917_224550,0
216917_100088,0
216917_222620,0
216917_103473,0
216917_258680,0
216923_44796,1
216923_294957,1
216923_244231,1
216923_15596,1
216923_91475,1
216923_216316,1
216925_108755,1
216925_153068,1
216925_129095,1
216925_32836,0
216925_262921,1
216925_268900,1
216926_134768,1
216926_45049,0
216926_103502,0
216926_136742,1
216926_270906,1
216926_222371,1
216928_102756,1
216928_175250,1
216928_258008,1
216928_271874,0
216928_248452,1
216928_23269,1
216929_201327,1
216929_80570,1
216929_275259,1
216929_194182,0
216929_22152,1
216929_140969,1
216931_192587,1
216931_269265,1
216931_230678,1
216931_162435,0
216931_216745,1
216931_192466,0
216933_170317,0
216933_140612,0
216933_9209,1
216933_133421,1
216933_204340,1
216933_201441,0
216935_72284,1
216935_123683,1
216935_145078,0
216935_56900,1
216935_167873,0
216935_212840,0
216936_205574,0
216936_197995,1
216936_134160,1
216936_112669,1
216936_24498,0
216936_49418,0
216938_160569,1
216938_184433,1
216938_20499,0
216938_93084,1
216938_122765,0
216938_170899,0
216940_271287,1
216940_264826,1
216940_84196,0
216940_177881,1
216940_264979,1
216940_139377,0
216941_269998,1
216941_46091,0
216941_248870,1
216941_226675,0
216941_29189,1
216941_173915,0
216943_207208,0
216943_253379,1
216943_170480,1
216943_206878,1
216943_279408,0
216943_291102,1
216944_85428,1
216944_3580,0
216944_159047,1
216944_199979,0
216944_162976,0
216944_48329,1
216951_230068,1
216951_171830,1
216951_273219,0
216951_4286,1
216951_78157,1
216951_270301,1
216952_2268,0
216952_101773,1
216952_194082,0
216952_127834,1
216952_60205,1
216952_124807,0
216953_165106,1
216953_167345,1
216953_101507,1
216953_67942,1
216953_139175,1
216953_149202,1
216954_75747,0
216954_43031,1
216954_252711,0
216954_293300,1
216954_10206,1
216954_81434,1
216957_295735,0
216957_56618,1
216957_86364,0
216957_190870,0
216957_179829,0
216957_1954,0
216958_188111,0
216958_158756,1
216958_13197,0
216958_288412,0
216958_199051,0
216958_135169,0
216959_175800,1
216959_148670,1
216959_292886,1
216959_177339,1
216959_192889,1
216959_94777,1
216961_20999,0
216961_16489,0
216961_290340,1
216961_132173,1
216961_59389,1
216961_36479,1
216968_232863,0
216968_56525,1
216968_55985,1
216968_133204,0
216968_121932,1
216968_20747,1
216970_280792,1
216970_154668,0
216970_233731,1
216970_111927,0
216970_67061,1
216970_58361,0
216971_45668,1
216971_245668,0
216971_2924,1
216971_214945,1
216971_150618,1
216971_12984,0
216972_46555,1
216972_21415,1
216972_203169,1
216972_226441,0
216972_191585,1
216972_107493,0
216974_71059,1
216974_56811,1
216974_15208,1
216974_121196,1
216974_203836,1
216974_128217,1
216975_121095,1
216975_221371,1
216975_33864,1
216975_289451,0
216975_74367,1
216975_184197,1
216977_4749,0
216977_250273,1
216977_42889,0
216977_52572,1
216977_26421,0
216977_18395,1
216987_4310,0
216987_242681,1
216987_123546,1
216987_100352,0
216987_121386,1
216987_72125,1
216988_227586,0
216988_222831,0
216988_228218,1
216988_15499,1
216988_75661,0
216988_20538,1
216991_149859,1
216991_105984,1
216991_293108,1
216991_32132,0
216991_11343,1
216991_3453,1
216996_177038,0
216996_252635,0
216996_71357,0
216996_275682,0
216996_28486,1
216996_114628,1
217000_220820,0
217000_193478,0
217000_257130,1
217000_239042,1
217000_173300,1
217000_46242,0
217002_87314,1
217002_130154,1
217002_39631,1
217002_162065,0
217002_229842,1
217002_71585,1
217004_101199,1
217004_138809,1
217004_150618,1
217004_164818,1
217004_71455,1
217004_174481,1
217007_103870,0
217007_226818,0
217007_241006,0
217007_31975,0
217007_289053,0
217007_220358,0
217010_293798,1
217010_31638,0
217010_248087,0
217010_145350,1
217010_205605,0
217010_51206,0
217015_46493,0
217015_241483,1
217015_38168,1
217015_215631,1
217015_236585,0
217015_182848,1
217016_190985,0
217016_130073,0
217016_220733,0
217016_192375,1
217016_170830,0
217016_279930,0
217018_254631,1
217018_160928,1
217018_7990,1
217018_4533,0
217018_80583,1
217018_203720,0
217019_83127,1
217019_31422,0
217019_137933,1
217019_183603,1
217019_137485,1
217019_212556,1
217022_14641,0
217022_130357,0
217022_268769,0
217022_207401,1
217022_289237,1
217022_42375,1
217025_72591,1
217025_56544,1
217025_149293,0
217025_207033,1
217025_43342,1
217025_158509,0
217028_293897,0
217028_112142,1
217028_67496,1
217028_118307,1
217028_120599,1
217028_52621,0
217029_147088,0
217029_187560,0
217029_109886,0
217029_144942,1
217029_24931,0
217029_249798,1
217030_194545,1
217030_285481,0
217030_155828,0
217030_18515,0
217030_232758,1
217030_236909,1
217031_173257,1
217031_54013,0
217031_209370,1
217031_161734,0
217031_14014,1
217031_125782,0
217034_287260,1
217034_126464,1
217034_38414,1
217034_133760,0
217034_153453,0
217034_161958,0
217036_215325,1
217036_105664,0
217036_200797,1
217036_99448,0
217036_166939,0
217036_283715,1
217037_10062,1
217037_246923,1
217037_157435,1
217037_89372,0
217037_21609,0
217037_282391,0
217040_150618,0
217040_252006,1
217040_11367,0
217040_157478,0
217040_213418,1
217040_160253,1
217041_289153,0
217041_259024,1
217041_115095,1
217041_257899,0
217041_218174,1
217041_191269,1
217047_84196,1
217047_214680,0
217047_185423,0
217047_4422,1
217047_22526,1
217047_109681,0
217048_72878,1
217048_32173,0
217048_149602,0
217048_166618,1
217048_241966,1
217048_218299,0
217049_233328,0
217049_292191,0
217049_153382,0
217049_174911,0
217049_142533,1
217049_162032,0
217051_213761,1
217051_72972,0
217051_270970,1
217051_155949,1
217051_104542,1
217051_195223,0
217052_36766,0
217052_183238,1
217052_155158,0
217052_252060,1
217052_74622,0
217052_202054,1
217054_208483,0
217054_278687,1
217054_196345,1
217054_31440,1
217054_18486,1
217054_113168,1
217060_48954,1
217060_95372,1
217060_292922,1
217060_295270,1
217060_113877,1
217060_6016,1
217062_88203,0
217062_65494,1
217062_168889,1
217062_198906,0
217062_272351,1
217062_7224,0
217063_146263,0
217063_38708,0
217063_176676,0
217063_170260,0
217063_261450,0
217063_99448,0
217066_67942,0
217066_142946,0
217066_167880,1
217066_267861,1
217066_65981,1
217066_118780,1
217075_263721,0
217075_277671,1
217075_36809,0
217075_110276,0
217075_75624,1
217075_61941,0
217076_135154,0
217076_209370,0
217076_230460,0
217076_253265,0
217076_101847,0
217076_246970,0
217079_61807,1
217079_220072,1
217079_226330,0
217079_98681,1
217079_55551,1
217079_169765,0
217083_115345,1
217083_236906,0
217083_172956,1
217083_71455,0
217083_162334,1
217083_236044,1
217087_269227,1
217087_102995,1
217087_154382,0
217087_112760,1
217087_179823,0
217087_274456,0
217089_219726,1
217089_93092,0
217089_275222,0
217089_114730,0
217089_149377,1
217089_136199,0
217091_185119,1
217091_11608,0
217091_155755,1
217091_31199,0
217091_7116,1
217091_109747,1
217092_40254,1
217092_245189,0
217092_219739,1
217092_85083,0
217092_17302,1
217092_47420,0
217095_148260,1
217095_268900,1
217095_280405,1
217095_248829,1
217095_104584,1
217095_15400,0
217099_10397,0
217099_87466,1
217099_182550,0
217099_203049,0
217099_84307,1
217099_51523,1
217100_117319,0
217100_191747,0
217100_261007,0
217100_141768,1
217100_197189,1
217100_75420,1
217101_49450,1
217101_45161,0
217101_228249,1
217101_24314,0
217101_268668,0
217101_175211,1
217103_266191,0
217103_130547,0
217103_187687,0
217103_151926,0
217103_65494,0
217103_63737,0
217107_118474,0
217107_276954,0
217107_19638,0
217107_73311,1
217107_143483,1
217107_128565,0
217110_92541,1
217110_268917,1
217110_47953,1
217110_287316,1
217110_266294,0
217110_230279,1
217111_208770,1
217111_26975,1
217111_148821,0
217111_275722,0
217111_205745,0
217111_119755,1
217112_210790,0
217112_106360,1
217112_20196,1
217112_121744,0
217112_240074,1
217112_88840,1
217114_249150,1
217114_182647,0
217114_116721,1
217114_138809,1
217114_262921,0
217114_98977,0
217118_123355,1
217118_231206,0
217118_107401,1
217118_269227,1
217118_131617,1
217118_259900,1
217120_44255,0
217120_268004,0
217120_97871,1
217120_192375,1
217120_291102,1
217120_29183,1
217121_252312,0
217121_28983,1
217121_265998,1
217121_226834,0
217121_59736,0
217121_285377,0
217125_123209,1
217125_288539,1
217125_178782,1
217125_253022,1
217125_175211,1
217125_118690,1
217126_139396,1
217126_257043,0
217126_66248,0
217126_121931,0
217126_227559,0
217126_10422,1
217128_23047,1
217128_113406,1
217128_223610,0
217128_104804,0
217128_196624,0
217128_278313,1
217130_178168,1
217130_124824,0
217130_289269,0
217130_140802,0
217130_234538,0
217130_265074,0
217131_124631,1
217131_49385,0
217131_255125,0
217131_30547,1
217131_40343,0
217131_179893,1
217133_122938,1
217133_213645,1
217133_230842,1
217133_200432,0
217133_131498,0
217133_244691,0
217138_72875,0
217138_103409,0
217138_30378,0
217138_211834,0
217138_61589,0
217138_173946,0
217140_248755,0
217140_113144,0
217140_3856,0
217140_172811,0
217140_239429,0
217140_155036,0
217141_93787,1
217141_284020,1
217141_124463,1
217141_221248,1
217141_213017,1
217141_125105,1
217142_167821,1
217142_130546,1
217142_226666,1
217142_242078,1
217142_243905,1
217142_117529,0
217146_152491,0
217146_57777,1
217146_82181,1
217146_223862,1
217146_152314,0
217146_153742,1
217147_32819,0
217147_176676,1
217147_188137,0
217147_91145,0
217147_159637,1
217147_278801,1
217153_155798,1
217153_16833,0
217153_149391,1
217153_108780,1
217153_190001,1
217153_188165,1
217154_281521,1
217154_264827,0
217154_248345,0
217154_259723,1
217154_238869,1
217154_81755,1
217155_127473,1
217155_155642,0
217155_230239,0
217155_260191,1
217155_179899,0
217155_113776,0
217158_132776,1
217158_273165,1
217158_250907,1
217158_194950,1
217158_249717,1
217158_133701,1
217160_176676,1
217160_69279,1
217160_204714,1
217160_201673,1
217160_44644,0
217160_103259,0
217162_97522,0
217162_250816,1
217162_152491,1
217162_185604,1
217162_269478,0
217162_150559,1
217164_85245,1
217164_49798,1
217164_204383,0
217164_57636,0
217164_155334,1
217164_133785,1
217165_198105,1
217165_70696,1
217165_238121,1
217165_215276,1
217165_171638,0
217165_123557,1
217167_109899,1
217167_240893,1
217167_107707,0
217167_40847,1
217167_269273,1
217167_85848,0
217170_88313,0
217170_120246,0
217170_241357,0
217170_197792,0
217170_72035,0
217170_245548,0
217174_248581,1
217174_212065,1
217174_162,0
217174_46756,1
217174_127970,1
217174_240094,1
217176_147083,0
217176_109806,0
217176_9411,0
217176_151503,0
217176_73094,0
217176_225105,0
217179_290150,1
217179_70509,0
217179_187423,0
217179_253265,0
217179_260780,1
217179_30035,0
217183_264496,1
217183_78093,1
217183_280405,1
217183_101580,1
217183_185112,0
217183_76408,1
217187_124198,0
217187_227347,1
217187_258712,1
217187_217308,1
217187_220669,0
217187_183183,1
217188_181334,0
217188_199756,0
217188_136453,0
217188_183140,0
217188_293418,0
217188_17764,1
217191_92601,0
217191_282136,0
217191_151055,1
217191_48961,0
217191_41723,1
217191_16367,0
217195_214495,0
217195_144525,0
217195_223972,1
217195_46661,1
217195_128213,0
217195_166171,1
217196_43881,0
217196_207919,0
217196_35012,1
217196_286228,1
217196_109393,1
217196_263438,0
217198_58478,1
217198_246583,0
217198_176807,1
217198_49463,0
217198_146569,1
217198_176480,0
217201_49697,1
217201_221953,1
217201_84030,0
217201_91475,1
217201_20206,1
217201_62620,0
217203_19997,0
217203_188367,1
217203_228892,0
217203_81337,0
217203_228615,0
217203_39623,0
217204_37996,1
217204_44222,1
217204_228077,0
217204_250273,1
217204_188258,0
217204_243871,0
217205_217200,0
217205_119532,0
217205_104999,0
217205_68493,1
217205_187847,1
217205_281016,1
217210_117495,1
217210_225466,0
217210_266121,1
217210_274829,1
217210_18229,1
217210_156150,1
217211_33914,0
217211_2872,0
217211_189755,0
217211_172768,0
217211_54690,0
217211_221201,0
217212_294881,1
217212_98932,1
217212_245422,1
217212_130042,1
217212_154200,1
217212_42331,0
217213_109787,1
217213_19092,0
217213_106751,1
217213_198001,1
217213_268421,0
217213_150053,0
217214_27668,1
217214_110646,0
217214_25597,0
217214_117185,1
217214_97561,0
217214_59842,0
217216_227746,0
217216_24748,0
217216_138794,1
217216_227294,0
217216_191863,1
217216_279759,0
217219_205336,0
217219_72246,1
217219_183442,0
217219_96602,0
217219_178430,0
217219_76729,0
217221_264575,1
217221_38543,0
217221_244372,1
217221_205852,1
217221_45916,1
217221_221618,1
217222_148978,1
217222_20895,1
217222_92557,1
217222_269099,1
217222_124329,0
217222_96467,0
217224_159751,1
217224_167982,1
217224_50006,0
217224_96908,1
217224_195438,1
217224_7740,1
217225_29768,1
217225_56266,1
217225_264344,0
217225_213095,1
217225_24161,1
217225_290629,1
217226_38502,0
217226_48173,0
217226_102371,0
217226_26244,0
217226_92695,0
217226_10559,0
217230_6695,1
217230_264667,1
217230_5844,1
217230_54921,1
217230_268917,1
217230_11425,1
217236_86007,1
217236_131030,0
217236_25823,1
217236_132605,0
217236_245984,0
217236_196286,0
217237_206432,1
217237_210360,0
217237_82436,1
217237_134308,1
217237_186069,0
217237_158688,0
217239_9925,0
217239_133643,1
217239_84969,1
217239_186068,1
217239_237561,1
217239_98179,1
217241_156523,1
217241_172420,0
217241_255462,0
217241_69195,0
217241_205122,1
217241_232977,1
217245_111266,1
217245_268110,1
217245_164200,0
217245_140019,1
217245_238633,0
217245_260175,1
217246_134510,1
217246_6911,1
217246_155330,0
217246_10445,1
217246_187117,1
217246_2940,1
217248_225975,0
217248_118129,1
217248_73181,1
217248_61827,1
217248_12704,1
217248_189459,1
217249_24748,0
217249_163024,0
217249_211631,0
217249_12003,1
217249_58361,1
217249_6064,1
217256_190174,0
217256_278982,1
217256_244088,0
217256_154860,1
217256_943,1
217256_271319,1
217259_88612,1
217259_29228,0
217259_170483,1
217259_274352,1
217259_190154,1
217259_221114,1
217261_139254,0
217261_97522,1
217261_269227,0
217261_28371,1
217261_291338,0
217261_255925,0
217262_216649,1
217262_147573,1
217262_247674,1
217262_246974,0
217262_104959,0
217262_2280,1
217271_41535,0
217271_192794,1
217271_266671,1
217271_173182,1
217271_213415,1
217271_255048,1
217274_21828,1
217274_281844,1
217274_150772,1
217274_126877,0
217274_173859,0
217274_210104,1
217283_189311,0
217283_46036,0
217283_265845,0
217283_24287,1
217283_232863,0
217283_123288,0
217286_100522,0
217286_34397,1
217286_25026,1
217286_177982,1
217286_277256,0
217286_116597,0
217287_66439,1
217287_150186,1
217287_85346,0
217287_265541,0
217287_157738,0
217287_22004,1
217288_213814,0
217288_234432,0
217288_281141,0
217288_72225,0
217288_104463,0
217288_151264,0
217291_55182,1
217291_279219,1
217291_174805,0
217291_289153,1
217291_290994,0
217291_268671,1
217294_247118,1
217294_185243,0
217294_221417,0
217294_2425,0
217294_52853,0
217294_190272,0
217299_71131,1
217299_293706,1
217299_174436,0
217299_60699,1
217299_128078,1
217299_45631,1
217301_188589,0
217301_269019,0
217301_118447,0
217301_207584,0
217301_21813,1
217301_55408,0
217302_161474,0
217302_92910,1
217302_267668,0
217302_75999,1
217302_198994,1
217302_147830,1
217303_287668,1
217303_93128,1
217303_246583,1
217303_133594,1
217303_72875,1
217303_145723,1
217306_120178,1
217306_111183,1
217306_164591,1
217306_57209,1
217306_179616,1
217306_89212,1
217307_238401,0
217307_132951,0
217307_42205,1
217307_76031,0
217307_294860,0
217307_136238,1
217308_204462,0
217308_60913,0
217308_1026,0
217308_90178,0
217308_18674,0
217308_261695,1
217309_270087,1
217309_265495,1
217309_257899,1
217309_145607,1
217309_176955,1
217309_139245,1
217311_273902,1
217311_242075,1
217311_83057,1
217311_224658,1
217311_232926,1
217311_2653,0
217313_267135,1
217313_107923,1
217313_82566,0
217313_246261,1
217313_47761,1
217313_139720,1
217314_182910,1
217314_27323,0
217314_209665,1
217314_220254,0
217314_30147,0
217314_163465,1
217316_14485,0
217316_201147,1
217316_278582,1
217316_208364,1
217316_121485,1
217316_194950,1
217317_242956,0
217317_6405,0
217317_130116,1
217317_232078,0
217317_64024,0
217317_24932,0
217318_63433,0
217318_63156,0
217318_189872,0
217318_223475,0
217318_268120,0
217318_216311,0
217325_121703,0
217325_249380,0
217325_292869,0
217325_64948,0
217325_271794,0
217325_198893,1
217326_3027,0
217326_198466,0
217326_23364,0
217326_52953,1
217326_14669,0
217326_57158,1
217328_8921,1
217328_24119,0
217328_215429,1
217328_140968,1
217328_111685,1
217328_276939,1
217331_37960,1
217331_208545,1
217331_214701,1
217331_138225,0
217331_40373,0
217331_118296,0
217332_236939,1
217332_8252,1
217332_45900,0
217332_47380,1
217332_241326,1
217332_109328,0
217333_32899,1
217333_50631,1
217333_39623,1
217333_85021,0
217333_180229,1
217333_199122,1
217334_50270,1
217334_98818,1
217334_235366,1
217334_294732,1
217334_253668,0
217334_111050,1
217335_67782,1
217335_166938,1
217335_140626,1
217335_124007,1
217335_280887,0
217335_248033,1
217336_134116,1
217336_154692,0
217336_65482,1
217336_218155,1
217336_201399,1
217336_283890,1
217337_92112,1
217337_148821,1
217337_139490,0
217337_26975,1
217337_197995,1
217337_266705,0
217339_6380,1
217339_104542,1
217339_183468,0
217339_79470,1
217339_238389,1
217339_166592,1
217341_194810,1
217341_278345,0
217341_212105,1
217341_22607,0
217341_254267,0
217341_8595,1
217342_225414,1
217342_128622,0
217342_209609,1
217342_91370,0
217342_81100,1
217342_265680,1
217345_238271,1
217345_158071,0
217345_40416,1
217345_14460,1
217345_92318,1
217345_13543,0
217354_246255,1
217354_136807,1
217354_245250,1
217354_46242,1
217354_44317,1
217354_207694,1
217356_118461,1
217356_51826,1
217356_161986,1
217356_72636,0
217356_272833,1
217356_269171,1
217357_11343,0
217357_42682,0
217357_10806,0
217357_276100,0
217357_46667,1
217357_194253,1
217359_287061,1
217359_6474,1
217359_123328,1
217359_198994,1
217359_20865,1
217359_49780,0
217364_208568,0
217364_223860,1
217364_157129,1
217364_84969,1
217364_108840,0
217364_287260,1
217367_185394,1
217367_213418,1
217367_255264,0
217367_45786,1
217367_146570,1
217367_6404,0
217368_243829,0
217368_154344,1
217368_231141,1
217368_247797,0
217368_247777,1
217368_144499,1
217371_267506,0
217371_156534,0
217371_225893,0
217371_225185,0
217371_283015,1
217371_78056,0
217373_217523,0
217373_248267,0
217373_139002,0
217373_17783,0
217373_191694,0
217373_212755,0
217393_189574,1
217393_91629,0
217393_46287,1
217393_176821,1
217393_274264,1
217393_83740,0
217394_42869,0
217394_199588,0
217394_21365,0
217394_267359,1
217394_192739,0
217394_115550,1
217398_199231,1
217398_65216,1
217398_191995,1
217398_75176,1
217398_95528,1
217398_145267,1
217403_151313,1
217403_94335,1
217403_267557,1
217403_63516,1
217403_52853,0
217403_146282,0
217404_68080,1
217404_296030,0
217404_111014,0
217404_260410,0
217404_166077,0
217404_209701,0
217406_89581,0
217406_135154,1
217406_139809,0
217406_224397,1
217406_254136,1
217406_234662,1
217407_55267,1
217407_97522,1
217407_229557,1
217407_116,1
217407_112221,1
217407_60396,0
217408_178604,1
217408_289833,0
217408_262715,0
217408_231328,0
217408_11594,0
217408_40278,1
217409_208873,0
217409_170773,0
217409_249919,1
217409_21059,0
217409_104899,0
217409_125720,0
217410_217200,1
217410_152820,1
217410_125464,1
217410_146037,1
217410_169310,1
217410_23136,0
217418_186456,0
217418_161719,1
217418_202732,1
217418_61829,1
217418_32226,1
217418_93084,1
217419_266316,1
217419_57886,0
217419_167016,1
217419_227335,1
217419_174387,0
217419_43863,1
217421_294196,0
217421_70431,1
217421_250273,1
217421_228140,1
217421_39791,1
217421_76596,0
217423_97998,1
217423_59985,1
217423_227397,1
217423_71510,1
217423_179502,1
217423_204088,1
217424_265659,1
217424_94809,0
217424_273597,1
217424_10988,0
217424_53887,0
217424_290562,1
217427_46756,0
217427_165376,1
217427_261372,1
217427_221737,0
217427_250639,1
217427_270501,1
217428_97829,0
217428_142776,1
217428_188639,1
217428_155163,1
217428_39896,1
217428_80165,1
217429_266405,1
217429_239591,0
217429_294191,1
217429_232450,0
217429_280033,1
217429_131533,0
217431_30663,1
217431_84789,1
217431_205708,1
217431_249827,0
217431_158158,1
217431_217352,1
217438_163833,1
217438_87556,1
217438_141707,1
217438_92768,1
217438_94829,0
217438_112345,1
217439_173907,0
217439_32359,0
217439_20203,0
217439_208113,0
217439_11237,0
217439_95933,1
217440_124684,0
217440_193074,0
217440_250816,1
217440_281533,1
217440_136514,1
217440_177704,0
217444_155189,0
217444_190213,1
217444_225847,0
217444_254498,1
217444_26351,1
217444_101294,1
217445_157001,1
217445_226481,0
217445_55400,1
217445_270786,0
217445_267135,0
217445_167928,1
217446_225453,1
217446_246898,1
217446_124593,1
217446_227397,1
217446_290737,0
217446_292796,0
217453_287015,0
217453_103351,1
217453_215386,1
217453_150962,0
217453_200132,0
217453_226675,1
217454_61241,0
217454_252092,1
217454_37139,0
217454_50676,1
217454_248554,1
217454_40015,1
217455_47008,0
217455_167345,0
217455_205656,0
217455_73557,0
217455_66187,0
217455_207285,0
217460_279219,1
217460_122251,1
217460_208271,0
217460_152659,0
217460_135769,0
217460_37511,0
217461_239143,1
217461_205074,0
217461_256132,1
217461_222749,0
217461_73043,1
217461_80916,1
217463_251785,0
217463_218715,1
217463_270526,1
217463_40651,1
217463_31299,1
217463_120535,1
217467_233671,1
217467_173007,1
217467_262140,1
217467_106788,1
217467_196965,0
217467_171364,1
217471_39440,1
217471_154382,1
217471_237493,1
217471_60832,1
217471_102452,1
217471_129095,1
217472_210169,1
217472_281335,0
217472_5797,0
217472_83319,1
217472_139262,1
217472_138961,1
217473_177205,1
217473_108679,0
217473_47136,1
217473_8569,1
217473_166203,1
217473_40041,1
217474_39046,1
217474_195181,1
217474_98851,0
217474_258787,0
217474_26097,1
217474_18392,1
217476_235460,0
217476_216324,0
217476_71819,0
217476_18791,0
217476_179993,0
217476_100932,0
217478_247205,0
217478_223658,1
217478_226118,1
217478_38015,1
217478_81981,0
217478_143570,0
217480_63394,0
217480_268554,0
217480_212065,0
217480_104447,0
217480_108562,0
217480_101321,0
217482_117423,0
217482_42334,0
217482_139842,0
217482_119202,0
217482_16604,1
217482_113224,0
217484_140840,1
217484_110784,1
217484_215594,0
217484_129159,1
217484_152290,1
217484_209370,0
217485_150186,1
217485_213145,0
217485_225885,1
217485_49673,1
217485_252021,1
217485_161429,1
217491_118841,0
217491_26561,0
217491_134261,0
217491_169325,0
217491_283601,0
217491_290851,0
217492_95924,1
217492_235551,1
217492_258443,0
217492_194060,1
217492_88610,0
217492_151458,1
217493_263386,1
217493_232351,0
217493_156112,0
217493_226171,0
217493_135317,0
217493_59870,0
217495_185584,0
217495_18300,1
217495_138662,0
217495_132652,1
217495_33120,1
217495_13796,1
217497_83051,1
217497_152525,1
217497_207449,1
217497_150186,1
217497_79714,0
217497_61998,0
217498_91919,1
217498_211922,0
217498_8042,1
217498_13796,0
217498_235427,1
217498_116613,0
217499_209992,0
217499_221248,1
217499_229916,1
217499_158665,0
217499_295828,1
217499_19771,1
217500_225781,1
217500_292079,1
217500_69329,1
217500_124080,0
217500_249099,0
217500_71356,0
217504_180048,1
217504_206857,0
217504_205225,0
217504_94706,0
217504_153923,0
217504_47124,1
217505_8809,0
217505_247922,1
217505_224515,1
217505_80165,1
217505_271861,0
217505_70788,1
217506_54378,1
217506_85777,1
217506_86942,0
217506_144279,1
217506_37785,1
217506_291815,0
217511_100962,0
217511_220779,0
217511_265932,0
217511_125958,0
217511_219915,1
217511_252696,1
217512_239282,1
217512_117055,0
217512_207401,1
217512_80262,1
217512_69297,1
217512_173038,1
217513_201541,1
217513_191051,0
217513_182581,1
217513_174258,0
217513_170214,0
217513_17936,0
217516_219363,0
217516_62373,1
217516_44224,0
217516_200166,1
217516_16248,0
217516_254344,1
217518_130771,0
217518_56154,0
217518_273298,0
217518_104542,1
217518_52063,0
217518_146048,0
217519_210865,0
217519_23922,1
217519_293496,0
217519_262806,0
217519_227397,1
217519_7859,1
217520_265295,1
217520_33761,1
217520_274152,1
217520_159386,1
217520_61778,1
217520_278369,0
217521_210679,0
217521_184391,0
217521_210104,0
217521_141772,0
217521_3569,1
217521_213280,1
217524_269227,1
217524_100206,0
217524_134853,0
217524_92793,1
217524_270004,1
217524_56976,1
217525_221776,0
217525_7722,0
217525_73449,1
217525_83093,0
217525_193262,0
217525_177113,0
217528_64461,1
217528_56154,1
217528_241750,1
217528_18047,1
217528_274931,1
217528_87727,0
217531_266218,0
217531_5607,0
217531_171412,1
217531_222657,1
217531_228039,0
217531_208187,1
217532_241804,0
217532_244624,1
217532_47649,1
217532_37548,1
217532_126118,0
217532_109544,0
217533_172855,0
217533_34354,0
217533_124231,0
217533_106838,0
217533_219274,0
217533_181272,0
217537_265278,1
217537_265874,1
217537_140989,0
217537_23274,0
217537_283653,1
217537_61939,1
217538_105753,1
217538_91346,1
217538_231141,1
217538_238250,0
217538_294134,0
217538_35571,1
217540_15698,1
217540_18355,0
217540_127221,1
217540_78192,1
217540_76149,1
217540_76693,0
217541_142408,1
217541_181820,0
217541_27090,0
217541_268130,1
217541_263321,1
217541_127883,1
217542_88941,1
217542_141133,1
217542_250175,1
217542_157816,0
217542_173488,1
217542_201260,1
217546_33163,1
217546_246657,1
217546_162550,0
217546_94893,1
217546_144357,1
217546_159936,1
217553_132159,1
217553_92498,1
217553_255504,1
217553_257787,1
217553_207530,0
217553_68235,1
217561_215325,1
217561_85601,0
217561_190113,1
217561_276347,1
217561_126731,1
217561_113721,1
217567_221801,1
217567_151865,1
217567_69129,1
217567_7055,0
217567_133601,1
217567_227698,1
217568_199176,1
217568_221798,0
217568_206087,1
217568_247412,1
217568_106379,1
217568_90546,0
217572_130023,1
217572_295659,0
217572_283693,0
217572_15714,0
217572_189755,1
217572_149832,1
217576_144424,0
217576_31765,1
217576_230801,0
217576_168290,0
217576_173194,0
217576_46756,1
217581_291338,1
217581_18212,0
217581_288661,0
217581_19543,0
217581_204836,0
217581_184075,0
217584_196760,1
217584_141509,0
217584_218325,0
217584_52400,0
217584_37840,0
217584_286863,1
217588_116166,1
217588_241266,0
217588_9193,0
217588_74714,1
217588_130023,0
217588_149391,1
217589_106183,0
217589_84531,1
217589_275881,1
217589_69565,1
217589_147015,0
217589_119064,0
217590_16980,0
217590_153606,1
217590_254567,1
217590_184691,1
217590_70188,1
217590_128929,1
217591_61123,1
217591_27707,1
217591_115513,0
217591_68674,0
217591_112760,0
217591_50380,0
217592_182775,1
217592_288267,1
217592_137485,0
217592_131278,0
217592_67583,1
217592_55539,1
217594_249357,1
217594_193100,1
217594_142997,1
217594_236559,1
217594_225440,1
217594_201929,1
217596_126615,0
217596_280184,1
217596_134774,0
217596_95312,0
217596_151887,1
217596_225893,1
217597_13742,0
217597_52617,1
217597_268953,1
217597_45430,0
217597_193574,1
217597_106725,1
217599_146031,1
217599_111631,1
217599_115381,0
217599_235379,0
217599_139788,0
217599_225850,1
217605_63737,1
217605_63516,1
217605_186399,1
217605_259361,0
217605_245439,1
217605_120971,0
217606_63532,0
217606_38562,1
217606_124494,1
217606_170007,0
217606_76729,0
217606_207717,1
217610_116312,0
217610_289366,1
217610_242097,0
217610_73524,0
217610_138112,0
217610_170313,1
217612_163853,1
217612_224337,1
217612_160436,0
217612_241068,1
217612_125531,0
217612_48366,0
217613_88748,0
217613_32144,1
217613_219338,1
217613_211530,0
217613_270814,1
217613_232322,0
217615_188864,1
217615_208284,0
217615_161616,1
217615_22755,0
217615_53896,0
217615_243286,1
217621_57412,1
217621_209157,1
217621_77330,1
217621_79723,0
217621_92962,1
217621_137370,1
217622_194594,1
217622_213432,0
217622_63516,0
217622_150469,1
217622_85242,1
217622_293458,1
217626_220471,0
217626_196470,1
217626_61617,0
217626_108511,0
217626_239409,0
217626_178645,0
217630_233112,0
217630_83837,0
217630_76289,0
217630_242102,0
217630_236248,0
217630_287047,0
217631_286329,0
217631_95452,0
217631_264787,0
217631_192960,0
217631_248700,1
217631_274583,1
217634_31303,0
217634_25674,1
217634_60054,1
217634_134628,0
217634_234550,1
217634_240603,1
217637_119220,1
217637_182028,1
217637_5565,0
217637_85226,1
217637_265026,0
217637_71454,1
217640_245923,1
217640_137099,0
217640_65685,1
217640_31114,1
217640_6140,1
217640_247800,0
217641_227546,1
217641_214871,1
217641_73094,1
217641_220242,0
217641_213865,0
217641_87090,0
217648_133045,1
217648_59202,0
217648_186862,1
217648_262193,1
217648_111000,0
217648_234526,0
217654_132729,1
217654_49046,0
217654_153531,1
217654_185243,0
217654_195560,0
217654_42331,0
217661_34407,1
217661_20968,0
217661_71966,1
217661_48386,1
217661_8980,0
217661_78390,0
217663_190788,1
217663_154493,0
217663_137768,0
217663_45872,0
217663_269648,1
217663_74088,1
217667_135435,1
217667_65938,1
217667_45449,0
217667_101294,1
217667_10062,1
217667_1064,1
217668_145618,0
217668_158796,0
217668_169065,0
217668_77896,0
217668_61335,0
217668_70949,1
217670_141772,1
217670_226320,1
217670_206672,1
217670_109544,0
217670_129074,0
217670_243427,0
217671_242522,0
217671_145156,1
217671_108560,1
217671_32880,1
217671_23752,1
217671_255863,0
217672_11100,0
217672_170388,0
217672_160012,0
217672_58187,0
217672_77302,1
217672_260039,0
217673_252958,0
217673_266647,0
217673_17772,0
217673_192797,1
217673_52490,1
217673_6239,0
217674_96684,1
217674_281231,1
217674_72765,1
217674_230255,1
217674_1686,1
217674_119838,1
217675_187117,0
217675_258771,1
217675_263850,0
217675_186327,0
217675_87423,0
217675_202733,1
217679_274691,1
217679_32651,0
217679_235769,1
217679_147461,1
217679_25926,1
217679_246504,0
217680_135992,0
217680_178208,0
217680_214746,0
217680_87155,0
217680_216785,0
217680_269597,0
217681_213989,1
217681_63535,0
217681_25885,1
217681_185562,1
217681_177585,0
217681_26097,1
217683_245668,1
217683_145391,1
217683_130305,1
217683_92958,1
217683_178167,1
217683_126581,1
217684_252246,0
217684_136209,0
217684_218326,0
217684_177927,1
217684_185243,1
217684_161489,1
217685_284835,0
217685_113848,0
217685_146264,0
217685_224974,0
217685_1429,0
217685_245057,0
217689_209928,1
217689_83110,1
217689_21548,0
217689_31300,1
217689_267736,1
217689_197354,1
217695_136523,1
217695_72878,1
217695_255065,1
217695_10309,0
217695_249423,1
217695_261413,0
217699_83688,0
217699_200166,1
217699_36591,1
217699_224515,0
217699_192161,0
217699_221599,1
217700_244768,1
217700_159637,1
217700_183711,1
217700_125165,1
217700_163680,1
217700_225690,1
217702_262075,1
217702_228690,0
217702_255967,1
217702_116728,0
217702_34806,0
217702_110764,1
217706_3916,0
217706_190247,0
217706_3109,1
217706_42375,1
217706_69797,1
217706_159976,0
217707_52164,1
217707_114465,0
217707_288064,0
217707_179535,0
217707_36437,1
217707_156002,1
217711_21548,0
217711_210982,0
217711_178455,0
217711_51086,0
217711_35669,0
217711_182224,0
217712_264575,0
217712_183347,0
217712_151571,0
217712_42316,0
217712_150186,0
217712_70788,1
217715_157129,1
217715_213989,1
217715_268388,1
217715_124043,0
217715_163472,0
217715_40739,1
217716_121202,1
217716_65564,1
217716_233582,1
217716_29923,0
217716_245548,0
217716_231354,0
217717_125531,0
217717_228166,1
217717_33709,1
217717_271814,0
217717_263828,1
217717_66359,1
217719_272406,1
217719_187428,1
217719_80511,1
217719_76671,0
217719_159935,1
217719_52044,1
217720_257790,1
217720_76567,0
217720_160253,1
217720_207401,1
217720_230019,1
217720_7287,1
217722_28528,0
217722_125958,1
217722_279014,0
217722_209948,0
217722_250273,1
217722_57259,1
217723_178753,1
217723_20968,0
217723_195712,1
217723_9468,1
217723_67784,0
217723_110740,0
217726_289946,1
217726_35663,0
217726_232238,0
217726_3380,1
217726_82912,0
217726_169066,1
217727_47025,0
217727_89991,1
217727_263321,0
217727_109606,1
217727_140015,1
217727_134456,1
217733_68237,0
217733_3619,0
217733_110411,0
217733_202686,0
217733_91361,0
217733_166266,0
217736_16942,0
217736_282694,0
217736_67019,0
217736_92078,0
217736_9226,0
217736_273496,0
217738_101494,0
217738_159052,1
217738_186266,0
217738_41626,0
217738_184670,1
217738_99448,1
217741_118649,1
217741_170008,1
217741_68655,0
217741_230677,1
217741_94207,0
217741_218188,1
217742_34868,0
217742_52414,0
217742_156387,1
217742_265814,0
217742_136278,1
217742_244768,1
217743_127195,1
217743_103861,0
217743_98640,0
217743_107923,1
217743_221889,0
217743_114247,0
217744_246261,1
217744_155688,1
217744_283850,1
217744_246593,1
217744_164737,1
217744_228498,0
217748_3874,0
217748_232440,0
217748_17882,1
217748_193460,0
217748_5573,1
217748_258170,0
217750_255132,1
217750_124329,0
217750_203422,1
217750_225510,0
217750_262534,0
217750_20968,1
217751_157501,0
217751_6428,0
217751_291338,1
217751_17732,1
217751_46242,1
217751_106189,1
217754_74909,1
217754_232800,1
217754_34827,0
217754_270004,1
217754_63532,0
217754_67240,1
217756_134510,1
217756_208284,1
217756_285322,0
217756_263249,1
217756_294437,0
217756_122138,0
217757_149153,0
217757_173007,1
217757_262371,0
217757_154183,1
217757_172050,1
217757_114730,1
217759_67246,1
217759_234728,1
217759_80050,0
217759_131047,0
217759_161398,0
217759_119772,1
217760_116645,0
217760_245995,1
217760_191945,0
217760_231891,1
217760_66295,0
217760_274931,1
217761_38388,0
217761_245841,0
217761_213506,0
217761_33786,1
217761_216947,0
217761_183204,1
217765_94498,1
217765_249545,1
217765_171626,1
217765_13495,1
217765_30806,1
217765_277295,0
217768_231062,0
217768_17284,1
217768_163945,0
217768_36656,0
217768_65304,0
217768_173590,0
217770_166193,1
217770_142075,1
217770_13752,0
217770_251050,1
217770_77748,0
217770_179384,0
217776_146308,0
217776_21393,1
217776_204267,1
217776_69998,1
217776_236320,1
217776_143156,0
217777_98681,1
217777_274931,1
217777_200714,0
217777_85265,1
217777_80916,1
217777_26746,1
217778_205438,0
217778_4833,0
217778_31587,0
217778_121018,0
217778_105115,0
217778_202993,0
217781_147453,0
217781_69315,0
217781_126376,0
217781_34397,1
217781_45682,0
217781_56811,0
217783_24418,1
217783_118714,1
217783_102412,0
217783_114634,1
217783_25483,0
217783_81445,1
217785_235584,1
217785_163987,0
217785_160290,0
217785_209860,1
217785_87654,1
217785_68845,1
217786_116034,0
217786_213442,0
217786_83512,1
217786_137827,0
217786_44555,0
217786_255280,0
217788_155058,0
217788_151595,1
217788_207621,1
217788_105487,1
217788_72192,1
217788_42313,1
217790_125944,0
217790_259502,0
217790_75469,0
217790_13495,0
217790_89324,0
217790_143730,0
217792_111064,1
217792_15617,0
217792_177642,1
217792_92215,1
217792_28489,0
217792_112251,1
217794_96324,1
217794_178000,1
217794_110173,0
217794_146378,1
217794_228984,1
217794_65836,1
217798_67539,0
217798_244493,0
217798_254514,1
217798_54217,0
217798_157467,0
217798_214337,0
217801_281225,1
217801_121299,1
217801_221608,1
217801_190692,0
217801_162977,1
217801_112680,1
217803_226051,0
217803_27519,0
217803_191463,0
217803_239083,1
217803_274895,1
217803_9853,1
217805_23583,1
217805_98263,1
217805_204836,1
217805_109910,0
217805_101548,1
217805_78496,0
217807_63532,0
217807_129154,1
217807_132263,1
217807_166882,1
217807_26760,1
217807_634,1
217809_83075,1
217809_39451,1
217809_8951,0
217809_141628,1
217809_111631,1
217809_213761,1
217813_153606,0
217813_12020,1
217813_273219,0
217813_109907,1
217813_11346,1
217813_188235,1
217814_274292,1
217814_85844,0
217814_29415,1
217814_275463,1
217814_282196,0
217814_202482,0
217815_211119,0
217815_83656,1
217815_124712,1
217815_126146,0
217815_197364,0
217815_287587,1
217817_11050,0
217817_289564,1
217817_163807,0
217817_199285,0
217817_86009,0
217817_83180,0
217825_114968,1
217825_261335,1
217825_257125,1
217825_170226,1
217825_254516,1
217825_170280,1
217830_932,1
217830_114932,1
217830_32392,1
217830_110276,0
217830_286730,1
217830_11594,1
217833_78526,1
217833_75991,1
217833_138378,0
217833_103197,0
217833_63545,1
217833_53085,0
217836_44539,1
217836_44847,1
217836_55578,0
217836_20163,1
217836_158413,0
217836_240980,0
217837_187940,0
217837_181138,1
217837_50886,0
217837_229825,1
217837_92591,0
217837_12628,1
217838_134743,0
217838_43783,0
217838_118170,0
217838_139828,0
217838_153442,0
217838_225926,0
217839_150559,0
217839_3111,0
217839_187847,1
217839_204816,0
217839_258484,0
217839_14034,1
217840_238441,1
217840_59158,0
217840_182415,1
217840_57022,1
217840_267702,1
217840_89767,0
217844_272635,1
217844_40741,1
217844_268984,0
217844_18515,0
217844_55958,1
217844_59579,0
217845_124171,0
217845_44832,0
217845_442,1
217845_22166,0
217845_215693,0
217845_121550,0
217847_142715,1
217847_68099,1
217847_267901,1
217847_289451,1
217847_294233,1
217847_11346,0
217849_177497,0
217849_26225,0
217849_38287,1
217849_94021,0
217849_103096,0
217849_201216,1
217850_271794,1
217850_72322,0
217850_38543,1
217850_145417,0
217850_225319,0
217850_254349,0
217853_141114,0
217853_59566,0
217853_191802,1
217853_189827,1
217853_137634,1
217853_256949,0
217856_152820,0
217856_10581,0
217856_84014,0
217856_201219,0
217856_113233,0
217856_238954,0
217859_61054,0
217859_187388,0
217859_274499,1
217859_26185,1
217859_170773,1
217859_62665,0
217860_75600,1
217860_1255,1
217860_34503,1
217860_153035,0
217860_70306,0
217860_288807,1
217862_134991,1
217862_163568,1
217862_71919,1
217862_252711,0
217862_118920,1
217862_158364,1
217867_66741,1
217867_174506,1
217867_275036,1
217867_60981,1
217867_29147,0
217867_181465,0
217873_161958,1
217873_32050,1
217873_276755,1
217873_280494,1
217873_188408,1
217873_183431,1
217880_229916,1
217880_58294,0
217880_207684,0
217880_273779,1
217880_206993,0
217880_287640,0
217886_123997,1
217886_242201,0
217886_266811,0
217886_156112,0
217886_276189,1
217886_241165,1
217887_95166,0
217887_110014,0
217887_55682,1
217887_38453,1
217887_167345,1
217887_244406,0
217888_264519,1
217888_110067,1
217888_153316,1
217888_107959,1
217888_176099,0
217888_61826,1
217889_235250,0
217889_227594,1
217889_271488,0
217889_3295,0
217889_147585,0
217889_205329,1
217892_58443,0
217892_118129,1
217892_5567,0
217892_151503,0
217892_204267,0
217892_73733,0
217894_188676,1
217894_179502,1
217894_194950,1
217894_32492,1
217894_34503,1
217894_5214,1
217898_229251,0
217898_9297,1
217898_94498,1
217898_284909,0
217898_2538,1
217898_22597,0
217899_98675,0
217899_271053,0
217899_140780,0
217899_138468,0
217899_61087,0
217899_280254,0
217900_189909,0
217900_224756,1
217900_223595,0
217900_285508,0
217900_279208,1
217900_12912,1
217901_258687,1
217901_23679,1
217901_60628,1
217901_194919,0
217901_177678,1
217901_11795,0
217903_181854,0
217903_253760,1
217903_218432,1
217903_166203,0
217903_176639,0
217903_113135,1
217904_290234,1
217904_269998,1
217904_239284,1
217904_163931,0
217904_137543,0
217904_284406,1
217908_168462,1
217908_253486,1
217908_119064,1
217908_8544,1
217908_26902,1
217908_826,1
217921_93068,0
217921_97820,0
217921_288404,0
217921_266735,0
217921_78499,0
217921_248440,0
217923_125720,0
217923_195940,0
217923_88612,0
217923_77530,0
217923_187377,0
217923_206044,1
217924_91475,1
217924_207659,1
217924_262921,0
217924_134456,1
217924_195283,1
217924_235151,0
217925_262257,0
217925_17436,0
217925_240074,0
217925_189192,0
217925_49046,0
217925_225795,0
217926_204462,1
217926_14811,1
217926_77896,1
217926_156523,1
217926_244294,1
217926_17943,1
217930_73706,0
217930_253143,0
217930_79141,0
217930_252890,0
217930_18837,0
217930_165476,0
217933_242681,0
217933_119772,0
217933_136245,0
217933_291238,0
217933_57120,0
217933_295130,0
217934_12478,0
217934_123542,0
217934_277539,0
217934_24681,1
217934_115675,0
217934_291053,0
217937_17790,1
217937_132707,0
217937_210390,0
217937_172798,1
217937_244947,1
217937_17386,0
217941_555,0
217941_253791,1
217941_207239,1
217941_42646,1
217941_288091,1
217941_32761,1
217948_228077,1
217948_248952,1
217948_171947,0
217948_194376,1
217948_3830,1
217948_76002,1
217949_1779,0
217949_236282,0
217949_126713,1
217949_177409,1
217949_125452,1
217949_275379,1
217954_139152,1
217954_257299,1
217954_144499,0
217954_5528,0
217954_29811,0
217954_232828,1
217955_223386,0
217955_278311,0
217955_140448,0
217955_49828,0
217955_78112,0
217955_291579,0
217958_102135,0
217958_245039,0
217958_185295,1
217958_268974,1
217958_66790,1
217958_286697,1
217959_211093,1
217959_281826,1
217959_238779,1
217959_251406,1
217959_48257,1
217959_264947,0
217963_183732,0
217963_154970,1
217963_134095,1
217963_177267,0
217963_204554,1
217963_295703,1
217964_109024,1
217964_94498,1
217964_205311,1
217964_75469,1
217964_3687,0
217964_219895,0
217966_169786,0
217966_74157,1
217966_287718,0
217966_133701,0
217966_229653,0
217966_206026,0
217967_287230,0
217967_67417,0
217967_236027,0
217967_31317,0
217967_32180,0
217967_228469,0
217968_264635,1
217968_67237,0
217968_140862,0
217968_286228,0
217968_55468,1
217968_203711,1
217969_255782,1
217969_129274,1
217969_144385,0
217969_263155,0
217969_141559,0
217969_212852,0
217972_191331,0
217972_294899,0
217972_37139,0
217972_209309,0
217972_217581,0
217972_274352,0
217973_228189,0
217973_255799,1
217973_277368,1
217973_142327,0
217973_115550,1
217973_207840,1
217980_233112,1
217980_214334,1
217980_140174,1
217980_63220,0
217980_143474,0
217980_211,1
217988_179511,1
217988_125284,1
217988_106589,0
217988_263438,0
217988_150489,1
217988_170807,1
217991_55327,1
217991_243829,1
217991_195670,1
217991_130023,0
217991_262154,1
217991_279997,1
217992_271252,1
217992_89587,0
217992_145221,0
217992_108634,0
217992_3566,1
217992_221474,0
217993_208101,0
217993_173368,0
217993_159451,0
217993_90143,0
217993_251201,1
217993_254929,0
217994_97235,1
217994_279231,0
217994_264274,1
217994_19314,0
217994_123579,0
217994_289817,1
217996_186115,0
217996_132807,0
217996_72033,0
217996_25252,0
217996_157389,0
217996_4140,0
218000_50892,0
218000_239143,0
218000_246898,0
218000_288807,1
218000_294973,0
218000_277645,1
218001_34350,0
218001_132860,0
218001_268787,0
218001_266191,0
218001_34829,0
218001_167750,1
218002_183549,1
218002_193386,0
218002_293933,0
218002_33163,0
218002_92793,0
218002_199132,0
218006_29969,1
218006_12849,1
218006_130097,0
218006_31014,1
218006_81316,0
218006_60835,0
218008_98374,1
218008_251135,0
218008_198043,0
218008_23275,1
218008_138706,1
218008_224924,0
218009_205117,1
218009_5844,1
218009_113281,0
218009_180306,1
218009_15876,1
218009_177914,1
218012_69158,0
218012_89130,1
218012_33106,1
218012_294437,1
218012_284195,0
218012_180407,0
218014_186573,0
218014_156925,1
218014_24130,1
218014_157129,1
218014_113233,1
218014_173870,0
218015_50278,1
218015_146158,0
218015_131564,1
218015_192290,1
218015_214845,0
218015_188397,0
218018_289948,1
218018_269227,1
218018_44368,1
218018_276760,0
218018_235551,1
218018_102112,1
218024_71402,1
218024_44287,1
218024_165136,0
218024_23246,1
218024_161608,0
218024_193066,0
218025_214856,1
218025_161182,0
218025_265065,1
218025_73557,0
218025_209054,1
218025_245668,0
218026_164737,1
218026_278717,1
218026_206783,1
218026_211169,0
218026_261344,1
218026_189966,0
218027_42557,1
218027_80608,1
218027_29214,0
218027_14876,0
218027_289365,1
218027_130436,0
218028_1743,1
218028_37154,0
218028_289558,0
218028_125889,0
218028_267824,0
218028_274332,1
218029_281894,1
218029_281818,1
218029_177497,0
218029_105185,0
218029_270737,0
218029_155189,1
218031_238880,1
218031_126141,1
218031_252262,1
218031_87732,1
218031_161766,1
218031_131171,1
218036_160928,0
218036_70580,0
218036_86017,1
218036_80050,1
218036_237211,1
218036_17459,1
218037_173488,1
218037_82772,0
218037_213072,0
218037_118725,1
218037_129019,1
218037_246558,1
218038_41340,1
218038_24429,1
218038_201189,0
218038_278380,0
218038_114924,1
218038_253529,0
218039_183204,1
218039_185456,0
218039_98748,1
218039_169120,1
218039_189872,1
218039_176586,0
218042_239614,1
218042_152087,0
218042_158339,0
218042_217148,1
218042_111618,1
218042_103269,1
218043_21290,0
218043_109512,1
218043_295024,0
218043_207389,0
218043_166288,0
218043_238694,1
218044_193489,1
218044_74073,1
218044_116601,1
218044_50892,0
218044_192661,1
218044_80992,1
218045_294871,0
218045_69864,0
218045_131453,1
218045_101871,1
218045_216947,0
218045_91475,1
218046_212503,1
218046_52386,0
218046_133906,1
218046_28970,1
218046_49125,1
218046_88840,1
218048_148489,0
218048_210904,1
218048_87519,0
218048_143734,1
218048_46063,1
218048_153657,0
218051_196807,1
218051_46697,0
218051_87671,1
218051_286804,1
218051_55598,0
218051_34824,1
218052_245141,1
218052_91475,1
218052_109024,1
218052_113916,0
218052_225319,0
218052_175584,0
218054_173538,1
218054_263387,1
218054_209448,1
218054_124221,1
218054_113224,1
218054_16745,1
218061_280963,1
218061_266972,0
218061_235250,0
218061_131633,1
218061_98752,1
218061_53933,0
218062_216933,1
218062_140440,1
218062_113137,1
218062_137071,0
218062_239940,0
218062_132656,0
218065_255065,0
218065_134546,0
218065_150618,1
218065_5888,1
218065_56334,0
218065_60161,1
218070_225512,0
218070_231680,1
218070_153291,1
218070_51930,0
218070_282423,0
218070_236433,0
218074_214519,0
218074_36410,0
218074_271070,1
218074_275729,1
218074_290341,1
218074_223693,1
218082_282572,0
218082_227253,0
218082_137485,1
218082_198994,0
218082_181536,0
218082_214172,0
218084_14205,0
218084_92843,0
218084_187050,0
218084_118450,0
218084_74494,0
218084_110369,0
218086_107210,1
218086_246558,1
218086_147012,0
218086_78249,1
218086_206282,1
218086_142389,0
218090_272801,1
218090_64238,0
218090_204032,1
218090_118214,0
218090_260890,1
218090_129918,1
218096_40741,1
218096_148870,1
218096_148137,1
218096_250273,1
218096_109336,0
218096_232259,1
218098_189738,0
218098_92030,1
218098_70119,1
218098_50707,1
218098_1283,1
218098_76222,0
218100_184785,1
218100_51224,1
218100_266465,1
218100_70547,1
218100_166788,1
218100_158660,1
218103_175241,1
218103_79806,0
218103_126818,0
218103_129413,0
218103_91556,1
218103_211659,0
218107_133617,0
218107_31071,0
218107_42933,0
218107_270645,0
218107_106273,0
218107_105994,0
218109_116644,0
218109_167710,0
218109_212119,1
218109_274123,0
218109_101871,1
218109_120535,0
218111_155827,1
218111_10320,0
218111_257520,1
218111_281141,1
218111_267066,1
218111_199646,0
218114_284221,1
218114_70997,1
218114_150186,1
218114_195944,1
218114_133603,1
218114_130941,0
218117_32548,1
218117_101868,0
218117_272503,1
218117_282197,0
218117_142408,0
218117_263430,0
218118_224696,0
218118_5869,0
218118_47420,0
218118_76882,0
218118_188682,0
218118_176515,0
218119_70714,0
218119_5392,1
218119_108931,0
218119_141058,0
218119_284909,0
218119_263044,0
218122_279398,0
218122_257267,0
218122_40044,0
218122_83143,0
218122_240628,0
218122_59968,0
218127_189476,1
218127_237875,0
218127_29134,0
218127_79453,0
218127_129373,1
218127_258444,1
218128_116601,0
218128_8669,1
218128_192072,0
218128_202025,0
218128_231712,1
218128_66165,1
218130_70372,1
218130_258274,0
218130_268646,0
218130_186735,1
218130_293667,1
218130_207271,0
218131_240478,0
218131_77186,0
218131_92903,0
218131_265874,0
218131_200061,0
218131_226450,0
218132_226050,0
218132_169834,0
218132_285322,1
218132_248660,0
218132_294724,1
218132_43856,1
218134_102349,1
218134_160007,0
218134_285804,1
218134_169308,0
218134_280217,1
218134_88129,1
218135_258686,1
218135_209018,1
218135_137099,0
218135_176515,0
218135_261770,0
218135_275816,1
218136_207119,0
218136_52815,0
218136_123796,1
218136_3569,0
218136_90066,0
218136_2924,1
218139_92035,0
218139_271030,0
218139_107493,0
218139_199786,1
218139_157155,0
218139_57485,0
218141_262192,1
218141_185423,1
218141_148365,1
218141_236914,1
218141_69878,1
218141_175560,1
218143_96976,0
218143_164315,0
218143_178161,1
218143_127106,1
218143_108465,1
218143_282418,0
218147_36652,1
218147_209285,0
218147_15759,1
218147_111748,0
218147_203438,1
218147_139809,1
218150_226584,0
218150_156832,1
218150_83669,1
218150_159936,1
218150_131564,1
218150_68137,0
218151_49251,0
218151_234204,1
218151_228448,0
218151_59211,0
218151_75661,1
218151_66637,0
218153_140626,1
218153_62653,0
218153_263044,0
218153_31440,1
218153_173674,1
218153_180634,1
218154_162447,1
218154_210679,1
218154_175800,1
218154_71935,0
218154_142781,1
218154_29214,1
218158_111462,1
218158_232679,1
218158_119006,0
218158_124221,0
218158_204888,1
218158_74575,0
218161_47420,0
218161_17882,1
218161_164628,1
218161_185418,1
218161_172420,1
218161_34994,1
218164_106968,1
218164_197038,1
218164_151866,1
218164_91629,0
218164_228919,0
218164_70188,1
218166_177912,1
218166_77875,0
218166_256902,0
218166_100621,1
218166_82784,0
218166_292141,1
218168_50712,0
218168_85623,1
218168_75836,1
218168_39450,1
218168_3695,0
218168_263769,0
218169_99165,0
218169_170773,1
218169_155371,1
218169_269934,1
218169_227732,1
218169_290650,0
218170_225198,0
218170_174759,1
218170_216947,0
218170_88341,0
218170_278156,1
218170_264668,0
218171_268005,0
218171_176547,0
218171_86246,1
218171_39252,1
218171_85777,1
218171_143363,1
218175_84361,1
218175_261594,1
218175_10732,0
218175_57985,1
218175_217504,1
218175_237854,1
218176_277470,0
218176_2538,1
218176_289137,0
218176_283280,0
218176_247777,1
218176_130679,0
218177_63855,1
218177_193350,1
218177_190149,0
218177_254537,1
218177_89497,1
218177_54509,1
218179_140602,0
218179_129467,0
218179_215325,1
218179_198864,1
218179_45210,0
218179_280515,0
218180_203707,1
218180_203433,1
218180_131124,0
218180_9062,1
218180_145474,0
218180_227899,1
218182_86732,0
218182_113219,1
218182_96732,1
218182_217824,1
218182_72807,0
218182_190099,0
218184_130005,1
218184_230771,0
218184_151926,0
218184_105306,0
218184_245668,1
218184_80256,0
218189_270740,0
218189_73311,0
218189_244655,0
218189_96667,0
218189_21173,0
218189_55124,0
218190_119772,1
218190_287377,1
218190_18657,1
218190_17812,1
218190_265067,1
218190_119080,0
218191_228579,1
218191_276334,0
218191_146126,1
218191_118425,0
218191_6453,1
218191_23945,1
218193_142289,1
218193_139745,1
218193_293674,0
218193_74098,0
218193_260780,1
218193_268163,0
218195_12091,1
218195_143570,1
218195_55052,1
218195_129684,1
218195_176821,1
218195_182452,1
218198_265617,1
218198_228897,0
218198_262769,1
218198_267135,1
218198_100608,1
218198_232746,1
218204_159451,1
218204_59158,0
218204_85540,1
218204_94390,1
218204_259516,0
218204_155463,1
218205_206878,1
218205_223960,1
218205_104928,1
218205_5033,1
218205_289111,1
218205_153565,1
218206_261695,1
218206_162331,1
218206_65150,1
218206_192797,1
218206_50750,0
218206_272907,0
218207_53229,1
218207_102270,1
218207_244554,1
218207_21473,0
218207_261904,1
218207_285000,0
218210_65395,0
218210_114434,1
218210_288091,1
218210_45223,1
218210_267297,0
218210_63216,1
218211_208755,1
218211_206241,1
218211_106451,1
218211_61277,1
218211_36407,0
218211_124461,1
218212_18798,1
218212_102452,1
218212_253344,1
218212_60249,1
218212_9677,0
218212_61971,1
218214_74024,1
218214_42858,0
218214_80339,1
218214_268019,1
218214_207058,0
218214_169781,0
218217_211065,1
218217_217773,0
218217_236543,0
218217_56174,1
218217_81644,1
218217_238543,1
218218_146039,1
218218_171935,1
218218_264668,1
218218_274583,0
218218_201191,1
218218_18863,1
218219_275584,0
218219_258801,0
218219_224125,1
218219_232230,1
218219_83157,1
218219_214482,0
218220_178645,0
218220_116741,1
218220_100454,1
218220_35555,0
218220_192044,1
218220_283125,0
218222_175857,1
218222_230811,1
218222_239242,0
218222_116348,1
218222_281016,1
218222_102360,1
218223_114787,0
218223_173154,1
218223_292863,0
218223_139990,1
218223_67317,0
218223_165413,0
218224_198699,1
218224_120736,0
218224_185243,1
218224_211282,0
218224_102270,0
218224_65685,0
218228_98094,0
218228_63433,1
218228_216609,1
218228_109547,0
218228_166980,1
218228_175144,1
218229_62417,0
218229_201109,0
218229_90977,1
218229_33214,1
218229_122445,0
218229_237637,1
218233_255988,0
218233_275881,0
218233_70120,0
218233_184940,1
218233_14189,0
218233_39791,0
218234_225024,1
218234_62665,1
218234_150186,1
218234_228566,1
218234_4140,1
218234_45668,1
218235_170180,1
218235_199488,1
218235_263109,0
218235_46756,1
218235_205890,1
218235_269785,0
218237_195458,0
218237_242695,0
218237_269171,1
218237_87149,1
218237_179976,1
218237_136259,1
218238_294245,0
218238_172493,1
218238_150250,1
218238_168140,1
218238_203828,1
218238_185933,1
218249_207239,1
218249_227141,1
218249_282690,0
218249_170804,1
218249_66593,1
218249_254873,0
218251_141713,1
218251_136245,1
218251_162377,0
218251_137615,0
218251_41336,0
218251_172257,1
218255_69951,1
218255_238849,0
218255_137694,1
218255_63344,1
218255_211549,0
218255_295799,1
218257_87529,0
218257_122096,1
218257_86732,1
218257_70997,0
218257_186043,0
218257_230904,0
218258_33195,1
218258_295546,0
218258_6064,1
218258_136275,1
218258_77050,1
218258_99957,1
218259_93088,1
218259_270528,0
218259_92482,0
218259_213989,0
218259_37202,0
218259_281016,0
218260_17764,1
218260_192250,1
218260_208873,0
218260_58200,1
218260_242843,0
218260_85075,1
218261_226881,1
218261_190726,1
218261_5457,1
218261_294134,0
218261_293798,0
218261_4934,0
218263_97418,0
218263_41146,1
218263_95277,1
218263_292488,1
218263_13796,1
218263_47008,0
218264_192157,0
218264_84782,1
218264_153551,1
218264_289323,0
218264_211110,1
218264_143401,1
218266_220582,1
218266_134456,1
218266_221522,1
218266_12003,1
218266_248632,1
218266_249919,0
218267_147820,0
218267_273520,1
218267_155463,1
218267_101871,1
218267_295546,1
218267_195578,0
218269_94685,1
218269_73290,0
218269_214995,1
218269_43950,0
218269_46756,1
218269_77384,0
218270_239826,0
218270_84099,0
218270_164341,0
218270_261228,1
218270_192782,0
218270_112869,0
218274_213932,0
218274_151830,1
218274_151852,0
218274_92770,0
218274_187223,1
218274_263723,1
218275_187117,1
218275_150671,0
218275_159936,1
218275_124712,1
218275_222030,1
218275_203422,1
218277_233633,0
218277_191169,1
218277_220097,0
218277_207911,1
218277_131558,1
218277_153286,0
218282_11483,0
218282_231096,0
218282_182717,0
218282_172876,0
218282_278459,0
218282_15889,0
218283_70482,1
218283_290794,0
218283_54657,0
218283_242100,0
218283_206150,1
218283_215432,1
218284_160239,0
218284_17645,0
218284_207948,0
218284_151846,0
218284_71360,0
218284_254626,0
218286_143892,0
218286_235311,1
218286_61196,1
218286_55006,0
218286_158436,0
218286_86170,1
218287_139577,0
218287_140802,1
218287_267254,0
218287_231892,1
218287_80050,0
218287_271560,1
218292_164580,0
218292_223222,0
218292_61600,0
218292_140085,0
218292_106935,0
218292_188312,1
218295_52920,0
218295_200176,0
218295_77246,0
218295_217557,1
218295_46611,1
218295_112112,1
218296_111493,0
218296_120377,1
218296_66085,0
218296_176879,1
218296_60428,0
218296_145928,1
218299_6370,0
218299_214372,0
218299_271382,0
218299_90097,1
218299_124198,1
218299_12476,0
218302_98868,1
218302_59772,0
218302_108120,1
218302_100931,0
218302_50712,1
218302_243882,1
218304_145097,0
218304_172204,1
218304_208492,0
218304_45055,0
218304_105563,1
218304_92193,1
218306_286697,1
218306_232994,1
218306_100174,1
218306_93055,1
218306_237612,0
218306_263937,1
218313_286454,1
218313_206018,1
218313_37016,1
218313_207970,1
218313_194798,1
218313_86733,1
218314_184573,1
218314_111274,1
218314_88255,1
218314_132076,1
218314_20206,1
218314_293232,0
218317_292981,1
218317_40847,0
218317_220358,1
218317_250273,1
218317_252262,1
218317_249638,1
218320_152511,1
218320_241116,1
218320_58946,1
218320_13865,1
218320_286426,1
218320_222875,0
218321_181960,1
218321_261634,0
218321_83397,1
218321_9095,0
218321_234502,1
218321_200548,0
218322_143363,1
218322_271783,1
218322_63879,1
218322_38967,0
218322_208477,1
218322_86647,0
218325_14751,0
218325_54974,0
218325_271692,1
218325_72941,0
218325_219216,0
218325_190423,0
218329_89641,0
218329_172956,1
218329_209446,1
218329_188907,1
218329_243131,0
218329_293409,0
218331_21072,1
218331_217852,0
218331_273012,0
218331_159550,0
218331_276784,0
218331_252306,0
218334_255065,1
218334_199326,1
218334_257899,1
218334_129412,1
218334_88453,1
218334_247494,1
218338_39252,1
218338_33271,1
218338_69054,1
218338_249320,1
218338_24902,0
218338_276635,1
218344_143033,1
218344_264152,1
218344_120603,0
218344_58807,1
218344_9359,0
218344_104151,0
218346_238977,1
218346_9232,1
218346_125711,1
218346_60074,1
218346_52855,1
218346_189306,1
218348_40736,1
218348_152064,0
218348_60203,0
218348_67879,1
218348_260905,0
218348_11900,0
218349_179993,1
218349_42988,1
218349_208354,1
218349_50671,1
218349_265027,1
218349_236282,0
218350_21388,1
218350_168682,0
218350_287473,0
218350_140585,0
218350_194317,1
218350_152390,1
218353_201009,0
218353_68794,0
218353_40326,0
218353_256132,0
218353_79806,1
218353_24314,0
218357_256424,0
218357_259880,1
218357_116618,1
218357_207890,0
218357_174010,0
218357_177205,1
218358_29147,0
218358_235447,1
218358_2684,1
218358_175351,1
218358_28591,1
218358_164025,1
218361_164212,1
218361_150622,0
218361_5122,1
218361_189643,0
218361_246966,0
218361_152988,1
218362_279014,1
218362_20206,0
218362_217877,0
218362_228077,1
218362_213944,0
218362_63394,0
218365_222143,0
218365_171987,1
218365_53743,0
218365_55412,0
218365_41733,1
218365_85861,1
218366_263171,1
218366_229886,1
218366_71,0
218366_79409,1
218366_185243,0
218366_140612,1
218372_289328,0
218372_201793,1
218372_34503,1
218372_87995,1
218372_182506,1
218372_98231,1
218373_20101,0
218373_173853,0
218373_135013,0
218373_235887,0
218373_78423,1
218373_139556,0
218378_105612,1
218378_199905,0
218378_249919,0
218378_21157,1
218378_163690,1
218378_173547,1
218380_113760,0
218380_291302,1
218380_86176,1
218380_41733,1
218380_161416,1
218380_293310,1
218382_80165,1
218382_251032,0
218382_64279,1
218382_159550,1
218382_269223,1
218382_932,1
218384_568,0
218384_213019,1
218384_70122,0
218384_162429,1
218384_257422,1
218384_279081,1
218385_116307,0
218385_271410,0
218385_22748,1
218385_13321,0
218385_283786,1
218385_253281,0
218386_80615,0
218386_83462,0
218386_17302,1
218386_138726,1
218386_98184,0
218386_164274,1
218387_129865,0
218387_228469,1
218387_96631,1
218387_274071,1
218387_182388,1
218387_225329,1
218391_50600,1
218391_167381,0
218391_170232,0
218391_78278,1
218391_69387,0
218391_87691,1
218392_214856,0
218392_30048,1
218392_43987,1
218392_278428,0
218392_164787,1
218392_191895,0
218393_234526,1
218393_17613,0
218393_232911,0
218393_289430,0
218393_219256,0
218393_84969,1
218395_231155,0
218395_192889,0
218395_21918,0
218395_205279,0
218395_223429,0
218395_68597,0
218398_96999,1
218398_46629,1
218398_200432,1
218398_70637,1
218398_250844,1
218398_165044,1
218401_57649,0
218401_108784,0
218401_12922,1
218401_72035,1
218401_262538,0
218401_171649,1
218402_110556,1
218402_228397,1
218402_7031,1
218402_189900,1
218402_266150,0
218402_95239,0
218404_32553,0
218404_136602,0
218404_7221,0
218404_105306,1
218404_183202,0
218404_201987,0
218405_67031,1
218405_282136,1
218405_8583,1
218405_101201,0
218405_179356,1
218405_45956,0
218407_213400,1
218407_106072,0
218407_214319,1
218407_108387,1
218407_284444,0
218407_110276,0
218408_47697,1
218408_213188,0
218408_135799,1
218408_63085,0
218408_24210,1
218408_32737,0
218409_18067,1
218409_243273,0
218409_267078,1
218409_131498,0
218409_246898,0
218409_121135,1
218411_218525,1
218411_94864,1
218411_226130,0
218411_270909,0
218411_10206,1
218411_164745,1
218412_36223,0
218412_3044,0
218412_210456,1
218412_239284,1
218412_173312,0
218412_201729,1
218413_200778,0
218413_16673,1
218413_243011,0
218413_65012,1
218413_159496,1
218413_150048,1
218416_244657,1
218416_112760,1
218416_225329,1
218416_232977,1
218416_250640,1
218416_46756,1
218417_88858,1
218417_72035,1
218417_87671,0
218417_292027,0
218417_220858,0
218417_6173,0
218418_207667,1
218418_270299,0
218418_67211,1
218418_292869,1
218418_31823,1
218418_199257,1
218420_178551,0
218420_135317,0
218420_121646,0
218420_206089,1
218420_164177,0
218420_54650,1
218422_1445,0
218422_208634,0
218422_82803,0
218422_122327,0
218422_291338,0
218422_101201,1
218424_269641,1
218424_108161,1
218424_54589,0
218424_26902,1
218424_82535,0
218424_16367,0
218434_286420,0
218434_292983,0
218434_54148,1
218434_177585,1
218434_35030,0
218434_291068,1
218435_129841,1
218435_37551,1
218435_38934,1
218435_134310,0
218435_288404,1
218435_273126,1
218438_5671,1
218438_111136,0
218438_169580,1
218438_115911,0
218438_249001,0
218438_139135,1
218440_254916,1
218440_87090,1
218440_72196,1
218440_77677,1
218440_202663,0
218440_234437,1
218442_149391,0
218442_281139,0
218442_218320,0
218442_244690,0
218442_47768,0
218442_294196,0
218443_239483,0
218443_101871,0
218443_29455,1
218443_44405,1
218443_37006,1
218443_225426,0
218447_225426,1
218447_121543,1
218447_181316,1
218447_8379,1
218447_38432,1
218447_193406,0
218457_165376,1
218457_134944,0
218457_178568,0
218457_262075,1
218457_174586,1
218457_119710,0
218467_188312,0
218467_272638,1
218467_60414,0
218467_50707,1
218467_113219,1
218467_216343,1
218470_200132,1
218470_148089,0
218470_213432,1
218470_274606,1
218470_286785,0
218470_228077,1
218473_120535,0
218473_241240,0
218473_82321,1
218473_75937,0
218473_97900,1
218473_149001,1
218475_62976,0
218475_49332,1
218475_187377,0
218475_87090,0
218475_87123,0
218475_114723,1
218476_113707,1
218476_255089,0
218476_7891,1
218476_234652,1
218476_40227,0
218476_158912,0
218477_180704,1
218477_170783,0
218477_268900,1
218477_103214,0
218477_201009,0
218477_61874,1
218479_186437,1
218479_124424,1
218479_8747,0
218479_235090,1
218479_138036,1
218479_82017,0
218480_19780,1
218480_8101,0
218480_225174,0
218480_160231,0
218480_46756,0
218480_66790,0
218482_74714,1
218482_124730,0
218482_115856,1
218482_255261,1
218482_87570,1
218482_131314,0
218487_132199,1
218487_5888,1
218487_144395,0
218487_63484,0
218487_200737,0
218487_271045,1
218488_65216,1
218488_91157,0
218488_115095,1
218488_96520,1
218488_268929,1
218488_262865,1
218491_130023,1
218491_82931,1
218491_233221,1
218491_275298,0
218491_3620,1
218491_26616,0
218494_171379,0
218494_42331,1
218494_248033,0
218494_185456,0
218494_139194,0
218494_66359,0
218495_66359,0
218495_260175,1
218495_163853,0
218495_139002,0
218495_41843,0
218495_168602,0
218497_23059,0
218497_91501,0
218497_95527,0
218497_7940,0
218497_268462,1
218497_287983,0
218499_85272,1
218499_165378,1
218499_165175,1
218499_85623,0
218499_22362,0
218499_3983,0
218504_192664,0
218504_238559,1
218504_225562,1
218504_155463,1
218504_112869,0
218504_97127,0
218505_197575,0
218505_133902,1
218505_128672,0
218505_250548,1
218505_94147,1
218505_214336,0
218506_155463,1
218506_133037,0
218506_159267,0
218506_226320,1
218506_126581,1
218506_6209,1
218507_206713,1
218507_185584,0
218507_97522,1
218507_219801,0
218507_73490,1
218507_36186,0
218510_186399,0
218510_185591,1
218510_269065,1
218510_239297,1
218510_33985,1
218510_162447,1
218511_215746,0
218511_230460,0
218511_126732,1
218511_116166,0
218511_105563,0
218511_258174,0
218512_56360,1
218512_162447,1
218512_214871,1
218512_277867,1
218512_263051,1
218512_27900,1
218513_249143,0
218513_96378,0
218513_246415,0
218513_261797,0
218513_198434,0
218513_285347,0
218514_70160,0
218514_47926,1
218514_174282,1
218514_174387,1
218514_196532,0
218514_224919,1
218515_74836,1
218515_223300,0
218515_137196,0
218515_170037,0
218515_5746,1
218515_273837,1
218517_146213,0
218517_244199,1
218517_84951,1
218517_55252,1
218517_4114,0
218517_177405,1
218518_51184,1
218518_251740,0
218518_225338,1
218518_1317,0
218518_22932,0
218518_129340,1
218519_117254,0
218519_287949,1
218519_271903,0
218519_80165,1
218519_182009,0
218519_119772,1
218521_287301,1
218521_129274,0
218521_201046,0
218521_113219,1
218521_173257,1
218521_276411,1
218528_266095,1
218528_294134,0
218528_7994,0
218528_18261,1
218528_30579,1
218528_190549,0
218531_294418,0
218531_16384,0
218531_192568,0
218531_1457,0
218531_16367,0
218531_128408,0
218532_39693,0
218532_36652,1
218532_141378,1
218532_264826,1
218532_95640,1
218532_49618,1
218534_20196,0
218534_192994,1
218534_25050,0
218534_132209,1
218534_150186,0
218534_147311,0
218535_101294,0
218535_108044,0
218535_40736,0
218535_3569,0
218535_219934,0
218535_181955,0
218537_154884,0
218537_85021,0
218537_170593,0
218537_240076,0
218537_226017,0
218537_116981,0
218539_38241,0
218539_61765,1
218539_100174,1
218539_17629,1
218539_269063,1
218539_170583,1
218540_217266,1
218540_100907,1
218540_8980,1
218540_67942,0
218540_107327,0
218540_278873,1
218541_153291,1
218541_219802,1
218541_172420,1
218541_158912,1
218541_74329,0
218541_235250,1
218543_258050,1
218543_154668,0
218543_224763,1
218543_141772,1
218543_279408,1
218543_71574,1
218544_180650,1
218544_252034,1
218544_163230,0
218544_64562,1
218544_15868,0
218544_197535,0
218545_8313,1
218545_219726,0
218545_254658,1
218545_83891,1
218545_122683,0
218545_154473,1
218551_40579,1
218551_186266,0
218551_281141,1
218551_72771,1
218551_109984,1
218551_91012,1
218556_51675,1
218556_90712,1
218556_275092,1
218556_150793,0
218556_31300,0
218556_281844,0
218557_189129,0
218557_91083,0
218557_122589,1
218557_273380,0
218557_87673,0
218557_151926,0
218559_165044,0
218559_126886,1
218559_178534,0
218559_213098,1
218559_61826,1
218559_7740,1
218561_85681,1
218561_205172,0
218561_294996,1
218561_230811,1
218561_153742,0
218561_54683,0
218564_115199,1
218564_54690,1
218564_267831,1
218564_263109,1
218564_209231,1
218564_102980,1
218567_137830,1
218567_291305,0
218567_273095,0
218567_156097,0
218567_106882,0
218567_155315,0
218570_102270,1
218570_253486,1
218570_235783,0
218570_109975,1
218570_41574,0
218570_100522,1
218575_281844,0
218575_279684,0
218575_269822,1
218575_192839,1
218575_119901,0
218575_133902,0
218577_22842,0
218577_98996,1
218577_137701,0
218577_232594,0
218577_246487,0
218577_159496,1
218578_247571,1
218578_198516,1
218578_80916,1
218578_181496,1
218578_253939,0
218578_114968,0
218580_69166,1
218580_249778,1
218580_123232,1
218580_264280,1
218580_18645,1
218580_223073,0
218581_157914,1
218581_12279,1
218581_191995,1
218581_56619,1
218581_143570,1
218581_190770,1
218582_166203,1
218582_113895,1
218582_100222,0
218582_166870,1
218582_16727,0
218582_214856,1
218588_235324,0
218588_111720,0
218588_120519,1
218588_85777,0
218588_183204,1
218588_230358,0
218590_106072,1
218590_175812,0
218590_192889,1
218590_81075,0
218590_170809,1
218590_181782,1
218593_76729,1
218593_3222,1
218593_108957,1
218593_77343,1
218593_148502,1
218593_39954,0
218594_73557,0
218594_209783,0
218594_93080,0
218594_36131,0
218594_95851,0
218594_246164,0
218595_171909,0
218595_69230,1
218595_260919,0
218595_134225,1
218595_59697,1
218595_230857,0
218597_44380,0
218597_141969,0
218597_208755,1
218597_37651,0
218597_101601,0
218597_121932,0
218599_194106,1
218599_224114,1
218599_162604,1
218599_254787,1
218599_40352,1
218599_156832,1
218601_274352,1
218601_262541,1
218601_290038,1
218601_151913,0
218601_264738,1
218601_25772,1
218603_151926,1
218603_279759,1
218603_147044,0
218603_63235,0
218603_109069,0
218603_131564,1
218609_108634,1
218609_201988,1
218609_282636,0
218609_92793,0
218609_73981,0
218609_73557,1
218611_69362,0
218611_219847,0
218611_116706,0
218611_127621,1
218611_160621,0
218611_97847,1
218614_77810,1
218614_43457,1
218614_185295,1
218614_126448,1
218614_169538,1
218614_62025,1
218615_185831,0
218615_39760,1
218615_291984,0
218615_207890,1
218615_7031,1
218615_137011,1
218617_78298,1
218617_157639,1
218617_268974,1
218617_245359,0
218617_274808,1
218617_102452,0
218618_156395,0
218618_184253,1
218618_166454,1
218618_253548,1
218618_239180,0
218618_269725,0
218620_237718,0
218620_256695,1
218620_167651,0
218620_76392,1
218620_117379,1
218620_114880,1
218623_149669,1
218623_249743,0
218623_131742,0
218623_41041,1
218623_224484,1
218623_75833,1
218627_150387,0
218627_29894,0
218627_206237,1
218627_294145,0
218627_68369,1
218627_205006,0
218628_127431,1
218628_288165,0
218628_27623,1
218628_266465,1
218628_294122,1
218628_220488,1
218630_25107,1
218630_220610,1
218630_228745,1
218630_66248,0
218630_12628,0
218630_82912,1
218631_83656,1
218631_111965,0
218631_132297,0
218631_171020,0
218631_201575,0
218631_210204,1
218632_126112,0
218632_232322,1
218632_262921,0
218632_135799,0
218632_58947,0
218632_213447,1
218633_64729,0
218633_112207,1
218633_206982,1
218633_279195,1
218633_25694,1
218633_286149,1
218635_47761,1
218635_227732,1
218635_181941,1
218635_187117,1
218635_21528,0
218635_247413,0
218637_26677,1
218637_287471,0
218637_56939,0
218637_188137,0
218637_180476,0
218637_52956,1
218638_197639,0
218638_133034,1
218638_223958,0
218638_261934,1
218638_98305,0
218638_63074,0
218639_3597,0
218639_187377,1
218639_173322,1
218639_276411,1
218639_143570,1
218639_92449,1
218642_173538,1
218642_109024,0
218642_166240,0
218642_265026,1
218642_260165,0
218642_165072,1
218647_202648,1
218647_22090,0
218647_249804,0
218647_156008,1
218647_286001,0
218647_256229,0
218650_273185,1
218650_72878,0
218650_291429,0
218650_226836,0
218650_183307,0
218650_244960,1
218652_37686,0
218652_230307,0
218652_141393,0
218652_264582,0
218652_178950,0
218652_72718,1
218653_6448,1
218653_92498,1
218653_269846,0
218653_49364,1
218653_191430,1
218653_119355,1
218655_143401,1
218655_277751,1
218655_146358,0
218655_266952,1
218655_294821,1
218655_17740,1
218657_100522,0
218657_106183,1
218657_233911,1
218657_3996,1
218657_31440,1
218657_213072,1
218662_74096,0
218662_26331,0
218662_124292,0
218662_179152,0
218662_269065,0
218662_123542,1
218665_228676,0
218665_97522,1
218665_249919,1
218665_42331,1
218665_93084,0
218665_247252,1
218666_64051,1
218666_27738,0
218666_269065,1
218666_159349,1
218666_83130,1
218666_107707,1
218667_266209,1
218667_167292,1
218667_35227,1
218667_70945,1
218667_34293,1
218667_185650,0
218670_124732,1
218670_110276,0
218670_141772,0
218670_239573,1
218670_37960,1
218670_89740,1
218671_194197,0
218671_137237,1
218671_106205,1
218671_204791,1
218671_261844,1
218671_104584,1
218672_105070,1
218672_288412,0
218672_151926,1
218672_99494,1
218672_32503,1
218672_37384,1
218680_279927,0
218680_50473,0
218680_219917,1
218680_181316,1
218680_274045,0
218680_180346,0
218681_10559,1
218681_75813,1
218681_67833,0
218681_122852,1
218681_186120,0
218681_134448,1
218685_136331,1
218685_25162,0
218685_198219,0
218685_218437,1
218685_196307,1
218685_118688,0
218686_186450,1
218686_271100,1
218686_22728,1
218686_14833,0
218686_183529,0
218686_286001,0
218688_197858,1
218688_258343,1
218688_278364,0
218688_250273,1
218688_210210,1
218688_147523,1
218689_167314,1
218689_82315,1
218689_49746,1
218689_243251,1
218689_137720,0
218689_209607,1
218692_277974,0
218692_227278,0
218692_239629,0
218692_247456,0
218692_58443,0
218692_204400,0
218696_133785,1
218696_156913,0
218696_77206,0
218696_20797,1
218696_112559,1
218696_88562,0
218697_56288,1
218697_100090,1
218697_96800,0
218697_156913,1
218697_157104,0
218697_173627,1
218702_133759,1
218702_53233,1
218702_144357,1
218702_248189,0
218702_234268,0
218702_252363,1
218704_249717,1
218704_185569,0
218704_89110,0
218704_208596,0
218704_16374,0
218704_19138,0
218705_178423,1
218705_99112,1
218705_3415,1
218705_32503,1
218705_117330,0
218705_245734,0
218706_265278,0
218706_218590,0
218706_282865,1
218706_43466,1
218706_119785,0
218706_76149,0
218709_234432,1
218709_153846,1
218709_67266,1
218709_187428,1
218709_113416,1
218709_80656,1
218711_270671,0
218711_51148,1
218711_155183,0
218711_182021,1
218711_207659,1
218711_55871,1
218715_159886,1
218715_20206,1
218715_104207,1
218715_265646,1
218715_33120,0
218715_148638,0
218717_134211,1
218717_182668,0
218717_7558,0
218717_3854,0
218717_56318,1
218717_238113,1
218718_92080,1
218718_176676,1
218718_59457,1
218718_213865,1
218718_51300,0
218718_230358,1
218719_197975,0
218719_188798,0
218719_62959,0
218719_66097,0
218719_196022,0
218719_131453,0
218721_251459,0
218721_178208,0
218721_139047,1
218721_18099,1
218721_103214,0
218721_31836,0
218727_207619,0
218727_29111,0
218727_193529,0
218727_15399,1
218727_124329,0
218727_159646,0
218729_188625,1
218729_154392,0
218729_100010,0
218729_13495,0
218729_72875,0
218729_20992,0
218730_55417,1
218730_290120,0
218730_102173,0
218730_185033,1
218730_10785,1
218730_215,0
218732_226489,0
218732_252608,0
218732_130107,0
218732_73182,0
218732_226938,0
218732_87171,1
218733_120145,1
218733_154755,0
218733_236775,1
218733_31440,0
218733_159497,0
218733_45181,0
218735_294557,0
218735_143617,1
218735_217470,0
218735_233259,1
218735_214727,0
218735_267557,1
218737_138679,0
218737_110870,1
218737_164949,1
218737_161429,1
218737_271031,1
218737_5331,1
218738_71455,1
218738_192174,1
218738_99683,0
218738_282493,1
218738_245252,1
218738_108992,1
218740_29894,1
218740_253792,1
218740_137237,1
218740_51460,0
218740_274174,0
218740_136924,0
218743_270467,1
218743_218488,1
218743_222196,1
218743_238497,1
218743_266782,1
218743_269117,1
218744_64570,0
218744_147080,0
218744_207331,0
218744_95704,0
218744_127609,0
218744_83626,0
218747_92035,0
218747_78775,0
218747_144544,0
218747_176238,0
218747_246991,0
218747_194946,0
218752_70122,1
218752_113212,1
218752_2182,0
218752_106659,0
218752_73181,1
218752_4670,0
218755_103081,0
218755_19574,0
218755_210390,0
218755_145781,0
218755_234051,0
218755_134403,0
218758_259838,0
218758_201449,1
218758_256158,1
218758_41843,0
218758_149685,1
218758_273787,0
218759_156913,0
218759_166,0
218759_13495,0
218759_138466,0
218759_74056,0
218759_276079,0
218760_31102,1
218760_71971,1
218760_266566,1
218760_185498,1
218760_245254,1
218760_254494,0
218761_258733,1
218761_213259,1
218761_95591,1
218761_145776,1
218761_29009,1
218761_29345,0
218763_151595,1
218763_169325,0
218763_154321,1
218763_177489,0
218763_123764,0
218763_109356,0
218768_191897,1
218768_108780,1
218768_66886,1
218768_177969,0
218768_39209,1
218768_197465,1
218769_43626,1
218769_178185,0
218769_236347,1
218769_102789,1
218769_171986,0
218769_174624,0
218770_30308,1
218770_93032,1
218770_167708,1
218770_946,1
218770_206236,1
218770_249495,0
218776_140334,1
218776_265065,1
218776_73749,1
218776_122096,1
218776_247406,1
218776_272673,0
218777_127276,0
218777_177409,0
218777_61145,0
218777_97871,0
218777_33086,0
218777_187539,0
218779_91475,1
218779_165044,1
218779_132462,1
218779_109399,1
218779_135074,0
218779_284781,0
218780_41121,1
218780_165706,0
218780_159710,1
218780_269763,0
218780_58026,1
218780_224354,1
218787_169536,0
218787_106838,1
218787_129642,1
218787_19679,0
218787_121810,0
218787_187159,0
218788_259598,1
218788_39840,1
218788_50716,1
218788_201389,1
218788_125770,1
218788_208544,1
218790_205498,1
218790_131533,0
218790_214272,0
218790_74756,1
218790_52853,0
218790_292852,1
218795_136947,0
218795_89403,0
218795_158358,1
218795_52230,0
218795_137768,1
218795_28797,0
218799_170114,0
218799_271163,1
218799_175144,1
218799_149675,0
218799_176515,1
218799_36641,1
218801_99445,1
218801_27345,1
218801_61145,1
218801_163710,1
218801_124252,1
218801_150717,0
218804_228522,1
218804_180173,0
218804_225510,1
218804_76563,1
218804_262036,0
218804_239143,1
218806_184277,1
218806_269824,1
218806_119532,0
218806_210199,0
218806_77840,0
218806_108780,0
218807_153923,0
218807_213106,0
218807_109144,0
218807_208267,0
218807_146981,0
218807_112350,0
218811_193350,1
218811_145050,1
218811_26088,1
218811_239141,1
218811_76816,1
218811_294726,1
218814_167023,0
218814_174436,1
218814_138970,1
218814_31200,0
218814_225190,1
218814_215896,1
218817_128869,0
218817_256318,1
218817_32112,1
218817_267297,1
218817_38525,1
218817_205708,0
218819_209671,0
218819_83900,1
218819_138340,1
218819_37840,1
218819_15405,1
218819_237718,1
218821_73982,1
218821_21392,1
218821_221768,1
218821_35000,1
218821_93568,1
218821_218867,1
218824_182924,0
218824_187483,1
218824_41209,0
218824_176004,0
218824_210484,1
218824_149105,1
218825_218715,0
218825_215325,0
218825_235930,0
218825_3109,1
218825_281844,0
218825_7891,0
218826_244721,1
218826_158503,1
218826_217200,0
218826_253306,0
218826_29519,1
218826_285402,0
218834_148821,1
218834_169575,0
218834_24015,0
218834_253379,1
218834_47420,0
218834_191085,0
218838_109660,1
218838_249929,0
218838_169200,0
218838_204942,1
218838_136103,1
218838_94531,0
218839_271537,0
218839_166976,0
218839_203661,1
218839_20163,0
218839_243249,0
218839_38570,1
218841_130317,1
218841_111292,1
218841_49752,1
218841_203969,0
218841_265489,0
218841_127655,1
218842_177172,0
218842_44659,0
218842_217824,0
218842_271416,0
218842_247486,0
218842_72984,0
218845_128192,1
218845_1088,0
218845_273611,1
218845_51391,1
218845_178002,1
218845_45789,1
218846_91513,1
218846_181,1
218846_1895,1
218846_139745,1
218846_5869,1
218846_259316,1
218848_259770,1
218848_214767,1
218848_183248,0
218848_153291,1
218848_53964,1
218848_288544,1
218854_152525,1
218854_31239,0
218854_129190,1
218854_1222,1
218854_142234,0
218854_246252,0
218865_115468,1
218865_118642,0
218865_50750,1
218865_76149,0
218865_9812,0
218865_184386,0
218870_215223,1
218870_173320,0
218870_152945,0
218870_232789,1
218870_29745,0
218870_188676,0
218877_182395,1
218877_245572,1
218877_149203,0
218877_139083,0
218877_180543,0
218877_113902,1
218881_278882,0
218881_99629,1
218881_88852,1
218881_230811,1
218881_64467,1
218881_109069,0
218883_252711,0
218883_212226,1
218883_198945,1
218883_106441,1
218883_137895,1
218883_85087,1
218884_172218,1
218884_52839,0
218884_95439,0
218884_175800,1
218884_33827,1
218884_54974,0
218885_45553,0
218885_123579,1
218885_135169,0
218885_288285,0
218885_241785,0
218885_54339,1
218886_137380,1
218886_146099,0
218886_127254,1
218886_215788,0
218886_141958,0
218886_6898,1
218887_201539,0
218887_221618,1
218887_230617,1
218887_204777,0
218887_273779,1
218887_119755,0
218888_117872,1
218888_10745,0
218888_172420,0
218888_179327,1
218888_227017,1
218888_188676,0
218893_271378,1
218893_288664,1
218893_227079,0
218893_120377,1
218893_40280,0
218893_208364,1
218895_37517,0
218895_181941,0
218895_115095,0
218895_74968,0
218895_90834,0
218895_257835,0
218898_188073,0
218898_133617,0
218898_56288,0
218898_207656,0
218898_276319,0
218898_180033,0
218901_44797,1
218901_87282,1
218901_35590,1
218901_50504,0
218901_176236,0
218901_49288,1
218902_108103,1
218902_293343,1
218902_30803,1
218902_185038,1
218902_23219,0
218902_283599,1
218904_136018,1
218904_251729,0
218904_165851,0
218904_228218,0
218904_211614,1
218904_95924,1
218905_52492,1
218905_74024,1
218905_90928,1
218905_253068,1
218905_202342,1
218905_285322,0
218906_221867,1
218906_123232,0
218906_26128,0
218906_33997,1
218906_634,1
218906_214086,0
218907_167750,1
218907_177116,1
218907_48867,0
218907_110426,1
218907_235271,1
218907_18419,0
218913_250229,1
218913_261909,1
218913_226882,0
218913_932,1
218913_269649,1
218913_285322,1
218919_163081,0
218919_265039,0
218919_177509,0
218919_75564,0
218919_57671,0
218919_158098,1
218920_239508,1
218920_43591,0
218920_256065,1
218920_197211,1
218920_247769,1
218920_79256,1
218922_101206,0
218922_135177,1
218922_40631,0
218922_230460,1
218922_159549,1
218922_54016,0
218925_169473,0
218925_277309,0
218925_81337,1
218925_155188,0
218925_269653,0
218925_161077,1
218928_236674,0
218928_197697,0
218928_99448,1
218928_134774,0
218928_3584,1
218928_235752,0
218934_19615,0
218934_257260,1
218934_109544,1
218934_200166,1
218934_43886,1
218934_89078,0
218937_223032,1
218937_137119,0
218937_26997,0
218937_49136,1
218937_267960,0
218937_46661,1
218938_143673,0
218938_198176,0
218938_9209,1
218938_219208,1
218938_79131,0
218938_223582,1
218939_176582,0
218939_42339,1
218939_271783,1
218939_22486,0
218939_248224,0
218939_242078,1
218941_130647,1
218941_165800,1
218941_138086,1
218941_154835,0
218941_65624,1
218941_84298,0
218945_22620,0
218945_286598,1
218945_249559,0
218945_270411,0
218945_36280,0
218945_294134,1
218946_248475,1
218946_135545,1
218946_287168,1
218946_224337,1
218946_231680,1
218946_144463,1
218949_129412,0
218949_16374,0
218949_150618,0
218949_220605,1
218949_56487,1
218949_215223,1
218951_260321,0
218951_38309,1
218951_47305,1
218951_54718,1
218951_39693,1
218951_165136,1
218952_94258,1
218952_152982,1
218952_1003,0
218952_189248,1
218952_244372,1
218952_281818,0
218953_226836,1
218953_239282,0
218953_133594,0
218953_94919,0
218953_35669,0
218953_102349,1
218959_180759,0
218959_191261,0
218959_219794,1
218959_109056,0
218959_22466,0
218959_105812,0
218960_111505,1
218960_146322,1
218960_141875,0
218960_175955,0
218960_44675,1
218960_263127,0
218961_7691,0
218961_204679,1
218961_220646,1
218961_83452,0
218961_271794,0
218961_1779,0
218962_133769,1
218962_176869,0
218962_180311,0
218962_253265,1
218962_230460,1
218962_111720,1
218963_163260,0
218963_200807,1
218963_138963,1
218963_50754,1
218963_81415,0
218963_136823,1
218970_286644,0
218970_228462,0
218970_17920,1
218970_285790,1
218970_37537,0
218970_147703,1
218971_69054,1
218971_224351,0
218971_24472,0
218971_56288,1
218971_254251,0
218971_175481,1
218975_283747,1
218975_271100,1
218975_60285,1
218975_272736,0
218975_225363,1
218975_186920,0
218976_53106,1
218976_66230,1
218976_56811,1
218976_147466,1
218976_250231,1
218976_35053,1
218977_73822,0
218977_83066,0
218977_275222,1
218977_60276,1
218977_49270,1
218977_254238,1
218978_162690,1
218978_65456,0
218978_83146,0
218978_13074,1
218978_198117,0
218978_14388,0
218979_244026,0
218979_150719,1
218979_2538,1
218979_399,1
218979_248267,1
218979_228746,0
218984_200024,1
218984_100669,0
218984_185776,1
218984_69641,0
218984_173627,0
218984_122008,1
218985_77871,1
218985_85914,1
218985_203152,1
218985_187117,1
218985_30053,0
218985_176637,1
218988_100484,1
218988_169704,0
218988_246058,1
218988_230641,0
218988_261069,0
218988_273904,1
218989_146446,1
218989_92064,1
218989_104584,1
218989_258244,0
218989_148821,1
218989_250273,1
218991_266293,1
218991_243829,1
218991_25072,1
218991_20199,1
218991_203796,0
218991_112739,0
218992_116812,1
218992_208617,1
218992_62496,1
218992_10806,1
218992_124231,0
218992_262257,0
218994_171869,0
218994_177682,0
218994_29988,0
218994_200574,0
218994_190774,0
218994_278582,0
218996_212347,0
218996_17693,1
218996_140969,1
218996_207645,1
218996_11722,0
218996_89033,1
218997_273207,0
218997_292722,1
218997_76321,0
218997_222237,1
218997_158436,1
218997_151740,1
219001_163017,0
219001_19130,1
219001_199920,1
219001_168124,0
219001_264826,1
219001_127309,0
219002_30865,0
219002_211605,0
219002_93163,0
219002_252455,0
219002_295459,0
219002_109336,0
219003_109638,1
219003_223034,1
219003_87959,1
219003_241739,1
219003_97418,1
219003_65533,1
219012_154016,1
219012_46629,1
219012_224482,1
219012_29587,1
219012_281157,0
219012_186861,0
219014_248143,1
219014_131633,0
219014_265969,1
219014_93134,0
219014_269383,1
219014_51074,1
219018_197524,0
219018_178790,0
219018_262177,1
219018_242097,0
219018_270814,1
219018_131751,0
219020_66655,1
219020_164707,1
219020_110391,1
219020_107829,0
219020_272739,0
219020_194810,1
219021_206085,0
219021_31333,1
219021_110981,1
219021_259610,0
219021_102293,1
219021_134112,1
219022_55483,1
219022_1779,1
219022_60525,1
219022_66593,1
219022_104704,1
219022_48508,1
219024_288019,1
219024_295221,1
219024_46396,0
219024_256229,0
219024_64105,1
219024_121095,1
219025_143361,0
219025_93525,1
219025_130703,1
219025_210278,0
219025_272553,0
219025_210791,0
219027_46449,1
219027_21123,1
219027_44166,1
219027_194600,1
219027_246130,1
219027_176916,1
219028_155825,0
219028_280405,0
219028_86549,0
219028_231929,0
219028_222148,0
219028_36375,1
219031_84419,0
219031_73739,0
219031_291450,1
219031_159056,0
219031_206064,0
219031_179578,1
219034_154323,0
219034_41142,1
219034_283022,1
219034_157699,1
219034_50515,1
219034_96378,1
219038_144016,0
219038_218525,0
219038_112142,1
219038_132698,0
219038_291238,1
219038_281190,0
219039_91303,1
219039_144511,1
219039_42182,1
219039_132774,0
219039_32368,0
219039_161143,1
219041_148612,0
219041_84772,0
219041_253323,1
219041_134904,1
219041_212873,0
219041_38482,0
219042_29228,1
219042_160309,1
219042_195967,0
219042_44210,1
219042_245076,1
219042_141772,0
219043_7836,1
219043_128998,0
219043_53508,0
219043_273728,0
219043_247711,1
219043_9123,0
219044_248944,0
219044_187935,1
219044_111621,1
219044_107483,0
219044_4929,0
219044_29228,0
219047_43457,0
219047_180533,1
219047_24876,0
219047_17927,0
219047_48189,0
219047_25235,0
219049_282237,1
219049_226644,1
219049_282493,1
219049_133617,1
219049_284022,1
219049_206984,0
219054_217877,1
219054_26154,1
219054_65494,1
219054_248270,0
219054_127879,0
219054_17302,1
219055_288404,0
219055_122442,0
219055_32337,0
219055_170506,1
219055_67450,1
219055_192024,0
219056_190770,1
219056_179516,0
219056_34490,1
219056_29689,0
219056_289162,1
219056_101745,0
219058_171839,0
219058_290701,1
219058_21765,1
219058_281826,0
219058_45900,1
219058_128217,0
219064_267824,0
219064_118946,1
219064_258068,1
219064_273720,0
219064_149550,1
219064_202385,0
219065_271083,1
219065_251427,0
219065_87671,1
219065_278459,1
219065_235999,0
219065_199132,1
219066_32302,1
219066_122233,0
219066_105926,0
219066_48980,0
219066_134116,0
219066_130595,0
219070_202059,1
219070_137128,1
219070_182714,0
219070_129791,1
219070_268348,0
219070_148931,1
219071_226580,1
219071_30877,1
219071_62620,0
219071_162550,1
219071_279796,1
219071_130115,1
219074_53910,1
219074_61826,0
219074_55417,1
219074_92062,1
219074_264582,0
219074_185252,1
219075_50565,0
219075_21574,0
219075_169945,0
219075_231141,0
219075_237622,0
219075_7596,0
219077_123872,1
219077_175211,1
219077_152820,0
219077_94179,0
219077_192963,0
219077_270719,0
219079_293020,0
219079_89301,1
219079_161712,0
219079_201288,0
219079_26279,1
219079_20499,1
219080_258837,1
219080_289037,0
219080_161312,0
219080_150250,0
219080_28087,1
219080_1329,1
219081_105879,1
219081_180222,1
219081_103437,1
219081_81309,1
219081_245841,1
219081_124861,0
219082_160442,1
219082_293717,1
219082_48147,1
219082_182054,0
219082_34397,1
219082_168206,1
219086_150355,1
219086_163131,1
219086_132199,0
219086_133346,1
219086_163305,1
219086_260780,1
219090_214505,0
219090_109144,1
219090_18489,1
219090_26132,0
219090_291135,1
219090_274985,0
219091_158541,1
219091_53153,1
219091_134456,1
219091_244613,1
219091_95580,1
219091_80100,1
219092_151189,0
219092_114620,1
219092_228191,0
219092_282237,1
219092_271351,0
219092_186491,1
219093_269227,1
219093_192059,0
219093_10019,1
219093_111874,0
219093_208477,0
219093_49702,0
219094_262921,0
219094_163829,0
219094_121881,0
219094_80165,1
219094_18522,0
219094_111661,0
219096_120333,1
219096_189306,1
219096_137776,1
219096_159976,1
219096_233397,1
219096_24489,0
219097_269408,1
219097_225763,0
219097_253194,0
219097_66402,0
219097_286701,0
219097_116597,0
219106_180440,0
219106_50106,1
219106_230358,0
219106_190788,0
219106_65257,0
219106_64051,1
219108_188201,1
219108_210627,0
219108_48534,1
219108_4251,1
219108_168065,1
219108_139441,0
219113_265814,1
219113_198041,0
219113_244283,0
219113_104207,0
219113_291102,1
219113_265328,0
219115_276971,1
219115_32762,1
219115_267422,1
219115_220908,1
219115_73284,1
219115_48889,1
219121_225426,1
219121_204178,1
219121_198509,1
219121_296009,1
219121_238958,1
219121_31637,1
219122_242156,1
219122_38059,1
219122_137071,0
219122_157639,0
219122_254480,0
219122_253783,1
219123_228933,0
219123_171909,1
219123_126806,1
219123_240256,1
219123_261827,1
219123_57348,1
219124_137084,1
219124_123997,0
219124_52556,0
219124_72484,1
219124_91651,0
219124_231708,0
219125_126637,1
219125_284632,0
219125_125254,1
219125_45124,0
219125_199176,1
219125_4302,1
219127_220566,0
219127_224615,0
219127_65174,1
219127_268153,1
219127_287458,0
219127_234512,1
219129_9390,1
219129_292863,1
219129_258761,1
219129_130547,1
219129_241554,0
219129_279806,1
219131_222815,0
219131_3499,0
219131_9388,0
219131_234421,1
219131_137230,1
219131_76429,0
219135_39046,0
219135_172280,1
219135_290794,0
219135_126311,1
219135_252894,0
219135_37769,0
219138_29214,1
219138_12692,0
219138_257555,0
219138_46756,1
219138_140241,0
219138_191243,1
219140_49149,1
219140_66989,1
219140_104422,1
219140_251837,1
219140_219238,0
219140_1746,1
219141_22870,1
219141_163189,0
219141_60810,1
219141_107923,1
219141_201402,0
219141_69131,0
219142_176616,0
219142_13910,0
219142_18031,1
219142_293920,1
219142_41510,0
219142_82772,0
219147_40537,0
219147_13242,1
219147_277020,1
219147_243026,0
219147_29778,1
219147_12541,0
219148_295988,0
219148_76512,0
219148_189248,1
219148_152110,0
219148_207528,0
219148_172812,0
219150_44556,0
219150_73704,1
219150_93230,1
219150_280508,0
219150_170779,1
219150_48575,0
219154_141391,1
219154_129918,0
219154_268019,1
219154_152229,0
219154_169596,1
219154_41843,1
219157_213387,1
219157_76729,1
219157_285250,1
219157_3756,0
219157_97705,1
219157_278428,1
219158_30655,1
219158_94997,0
219158_53910,0
219158_209274,1
219158_151999,0
219158_279246,1
219160_268388,1
219160_51965,0
219160_201147,0
219160_100291,0
219160_102980,0
219160_154493,1
219165_128815,0
219165_228102,0
219165_34354,0
219165_160108,0
219165_172614,0
219165_68818,0
219167_256060,0
219167_99629,0
219167_242659,0
219167_116779,1
219167_29018,1
219167_214212,0
219168_118536,0
219168_196522,1
219168_165963,0
219168_181408,1
219168_181135,1
219168_245068,0
219173_46796,1
219173_120519,1
219173_219956,0
219173_27864,1
219173_3950,0
219173_141035,0
219176_219847,1
219176_144278,0
219176_124029,0
219176_81337,1
219176_80133,1
219176_294537,1
219180_1353,1
219180_157104,1
219180_111525,0
219180_125105,0
219180_202550,1
219180_68236,1
219183_195487,1
219183_218959,0
219183_44355,1
219183_115760,0
219183_216785,0
219183_65080,1
219184_11430,0
219184_138104,0
219184_113233,0
219184_171901,0
219184_63855,0
219184_123687,0
219187_5735,1
219187_130010,1
219187_130741,0
219187_46110,0
219187_197026,0
219187_173085,1
219189_184107,0
219189_93460,0
219189_28401,1
219189_71697,1
219189_251244,0
219189_87304,1
219190_99873,0
219190_268716,0
219190_241006,1
219190_87671,0
219190_185033,0
219190_73572,0
219191_140977,1
219191_18292,0
219191_224301,1
219191_245719,1
219191_117010,1
219191_143909,1
219194_215604,1
219194_27097,0
219194_13597,0
219194_131754,0
219194_235539,1
219194_256601,1
219199_95068,0
219199_266150,0
219199_229954,0
219199_217111,0
219199_262955,1
219199_220171,0
219202_25107,0
219202_105563,0
219202_89512,0
219202_5888,0
219202_244347,0
219202_147802,0
219203_267611,0
219203_142747,0
219203_33827,0
219203_240886,0
219203_242569,0
219203_14382,0
219204_289150,1
219204_210865,1
219204_157487,0
219204_233923,0
219204_220478,1
219204_59866,0
219207_185295,0
219207_157639,0
219207_228223,0
219207_70147,0
219207_169269,0
219207_92482,0
219208_17790,1
219208_179537,0
219208_261372,0
219208_110717,0
219208_245668,0
219208_170802,0
219209_166592,0
219209_268964,0
219209_202215,0
219209_242542,0
219209_183519,1
219209_22385,0
219210_130097,0
219210_171861,0
219210_222170,1
219210_264163,1
219210_49270,0
219210_49928,1
219211_189861,1
219211_17245,0
219211_212524,1
219211_184916,0
219211_253342,1
219211_101134,0
219212_250851,1
219212_269846,0
219212_248267,0
219212_55219,1
219212_233152,1
219212_146003,1
219213_18645,1
219213_156266,1
219213_96327,1
219213_214132,1
219213_171850,0
219213_156584,0
219214_224446,1
219214_134456,1
219214_172450,0
219214_88816,0
219214_283022,1
219214_280697,0
219217_207938,1
219217_267615,0
219217_241375,1
219217_86300,1
219217_100659,1
219217_172449,1
219218_227686,1
219218_108,0
219218_196292,0
219218_242066,1
219218_251653,1
219218_39672,1
219220_246219,1
219220_284294,1
219220_119006,0
219220_255324,0
219220_157914,1
219220_125669,0
219221_221056,0
219221_66927,0
219221_6982,0
219221_90221,1
219221_293667,1
219221_122769,0
219222_197975,1
219222_41356,0
219222_293785,0
219222_136273,1
219222_169325,0
219222_271061,1
219223_51523,0
219223_243606,1
219223_294154,1
219223_186043,1
219223_176242,1
219223_246494,1
219225_10079,0
219225_41838,0
219225_290850,0
219225_212225,0
219225_127948,1
219225_200797,1
219232_10062,0
219232_170037,0
219232_267742,0
219232_78544,0
219232_262799,1
219232_55247,1
219233_295883,0
219233_101360,1
219233_102270,1
219233_175250,1
219233_292716,1
219233_46905,1
219237_85083,0
219237_237000,0
219237_262921,0
219237_237703,0
219237_255065,0
219237_121777,0
219239_42159,1
219239_80141,0
219239_142425,0
219239_188352,0
219239_239571,0
219239_127015,0
219240_91459,1
219240_200313,1
219240_114240,1
219240_28325,1
219240_107901,0
219240_155463,1
219241_253461,0
219241_275691,1
219241_278821,1
219241_29189,1
219241_31828,1
219241_180229,1
219242_101871,1
219242_53964,1
219242_196345,1
219242_218525,1
219242_285687,1
219242_119715,1
219243_104050,1
219243_227720,1
219243_89775,1
219243_197897,1
219243_212986,1
219243_13641,1
219246_39762,0
219246_225974,1
219246_105070,0
219246_237367,1
219246_147763,0
219246_50473,1
219253_234741,1
219253_56811,1
219253_182941,0
219253_85663,0
219253_84462,1
219253_168943,0
219254_242110,1
219254_256840,1
219254_140692,1
219254_248622,1
219254_292181,1
219254_43644,0
219255_166980,0
219255_285618,0
219255_25469,0
219255_37343,0
219255_250639,1
219255_51299,1
219259_147466,1
219259_246593,1
219259_197652,0
219259_34084,1
219259_181994,0
219259_272432,1
219266_120734,1
219266_79682,0
219266_74714,1
219266_273581,1
219266_14348,1
219266_258801,0
219267_81061,1
219267_265106,1
219267_275559,0
219267_26097,1
219267_285027,0
219267_180674,0
219268_188655,0
219268_259510,1
219268_168677,1
219268_295907,0
219268_207103,1
219268_56841,1
219269_201358,0
219269_1343,0
219269_33908,0
219269_194073,1
219269_218715,0
219269_286499,1
219270_12038,0
219270_167657,1
219270_246007,0
219270_33094,0
219270_288475,1
219270_264548,1
219272_48882,0
219272_106062,1
219272_85777,0
219272_119709,0
219272_125971,0
219272_245693,0
219273_174669,1
219273_137128,1
219273_290150,1
219273_263712,1
219273_254195,0
219273_76629,0
219274_295317,0
219274_128292,0
219274_265392,0
219274_168264,0
219274_171306,0
219274_113634,1
219275_27989,0
219275_152899,0
219275_159686,1
219275_119237,0
219275_77193,0
219275_227514,0
219276_47591,0
219276_127195,1
219276_171869,1
219276_186239,1
219276_273399,1
219276_21895,0
219277_144247,0
219277_242681,1
219277_83093,0
219277_24896,1
219277_137585,1
219277_77246,0
219279_281750,0
219279_91861,0
219279_219545,0
219279_58374,0
219279_215036,0
219279_214717,0
219280_250897,1
219280_273082,0
219280_32906,0
219280_49162,1
219280_255307,1
219280_166959,1
219283_219431,1
219283_227036,1
219283_180124,1
219283_213544,1
219283_109937,1
219283_96710,1
219285_110928,1
219285_137694,0
219285_53302,0
219285_266912,1
219285_220182,1
219285_176916,1
219286_132159,1
219286_268069,0
219286_262955,1
219286_186256,1
219286_90326,1
219286_3996,1
219289_84622,0
219289_75423,0
219289_76211,0
219289_1653,0
219289_111346,1
219289_143913,0
219290_137079,0
219290_145256,1
219290_34503,0
219290_86266,0
219290_152346,0
219290_115793,1
219292_271097,1
219292_147802,1
219292_943,1
219292_294233,1
219292_172349,0
219292_6911,1
219295_255924,1
219295_275576,1
219295_106892,0
219295_219794,1
219295_4130,1
219295_253198,0
219296_53396,1
219296_280094,1
219296_272183,1
219296_41698,0
219296_155673,1
219296_188397,1
219298_255491,0
219298_61066,0
219298_152826,1
219298_129274,0
219298_77957,1
219298_78499,0
219300_195485,0
219300_129803,0
219300_134348,0
219300_103080,1
219300_229564,0
219300_81409,1
219302_19098,1
219302_148230,1
219302_218715,1
219302_233221,1
219302_105290,1
219302_200874,1
219306_156008,1
219306_288878,1
219306_275036,1
219306_141592,1
219306_72517,1
219306_89120,1
219308_91391,0
219308_126299,0
219308_113520,1
219308_34084,1
219308_26102,1
219308_228077,1
219311_290850,0
219311_107515,1
219311_118083,0
219311_221073,0
219311_237401,1
219311_104001,1
219314_90200,1
219314_44306,0
219314_177514,0
219314_5207,0
219314_84861,1
219314_236486,0
219317_255449,1
219317_209664,0
219317_66373,1
219317_242280,0
219317_151091,0
219317_100088,1
219318_45124,0
219318_4434,1
219318_51172,1
219318_86857,1
219318_72557,0
219318_262929,0
219319_214767,0
219319_41340,1
219319_245726,1
219319_15776,1
219319_185235,1
219319_225974,1
219324_231790,0
219324_281406,0
219324_28519,0
219324_268603,0
219324_52753,1
219324_213681,0
219328_244548,0
219328_241943,0
219328_251927,0
219328_255883,1
219328_285818,1
219328_273732,1
219330_124935,0
219330_226818,0
219330_166875,0
219330_82057,0
219330_265291,0
219330_295799,0
219334_108161,0
219334_224085,0
219334_56337,0
219334_160435,1
219334_220646,0
219334_251785,0
219337_265304,0
219337_165412,1
219337_3736,1
219337_288048,0
219337_14460,0
219337_21142,1
219338_179502,0
219338_124329,0
219338_73578,0
219338_59296,1
219338_156913,0
219338_77246,0
219339_2480,0
219339_243895,0
219339_185036,0
219339_248678,1
219339_243041,1
219339_239212,1
219341_177509,1
219341_203601,0
219341_90174,0
219341_120899,1
219341_266925,1
219341_5869,1
219342_174713,1
219342_58443,1
219342_282237,1
219342_42309,1
219342_74157,0
219342_166382,1
219344_251829,0
219344_134591,1
219344_126967,0
219344_167991,0
219344_222314,1
219344_37087,0
219345_1388,1
219345_1382,1
219345_77872,0
219345_79697,1
219345_85121,0
219345_216182,0
219346_89110,0
219346_239591,1
219346_262177,1
219346_260619,0
219346_38783,1
219346_104583,1
219347_32879,0
219347_219794,1
219347_6016,0
219347_6876,1
219347_34214,0
219347_55958,0
219348_295799,1
219348_205160,1
219348_256323,1
219348_114534,1
219348_95851,1
219348_103374,1
219358_97040,1
219358_194860,1
219358_221472,1
219358_22506,1
219358_242196,1
219358_57311,1
219360_156784,1
219360_287236,1
219360_178370,0
219360_31289,0
219360_12821,1
219360_79239,0
219363_65567,1
219363_58442,0
219363_275691,1
219363_28625,0
219363_270004,1
219363_66875,1
219365_226889,1
219365_14994,0
219365_209737,1
219365_244663,0
219365_197125,0
219365_235536,1
219367_176694,1
219367_180875,1
219367_225847,1
219367_34444,0
219367_121931,1
219367_264826,1
219368_130780,0
219368_46242,1
219368_41231,0
219368_84014,1
219368_264413,0
219368_136477,0
219371_193985,1
219371_225433,0
219371_122188,0
219371_186840,1
219371_262191,1
219371_263625,0
219375_221152,0
219375_259572,1
219375_262799,1
219375_244108,0
219375_212798,1
219375_242488,0
219378_108,1
219378_111501,1
219378_95709,0
219378_213105,0
219378_258686,1
219378_172876,0
219379_80725,0
219379_106125,1
219379_203836,1
219379_216956,1
219379_195839,1
219379_34597,0
219381_4603,0
219381_266940,1
219381_134375,0
219381_62906,1
219381_53183,1
219381_176980,0
219383_110764,0
219383_151118,0
219383_125703,1
219383_158121,1
219383_140880,0
219383_102493,1
219385_93266,0
219385_122912,0
219385_244904,1
219385_229818,1
219385_224322,0
219385_10003,0
219386_222470,0
219386_73524,1
219386_62265,1
219386_103712,1
219386_92575,0
219386_6128,0
219388_72818,1
219388_257520,1
219388_115702,1
219388_67570,0
219388_16746,0
219388_224696,1
219393_50411,0
219393_105887,0
219393_133679,0
219393_40741,1
219393_178513,1
219393_271003,1
219394_76966,0
219394_245721,0
219394_44916,0
219394_49494,1
219394_106333,0
219394_194256,0
219396_103375,0
219396_164745,0
219396_282720,1
219396_109303,0
219396_68248,0
219396_26244,1
219397_260846,0
219397_20067,0
219397_5030,1
219397_55992,1
219397_63431,0
219397_187241,1
219398_245658,1
219398_127990,0
219398_114634,1
219398_167303,0
219398_263438,0
219398_10422,1
219399_218326,0
219399_270530,1
219399_278805,1
219399_26556,0
219399_205676,1
219399_110276,0
219400_9240,1
219400_184718,0
219400_19314,0
219400_37657,1
219400_270411,1
219400_239850,0
219401_204836,0
219401_97418,1
219401_13151,0
219401_85084,0
219401_225026,1
219401_109853,0
219403_195668,1
219403_294604,0
219403_55,1
219403_270875,0
219403_252444,1
219403_141184,0
219404_3818,0
219404_231146,1
219404_259598,1
219404_143780,1
219404_185815,0
219404_241433,0
219407_156652,1
219407_225919,0
219407_85844,1
219407_195585,1
219407_198043,0
219407_7698,1
219412_7859,1
219412_125863,1
219412_56836,1
219412_43783,1
219412_158972,0
219412_261372,1
219416_195627,0
219416_94893,1
219416_18495,0
219416_278152,0
219416_152243,1
219416_112760,1
219418_79419,1
219418_166547,0
219418_124029,0
219418_19979,1
219418_219794,1
219418_248798,0
219422_163112,1
219422_196001,1
219422_159342,1
219422_141058,1
219422_135710,1
219422_239877,1
219425_63545,0
219425_147550,0
219425_75564,0
219425_69271,0
219425_183431,1
219425_232863,0
219426_97912,1
219426_275060,0
219426_187972,0
219426_232556,0
219426_28837,0
219426_51122,0
219427_212065,1
219427_71455,1
219427_200132,1
219427_149204,1
219427_88987,0
219427_166629,1
219430_242679,1
219430_30332,0
219430_70805,0
219430_7810,1
219430_262036,0
219430_247423,1
219431_203152,1
219431_176368,1
219431_108120,1
219431_213418,1
219431_185501,1
219431_240758,1
219432_93625,0
219432_107615,0
219432_261844,0
219432_96527,0
219432_286043,0
219432_74389,0
219434_145737,1
219434_131898,0
219434_221237,0
219434_35968,1
219434_61034,1
219434_220476,1
219435_66628,0
219435_231680,0
219435_228160,1
219435_205279,0
219435_223060,0
219435_225885,1
219438_219052,1
219438_215937,0
219438_46347,1
219438_147523,1
219438_55747,0
219438_57311,1
219439_102489,0
219439_200166,0
219439_104281,1
219439_259375,0
219439_180607,0
219439_11430,0
219442_101682,1
219442_87734,0
219442_228986,1
219442_48189,0
219442_72192,1
219442_190001,1
219443_8595,1
219443_217985,0
219443_18863,1
219443_223298,1
219443_292983,0
219443_220089,1
219446_243026,1
219446_123211,0
219446_31982,1
219446_165106,0
219446_39947,1
219446_13831,1
219448_152151,1
219448_258030,0
219448_91894,1
219448_76222,1
219448_254038,1
219448_234732,1
219452_222979,0
219452_3916,0
219452_92994,0
219452_72771,1
219452_21897,0
219452_89161,1
219454_282265,0
219454_281190,1
219454_129770,1
219454_131584,0
219454_112247,0
219454_30518,1
219455_78132,1
219455_85404,0
219455_293600,1
219455_126568,0
219455_32086,0
219455_244608,1
219456_188676,1
219456_244774,1
219456_12277,0
219456_281459,1
219456_156446,1
219456_13641,1
219460_7221,0
219460_225690,1
219460_63284,1
219460_257899,1
219460_286863,1
219460_209036,1
219461_231687,0
219461_74089,0
219461_247800,1
219461_200132,0
219461_69427,1
219461_9209,1
219467_135383,1
219467_250868,1
219467_194559,0
219467_207449,1
219467_22940,1
219467_269099,1
219468_261977,0
219468_91179,1
219468_28591,1
219468_1980,1
219468_254626,1
219468_137815,1
219469_161373,1
219469_180306,0
219469_221643,0
219469_96577,0
219469_133781,0
219469_82672,1
219470_279509,1
219470_10751,1
219470_163464,1
219470_25337,1
219470_98596,0
219470_86811,1
219473_266912,1
219473_106602,0
219473_175560,1
219473_218352,0
219473_173470,1
219473_45193,1
219474_42429,1
219474_156293,1
219474_23858,1
219474_187643,1
219474_211836,0
219474_248692,1
219475_114217,0
219475_295799,1
219475_184514,0
219475_254395,0
219475_51539,0
219475_37239,0
219477_124954,0
219477_233221,1
219477_141970,1
219477_173816,0
219477_100176,0
219477_253265,1
219478_31300,0
219478_229818,0
219478_77086,0
219478_257140,1
219478_79808,1
219478_95898,1
219479_250695,0
219479_74511,1
219479_242937,0
219479_114189,1
219479_291071,0
219479_90295,1
219484_26640,1
219484_274613,1
219484_211834,0
219484_268917,1
219484_135402,0
219484_101816,0
219485_134951,1
219485_223664,0
219485_61277,1
219485_217221,0
219485_282745,0
219485_244290,1
219487_45830,1
219487_127880,0
219487_91354,1
219487_115698,1
219487_271760,1
219487_60913,0
219488_7596,0
219488_60331,0
219488_153742,1
219488_131302,0
219488_144995,1
219488_76477,1
219490_33016,1
219490_255447,1
219490_139425,0
219490_149512,0
219490_254500,1
219490_219726,0
219491_113437,0
219491_282896,0
219491_117728,0
219491_102270,0
219491_269095,0
219491_242012,1
219500_29321,1
219500_61826,1
219500_244911,1
219500_36437,1
219500_205311,0
219500_111014,1
219509_188313,1
219509_153381,0
219509_176882,1
219509_136018,1
219509_262075,0
219509_293895,0
219511_100621,1
219511_273436,0
219511_100831,1
219511_219666,1
219511_74622,1
219511_150270,1
219515_267297,1
219515_120535,0
219515_125105,0
219515_111718,1
219515_264787,0
219515_19518,1
219518_245391,1
219518_206507,1
219518_183307,1
219518_9163,0
219518_47029,0
219518_268382,0
219520_229532,0
219520_102613,1
219520_251427,0
219520_56525,1
219520_24822,1
219520_88313,0
219521_261469,1
219521_52885,1
219521_108161,1
219521_202101,1
219521_240037,0
219521_86191,1
219522_125376,1
219522_185456,1
219522_94604,1
219522_97982,1
219522_261413,1
219522_150740,0
219524_213934,0
219524_161,0
219524_82734,1
219524_263281,0
219524_31714,1
219524_112344,1
219525_167476,1
219525_114705,1
219525_125383,1
219525_110928,1
219525_12756,1
219525_28958,1
219526_19115,1
219526_153606,1
219526_181408,1
219526_245277,0
219526_172050,1
219526_201402,0
219528_2924,0
219528_141871,1
219528_208744,0
219528_61183,1
219528_140669,1
219528_236399,0
219529_198927,1
219529_30176,0
219529_132037,0
219529_96916,1
219529_4695,0
219529_2529,0
219530_83127,1
219530_6629,0
219530_190496,0
219530_49832,0
219530_13796,1
219530_246923,1
219531_222485,1
219531_32753,1
219531_74714,1
219531_209371,1
219531_204172,1
219531_5869,1
219532_446,1
219532_285566,1
219532_145554,0
219532_213415,0
219532_259449,0
219532_244864,0
219533_9514,1
219533_54339,1
219533_55888,0
219533_96084,0
219533_252193,0
219533_99629,1
219534_191303,0
219534_33330,1
219534_31746,1
219534_98915,1
219534_128974,1
219534_109069,0
219538_131043,0
219538_265662,0
219538_252369,1
219538_52617,1
219538_253384,1
219538_285465,1
219542_271916,0
219542_129000,1
219542_151735,0
219542_94007,0
219542_136587,0
219542_32819,1
219548_198112,0
219548_1447,1
219548_22491,1
219548_295555,1
219548_200217,1
219548_192178,0
219550_96999,0
219550_150128,0
219550_93820,1
219550_137141,0
219550_133065,1
219550_237211,0
219552_174806,1
219552_58360,1
219552_33709,1
219552_247100,1
219552_96875,1
219552_35555,0
219553_114493,1
219553_203251,1
219553_76600,0
219553_133617,0
219553_121932,0
219553_212209,1
219556_22265,1
219556_158637,1
219556_91438,0
219556_21536,0
219556_137370,0
219556_284547,1
219562_229835,1
219562_87090,0
219562_139425,1
219562_277560,1
219562_46027,0
219562_271351,0
219564_146570,0
219564_275482,1
219564_98681,0
219564_3498,0
219564_67772,0
219564_154115,1
219566_247020,1
219566_224848,0
219566_76748,1
219566_29407,1
219566_99796,0
219566_44556,1
219573_247468,0
219573_280454,1
219573_180217,1
219573_89198,1
219573_257837,0
219573_281976,1
219574_240444,1
219574_18678,1
219574_164892,0
219574_4182,0
219574_270698,0
219574_237239,0
219575_34905,1
219575_246923,1
219575_3498,1
219575_150313,0
219575_186266,1
219575_150388,0
219576_167328,1
219576_244657,1
219576_71574,1
219576_166,1
219576_126692,1
219576_14426,1
219577_207401,1
219577_36093,0
219577_86831,0
219577_162286,1
219577_31836,0
219577_215394,0
219578_286803,0
219578_245310,0
219578_100522,0
219578_266329,0
219578_12542,0
219578_215223,0
219581_175560,0
219581_227532,0
219581_25635,0
219581_125210,1
219581_255065,1
219581_108183,0
219582_292576,0
219582_126581,1
219582_163631,1
219582_252750,1
219582_222845,1
219582_198517,0
219595_279480,0
219595_111155,1
219595_209165,1
219595_87678,0
219595_244496,0
219595_119824,0
219598_288878,1
219598_276615,1
219598_40015,1
219598_270004,1
219598_8244,1
219598_55618,1
219599_91533,1
219599_92532,1
219599_160262,1
219599_158583,1
219599_35580,1
219599_287911,0
219602_249742,0
219602_234432,1
219602_183592,1
219602_42639,1
219602_164778,0
219602_4833,0
219605_267157,1
219605_275953,0
219605_52572,1
219605_205094,0
219605_119027,1
219605_71685,1
219607_192441,0
219607_8289,0
219607_49889,0
219607_29988,0
219607_90722,0
219607_16374,0
219614_137626,0
219614_183431,1
219614_28872,1
219614_118642,1
219614_287452,0
219614_114804,0
219619_5471,0
219619_145039,1
219619_267632,1
219619_227368,0
219619_119532,1
219619_3062,1
219624_8186,1
219624_9970,0
219624_260711,1
219624_178423,1
219624_129684,1
219624_234047,1
219625_256819,1
219625_172006,1
219625_260610,1
219625_37154,1
219625_173257,0
219625_168065,1
219630_15405,0
219630_15955,0
219630_71465,1
219630_247925,0
219630_187063,0
219630_228562,0
219633_214856,0
219633_143582,0
219633_276189,0
219633_256831,0
219633_24817,0
219633_156112,0
219637_138243,0
219637_276160,0
219637_285250,0
219637_268974,0
219637_234652,0
219637_76711,0
219639_118948,1
219639_27767,1
219639_250557,1
219639_229916,1
219639_235119,0
219639_10628,0
219641_77907,0
219641_84758,0
219641_287671,1
219641_148101,0
219641_126704,0
219641_277976,0
219642_22560,1
219642_126448,1
219642_150707,1
219642_294590,0
219642_167873,0
219642_183243,1
219643_97201,0
219643_150618,1
219643_127369,1
219643_84099,1
219643_76477,1
219643_46756,1
219646_207666,1
219646_103443,1
219646_189775,1
219646_179828,1
219646_268877,0
219646_142770,1
219647_177780,0
219647_292124,1
219647_139312,1
219647_215519,0
219647_78910,1
219647_7655,1
219649_101368,1
219649_21424,1
219649_117128,1
219649_106832,0
219649_219534,0
219649_35370,0
219650_288019,1
219650_51205,0
219650_114656,0
219650_148843,1
219650_223992,0
219650_90026,1
219652_53295,1
219652_43031,1
219652_105450,1
219652_150534,0
219652_138156,0
219652_20538,1
219653_67019,0
219653_84511,0
219653_124029,0
219653_138535,1
219653_50047,1
219653_37154,0
219655_26762,1
219655_14357,0
219655_244528,1
219655_13109,0
219655_182307,0
219655_169310,1
219656_17745,1
219656_170098,1
219656_228343,1
219656_275666,1
219656_197791,1
219656_295565,1
219657_45650,1
219657_187847,1
219657_270636,1
219657_75566,1
219657_210965,1
219657_256922,1
219658_128250,1
219658_54239,1
219658_74118,0
219658_92874,0
219658_139386,1
219658_61744,1
219660_294251,1
219660_283327,0
219660_127563,0
219660_226077,1
219660_112763,0
219660_18674,1
219661_25297,0
219661_243378,1
219661_288882,0
219661_280508,1
219661_214995,1
219661_264201,0
219662_123803,1
219662_96298,1
219662_61539,0
219662_2129,0
219662_28271,0
219662_250381,1
219663_74215,1
219663_58443,1
219663_193532,0
219663_67496,1
219663_232937,1
219663_72300,1
219666_160632,1
219666_220766,0
219666_281406,0
219666_217485,1
219666_250054,1
219666_38633,0
219667_222999,1
219667_225562,1
219667_105045,0
219667_106482,1
219667_151735,1
219667_175800,1
219668_171901,0
219668_230358,0
219668_124712,0
219668_92591,0
219668_201326,0
219668_120968,0
219669_87519,0
219669_166729,1
219669_11225,1
219669_75401,1
219669_228294,1
219669_72374,1
219670_31487,0
219670_60278,1
219670_110276,1
219670_235658,0
219670_247788,1
219670_2088,1
219672_19922,0
219672_152064,1
219672_238108,0
219672_244283,0
219672_100597,0
219672_31129,1
219674_53839,0
219674_51465,1
219674_3597,0
219674_286336,0
219674_233073,1
219674_271267,0
219676_237989,1
219676_136137,1
219676_123620,0
219676_268900,0
219676_270832,0
219676_19615,1
219678_192349,1
219678_230811,1
219678_184515,0
219678_254781,0
219678_32601,1
219678_145124,0
219679_17271,1
219679_145554,1
219679_4634,0
219679_142715,0
219679_206259,1
219679_233123,1
219681_69736,0
219681_294537,0
219681_208905,0
219681_165759,0
219681_116354,0
219681_70306,0
219683_290136,0
219683_213584,1
219683_224550,0
219683_280675,1
219683_35854,0
219683_135223,1
219684_235252,0
219684_76045,1
219684_145856,0
219684_198231,0
219684_222997,1
219684_283022,1
219685_117750,1
219685_285976,0
219685_93839,0
219685_234370,0
219685_84816,0
219685_262723,1
219686_35632,0
219686_150329,1
219686_130747,0
219686_131425,1
219686_52660,0
219686_239100,0
219687_255916,1
219687_142205,1
219687_178563,1
219687_55219,1
219687_177116,1
219687_196621,1
219689_149859,1
219689_125944,1
219689_244732,1
219689_38287,1
219689_166592,0
219689_187994,0
219690_42887,1
219690_24472,1
219690_214098,0
219690_268423,0
219690_89553,0
219690_199112,1
219692_143565,1
219692_97206,1
219692_156832,1
219692_237679,1
219692_249778,1
219692_170214,0
219693_143570,1
219693_208336,0
219693_276208,1
219693_268462,1
219693_115913,1
219693_127220,0
219697_63454,0
219697_291238,0
219697_48189,0
219697_201149,0
219697_242253,0
219697_289593,1
219703_27929,0
219703_217548,0
219703_203127,0
219703_117889,1
219703_212592,1
219703_54677,1
219704_94498,1
219704_228117,1
219704_47528,1
219704_225562,0
219704_5205,1
219704_47641,1
219710_34803,0
219710_236775,1
219710_218301,1
219710_171227,1
219710_118574,1
219710_51101,1
219713_84824,0
219713_189832,0
219713_105049,0
219713_21593,0
219713_52670,1
219713_92062,1
219714_155036,0
219714_259103,1
219714_278582,1
219714_271692,0
219714_100010,0
219714_193887,1
219715_60285,1
219715_76392,1
219715_170578,1
219715_256248,1
219715_261720,0
219715_251902,1
219717_166618,1
219717_230358,1
219717_287712,1
219717_130771,1
219717_144463,0
219717_126097,1
219718_30742,1
219718_14207,1
219718_262177,0
219718_277175,0
219718_39693,1
219718_294134,0
219722_230068,1
219722_196327,0
219722_225690,0
219722_155837,1
219722_275161,1
219722_257564,1
219726_288009,1
219726_220927,1
219726_48954,1
219726_55949,1
219726_161474,0
219726_290429,0
219728_17882,1
219728_46091,1
219728_6173,1
219728_252291,0
219728_245668,1
219728_213415,1
219729_277360,1
219729_209302,0
219729_81309,0
219729_133246,0
219729_78123,0
219729_12095,0
219736_61758,0
219736_175622,1
219736_64238,0
219736_42375,1
219736_113437,1
219736_87671,1
219737_148821,1
219737_128008,0
219737_188718,0
219737_21473,0
219737_99246,1
219737_287047,1
219743_173734,1
219743_91408,0
219743_181266,0
219743_75681,1
219743_109605,0
219743_219500,0
219745_56551,0
219745_192375,1
219745_137227,0
219745_202784,0
219745_166444,0
219745_97537,1
219750_294991,0
219750_72196,0
219750_134106,0
219750_260175,0
219750_166203,0
219750_269648,0
219751_57625,0
219751_291146,1
219751_287649,0
219751_270864,1
219751_185954,0
219751_19010,0
219752_199122,1
219752_239591,0
219752_223550,1
219752_54787,0
219752_15573,1
219752_246069,1
219755_120643,1
219755_27623,0
219755_94706,0
219755_100341,1
219755_73157,1
219755_224228,0
219757_239519,0
219757_135850,0
219757_98955,0
219757_81801,0
219757_86427,0
219757_116566,1
219759_46036,1
219759_66859,1
219759_246219,1
219759_76980,1
219759_17882,1
219759_14306,0
219764_196307,1
219764_158436,0
219764_243535,1
219764_112582,1
219764_148596,0
219764_274196,0
219770_178421,0
219770_86733,1
219770_7284,1
219770_201452,0
219770_70188,1
219770_103410,1
219771_47881,0
219771_222901,0
219771_242097,0
219771_32185,1
219771_126532,0
219771_122380,1
219772_234247,0
219772_85642,0
219772_36846,0
219772_197897,0
219772_255048,0
219772_76680,0
219773_195668,1
219773_1414,1
219773_81154,0
219773_171353,1
219773_242397,1
219773_4738,0
219774_277321,0
219774_234722,0
219774_11744,0
219774_158554,0
219774_164626,1
219774_233529,1
219779_189766,1
219779_160826,1
219779_121934,1
219779_64971,0
219779_154872,1
219779_187488,0
219781_84539,1
219781_199233,0
219781_169308,1
219781_253129,1
219781_200107,0
219781_175959,0
219785_27929,0
219785_244947,1
219785_187117,1
219785_126448,1
219785_229304,0
219785_113233,0
219786_89626,0
219786_225174,0
219786_218715,0
219786_55222,0
219786_159037,0
219786_9514,0
219787_245636,1
219787_174984,0
219787_151735,0
219787_170926,1
219787_59559,1
219787_20460,1
219793_106788,1
219793_212592,0
219793_253198,0
219793_225040,1
219793_125958,1
219793_190669,1
219794_221116,0
219794_64402,0
219794_271351,1
219794_188201,1
219794_249121,1
219794_14509,0
219797_207890,0
219797_135356,0
219797_89212,1
219797_51525,1
219797_74017,0
219797_55085,1
219798_23137,0
219798_149346,1
219798_264896,1
219798_288720,1
219798_34930,1
219798_161137,0
219799_209716,1
219799_103666,0
219799_195348,0
219799_209948,1
219799_155703,1
219799_239284,1
219802_137237,1
219802_169061,0
219802_176242,0
219802_24050,1
219802_291513,1
219802_59775,1
219806_119451,1
219806_168194,1
219806_291091,0
219806_22728,1
219806_95547,0
219806_92413,0
219809_264207,0
219809_89164,0
219809_212331,0
219809_60285,1
219809_27571,0
219809_66439,0
219813_1158,1
219813_211872,0
219813_222199,0
219813_65293,0
219813_270469,1
219813_35249,0
219816_249717,0
219816_165544,0
219816_12970,1
219816_185407,0
219816_76135,1
219816_288271,1
219817_272763,1
219817_211834,0
219817_259720,1
219817_184280,0
219817_252133,0
219817_101201,1
219818_156584,1
219818_16662,1
219818_164789,1
219818_295833,0
219818_2066,1
219818_95129,0
219820_168855,0
219820_203422,1
219820_287168,0
219820_72975,1
219820_163568,0
219820_187847,1
219823_167873,1
219823_128648,1
219823_218339,1
219823_24050,1
219823_209757,1
219823_145863,1
219826_277008,1
219826_131564,0
219826_227283,1
219826_264901,0
219826_286616,0
219826_39388,1
219828_189214,0
219828_92064,0
219828_190154,1
219828_103870,1
219828_102636,0
219828_207961,1
219829_292863,1
219829_154323,1
219829_12003,1
219829_257520,1
219829_198707,1
219829_219532,1
219834_195223,1
219834_44146,0
219834_263828,1
219834_17732,0
219834_282297,1
219834_101494,1
219835_5678,0
219835_8565,1
219835_12061,1
219835_85795,1
219835_80864,0
219835_30325,0
219836_58433,1
219836_101871,1
219836_291437,1
219836_34407,1
219836_223164,1
219836_267422,1
219841_280405,1
219841_7740,1
219841_289855,1
219841_226754,1
219841_157116,1
219841_46541,0
219849_1864,1
219849_70985,1
219849_106061,1
219849_1086,0
219849_281818,0
219849_138914,0
219858_137720,1
219858_71500,0
219858_121932,1
219858_150048,1
219858_30378,1
219858_94222,0
219859_197338,1
219859_260872,1
219859_271045,1
219859_35455,1
219859_239498,1
219859_179324,0
219860_31836,0
219860_29636,0
219860_53184,0
219860_3413,1
219860_180229,1
219860_205329,0
219862_154393,0
219862_183955,0
219862_30048,1
219862_114543,0
219862_295158,1
219862_102980,0
219863_105563,0
219863_216754,0
219863_229577,1
219863_234732,1
219863_272645,0
219863_175250,0
219864_137670,1
219864_202274,0
219864_242077,1
219864_152941,0
219864_285196,0
219864_109658,1
219866_275729,1
219866_97933,0
219866_225847,1
219866_242102,0
219866_52670,1
219866_234091,1
219867_284020,1
219867_234884,1
219867_271100,1
219867_121584,0
219867_269227,1
219867_193925,0
219870_634,1
219870_98528,1
219870_59623,0
219870_279900,1
219870_29189,1
219870_274978,1
219873_272851,1
219873_202787,1
219873_121931,1
219873_109151,1
219873_77221,1
219873_207752,0
219874_270760,0
219874_148053,0
219874_87505,1
219874_242939,0
219874_285472,0
219874_206677,0
219875_14549,1
219875_180875,0
219875_206310,0
219875_125432,1
219875_99958,1
219875_288689,0
219876_276760,0
219876_18486,1
219876_240094,1
219876_73557,1
219876_254195,0
219876_192114,0
219877_70122,0
219877_89155,0
219877_110276,0
219877_92994,0
219877_82796,1
219877_242613,1
219879_10867,0
219879_230737,0
219879_50631,1
219879_147450,1
219879_42334,1
219879_201402,1
219880_230677,1
219880_138826,1
219880_287260,1
219880_125720,0
219880_119532,0
219880_231363,0
219884_65139,1
219884_256740,0
219884_206463,1
219884_56811,1
219884_136018,0
219884_220566,1
219887_99542,0
219887_55747,0
219887_195439,1
219887_167656,1
219887_22451,0
219887_254154,0
219888_135624,1
219888_168652,1
219888_133421,1
219888_65224,0
219888_252703,0
219888_206582,0
219889_280775,0
219889_97913,1
219889_273520,1
219889_66821,0
219889_191060,0
219889_261565,1
219891_168462,1
219891_53736,1
219891_233293,1
219891_115095,1
219891_32762,1
219891_20155,1
219896_178939,0
219896_124359,0
219896_51547,1
219896_74765,1
219896_98748,1
219896_28355,1
219897_166959,1
219897_216902,1
219897_87297,1
219897_118114,0
219897_261228,0
219897_61949,1
219899_125502,1
219899_126704,0
219899_286452,1
219899_217411,1
219899_154768,0
219899_277289,1
219901_18067,1
219901_45668,1
219901_118311,1
219901_96522,1
219901_173887,1
219901_244475,0
219903_221086,1
219903_79073,1
219903_147318,1
219903_214212,1
219903_63982,0
219903_182968,1
219905_41698,0
219905_238638,0
219905_224076,1
219905_118623,0
219905_208418,1
219905_283022,1
219908_282104,1
219908_47025,1
219908_150766,1
219908_78278,0
219908_142704,0
219908_225964,0
219913_48707,1
219913_75469,1
219913_182869,1
219913_163853,1
219913_58604,0
219913_227414,0
219914_21220,0
219914_239573,0
219914_225105,0
219914_2073,1
219914_281582,0
219914_157691,1
219922_55291,0
219922_129467,1
219922_237892,0
219922_242749,1
219922_135239,0
219922_83381,0
219923_195465,1
219923_106788,0
219923_275379,0
219923_267297,1
219923_38321,0
219923_152674,1
219924_89318,1
219924_61481,1
219924_65913,1
219924_235558,0
219924_255003,0
219924_263418,0
219926_139764,1
219926_159936,1
219926_281825,1
219926_159782,1
219926_245984,1
219926_52044,1
219929_148770,1
219929_31122,1
219929_154016,1
219929_96958,0
219929_5641,0
219929_181299,1
219930_135562,1
219930_242665,0
219930_212633,0
219930_272597,1
219930_20819,0
219930_252457,1
219934_225847,1
219934_266424,0
219934_244729,1
219934_131564,0
219934_57158,0
219934_282197,1
219937_19092,0
219937_72035,1
219937_111724,1
219937_54683,1
219937_146981,1
219937_268787,1
219941_134456,1
219941_153089,1
219941_246598,1
219941_168652,1
219941_52572,1
219941_130807,1
219942_182000,0
219942_222351,0
219942_31746,1
219942_77130,0
219942_158665,1
219942_164728,1
219949_16725,0
219949_218301,0
219949_268974,1
219949_175274,0
219949_291653,0
219949_10133,1
219964_141772,1
219964_5869,1
219964_191282,0
219964_36641,0
219964_153606,0
219964_78495,0
219969_184702,0
219969_79922,0
219969_260330,1
219969_71375,0
219969_150670,1
219969_266856,1
219970_187467,0
219970_248575,0
219970_163317,1
219970_56154,1
219970_75391,1
219970_100915,0
219971_220703,1
219971_286863,1
219971_181408,0
219971_149128,1
219971_291128,1
219971_13495,1
219972_64276,0
219972_147840,1
219972_19138,0
219972_31663,0
219972_255320,1
219972_2129,1
219975_77120,0
219975_204791,1
219975_48882,1
219975_226576,0
219975_48584,1
219975_129031,0
219976_102547,1
219976_87505,1
219976_77818,1
219976_288580,1
219976_142781,1
219976_147800,1
219978_205149,1
219978_148978,1
219978_238633,1
219978_246970,0
219978_162092,1
219978_133701,1
219979_71004,0
219979_135875,1
219979_98748,1
219979_169596,1
219979_36803,0
219979_245674,0
219981_162634,1
219981_36994,0
219981_20818,1
219981_96366,0
219981_13070,1
219981_92035,1
219983_93820,1
219983_266657,1
219983_232780,1
219983_192214,1
219983_205714,1
219983_12061,1
219985_102925,0
219985_116510,0
219985_102716,0
219985_248700,0
219985_231859,0
219985_59838,1
219988_75977,0
219988_151520,0
219988_2129,1
219988_95503,1
219988_171609,1
219988_193614,0
219989_42605,0
219989_190001,1
219989_116413,0
219989_201288,1
219989_114700,0
219989_103118,0
219990_77339,0
219990_45122,1
219990_69178,1
219990_249701,1
219990_171902,1
219990_86709,1
219991_54694,0
219991_116166,0
219991_17790,1
219991_81561,1
219991_269614,0
219991_51081,1
219995_283354,1
219995_167345,1
219995_69611,0
219995_253231,1
219995_236122,0
219995_3453,0
220001_274461,1
220001_163665,0
220001_204738,1
220001_58360,0
220001_31300,1
220001_241331,0
220002_14640,0
220002_133293,0
220002_260484,1
220002_103228,1
220002_268716,0
220002_251621,0
220004_255434,0
220004_145532,0
220004_236750,1
220004_178017,0
220004_121745,1
220004_287260,1
220006_273747,1
220006_150618,0
220006_105306,1
220006_147466,1
220006_183047,1
220006_121263,0
220007_55252,1
220007_61050,0
220007_249919,1
220007_49490,0
220007_10800,1
220007_128541,1
220010_74024,1
220010_274174,0
220010_36721,1
220010_157148,0
220010_145607,1
220010_116401,1
220013_29228,1
220013_109969,1
220013_17477,0
220013_120891,0
220013_269227,1
220013_71919,1
220016_262221,0
220016_106062,0
220016_136736,1
220016_89364,1
220016_123579,0
220016_43564,0
220018_38704,1
220018_218916,1
220018_292211,0
220018_196258,1
220018_202331,1
220018_284662,0
220021_170664,0
220021_187494,1
220021_61104,1
220021_35669,0
220021_40543,1
220021_33195,1
220024_68236,0
220024_147044,1
220024_243041,0
220024_50193,1
220024_24050,1
220024_270004,0
220025_129091,0
220025_6972,0
220025_42623,0
220025_72591,1
220025_185369,0
220025_294724,1
220027_276334,1
220027_200432,1
220027_73208,1
220027_200057,1
220027_278149,0
220027_191204,1
220028_220832,1
220028_19873,0
220028_186068,1
220028_109151,1
220028_199905,0
220028_200497,0
220032_53354,1
220032_8162,0
220032_102127,0
220032_125926,0
220032_113620,0
220032_172544,0
220034_83093,0
220034_21556,0
220034_83032,1
220034_134958,1
220034_96894,0
220034_244338,0
220038_159158,1
220038_197997,1
220038_67942,1
220038_255065,1
220038_59844,1
220038_56425,1
220040_152820,1
220040_24426,1
220040_94441,1
220040_140334,1
220040_73557,1
220040_73637,1
220044_220317,0
220044_247662,1
220044_216497,0
220044_239100,0
220044_266933,1
220044_193672,1
220050_295894,0
220050_223856,1
220050_254299,1
220050_210321,1
220050_92064,1
220050_23793,0
220051_185629,1
220051_50411,1
220051_213433,1
220051_150748,1
220051_268498,0
220051_134774,0
220052_220927,0
220052_257837,1
220052_219294,0
220052_34397,0
220052_14306,1
220052_210165,1
220053_184629,0
220053_272140,1
220053_83157,0
220053_134633,1
220053_207637,0
220053_281318,1
220055_179979,1
220055_92994,0
220055_149391,0
220055_13543,1
220055_148502,0
220055_208817,0
220059_68647,1
220059_267338,0
220059_124587,1
220059_272942,0
220059_126615,1
220059_138683,0
220060_54982,1
220060_289919,1
220060_224794,0
220060_70740,1
220060_230811,1
220060_48632,0
220075_230856,1
220075_269974,0
220075_215325,0
220075_177205,1
220075_45864,1
220075_192250,1
220083_98681,0
220083_285630,0
220083_98633,0
220083_80400,0
220083_202648,1
220083_176099,1
220084_143463,1
220084_258398,0
220084_192536,1
220084_131302,1
220084_63855,0
220084_53767,1
220086_273801,0
220086_189854,1
220086_102073,1
220086_212226,0
220086_268347,1
220086_290067,0
220087_50802,1
220087_27608,1
220087_210679,0
220087_21895,0
220087_288928,0
220087_140935,0
220089_163508,0
220089_146575,0
220089_245548,0
220089_70119,0
220089_266143,0
220089_191023,0
220091_226320,0
220091_188684,1
220091_62302,1
220091_145655,0
220091_56360,1
220091_181,0
220092_116597,1
220092_200599,1
220092_30299,1
220092_89164,0
220092_169445,1
220092_71148,0
220096_271193,0
220096_116597,0
220096_180093,1
220096_1139,0
220096_30979,0
220096_237561,1
220097_91475,1
220097_35669,1
220097_178134,1
220097_271459,0
220097_115550,1
220097_82813,0
220103_185903,1
220103_70213,1
220103_254626,1
220103_21229,0
220103_13641,1
220103_288575,0
220107_196860,1
220107_187378,1
220107_274091,0
220107_260801,0
220107_113702,1
220107_61874,1
220108_122405,0
220108_67881,1
220108_198712,0
220108_40995,0
220108_46269,1
220108_294867,1
220110_264582,1
220110_215995,1
220110_126615,1
220110_163853,1
220110_260175,1
220110_214505,1
220114_55327,1
220114_141970,0
220114_17734,0
220114_18033,1
220114_35319,1
220114_97763,1
220115_182289,1
220115_106044,0
220115_93216,1
220115_218525,1
220115_16367,0
220115_151940,0
220117_65807,1
220117_79655,1
220117_103181,1
220117_18067,1
220117_153565,1
220117_97586,0
220121_133601,0
220121_42775,0
220121_181401,0
220121_94531,0
220121_254204,0
220121_103080,0
220125_136173,0
220125_280507,0
220125_208761,1
220125_210630,0
220125_197099,1
220125_229716,1
220132_151401,0
220132_43672,1
220132_74622,1
220132_231913,1
220132_66550,0
220132_207202,0
220133_74021,0
220133_185191,0
220133_163189,1
220133_46063,1
220133_131453,1
220133_154323,1
220134_295741,0
220134_7715,1
220134_203522,1
220134_186327,0
220134_129207,1
220134_17102,0
220138_278582,1
220138_133065,1
220138_234228,0
220138_183591,1
220138_251316,0
220138_266716,0
220139_49962,0
220139_129022,1
220139_145258,0
220139_5844,1
220139_232322,0
220139_104207,1
220141_12008,1
220141_101620,0
220141_226094,0
220141_8455,0
220141_255698,0
220141_97189,1
220146_198319,0
220146_63996,0
220146_214776,1
220146_289099,0
220146_257749,1
220146_145668,1
220149_96378,1
220149_209371,1
220149_205533,0
220149_8673,0
220149_45553,1
220149_227364,1
220152_287012,1
220152_266382,1
220152_103190,1
220152_156898,0
220152_234708,1
220152_234661,0
220153_285483,1
220153_30243,1
220153_174639,0
220153_126464,0
220153_82454,1
220153_187714,0
220154_225426,1
220154_146031,1
220154_267642,1
220154_220786,0
220154_239394,1
220154_193003,1
220157_272117,0
220157_120929,0
220157_251164,0
220157_145988,0
220157_81986,0
220157_251289,0
220158_273996,1
220158_179378,0
220158_105893,1
220158_257260,0
220158_19596,1
220158_152245,0
220159_257708,0
220159_187662,1
220159_200803,0
220159_249000,1
220159_76841,1
220159_132263,0
220161_111521,0
220161_31403,0
220161_207684,0
220161_232343,0
220161_293496,0
220161_210227,0
220162_113682,1
220162_113903,1
220162_133315,1
220162_107959,1
220162_36608,0
220162_54720,1
220165_209647,1
220165_248267,1
220165_276061,1
220165_20747,1
220165_93036,1
220165_121299,1
220168_117929,0
220168_36002,0
220168_5886,1
220168_283814,1
220168_296042,1
220168_66859,0
220171_287358,1
220171_34422,0
220171_180366,0
220171_181408,1
220171_130097,1
220171_159637,1
220172_39623,0
220172_292490,1
220172_128557,0
220172_233803,1
220172_92995,1
220172_245984,1
220175_276276,0
220175_113252,0
220175_5844,0
220175_103181,1
220175_183230,1
220175_267651,1
220178_247116,0
220178_222763,0
220178_20895,1
220178_115069,1
220178_49264,1
220178_163833,0
220180_55290,1
220180_81364,1
220180_188781,1
220180_49926,0
220180_173538,0
220180_247222,1
220181_261578,0
220181_243041,1
220181_178356,1
220181_215339,1
220181_112760,1
220181_66153,0
220182_79147,1
220182_137615,1
220182_215676,1
220182_20968,1
220182_55777,0
220182_176004,1
220185_172798,1
220185_122500,0
220185_271030,1
220185_50179,0
220185_165318,0
220185_71685,1
220188_185826,1
220188_124080,1
220188_155105,1
220188_278821,1
220188_210352,1
220188_133123,1
220190_151928,0
220190_104064,1
220190_54478,1
220190_253358,1
220190_122617,1
220190_129649,1
220191_131109,1
220191_196657,1
220191_216617,0
220191_108612,0
220191_197725,0
220191_26956,1
220192_173538,0
220192_225847,0
220192_36734,0
220192_106094,0
220192_7797,1
220192_177523,0
220193_156050,1
220193_187460,1
220193_109927,1
220193_139860,1
220193_11115,0
220193_2538,1
220196_271159,1
220196_277154,0
220196_262421,0
220196_105061,0
220196_231141,0
220196_187117,0
220197_110543,0
220197_39787,0
220197_235427,1
220197_168855,1
220197_185119,0
220197_50193,1
220201_283022,0
220201_55361,0
220201_80590,0
220201_220928,0
220201_136820,0
220201_73557,0
220208_18967,1
220208_40617,1
220208_124387,1
220208_247816,1
220208_198589,0
220208_81364,1
220209_134180,0
220209_198105,1
220209_181711,1
220209_60074,1
220209_127844,1
220209_195040,0
220210_73779,0
220210_250753,1
220210_129904,1
220210_291752,1
220210_228687,0
220210_249578,0
220211_16579,1
220211_143033,1
220211_67492,1
220211_100076,1
220211_94498,1
220211_17302,1
220212_260905,1
220212_279521,1
220212_147466,0
220212_44368,1
220212_71407,1
220212_281141,1
220213_54154,1
220213_214221,1
220213_145910,1
220213_259522,0
220213_181272,0
220213_291396,1
220214_180476,0
220214_185330,0
220214_108969,0
220214_55871,1
220214_127568,1
220214_105694,0
220216_18993,0
220216_8669,0
220216_49211,1
220216_131375,0
220216_94915,1
220216_173257,1
220218_113219,0
220218_152820,0
220218_293444,1
220218_110983,1
220218_221221,1
220218_293276,0
220220_26716,1
220220_188676,0
220220_262955,0
220220_60011,1
220220_31765,0
220220_101464,1
220226_71012,0
220226_12849,0
220226_265874,1
220226_206786,1
220226_166193,0
220226_273619,1
220228_92147,1
220228_194060,0
220228_231093,0
220228_250816,0
220228_78003,0
220228_208564,0
220233_182924,0
220233_214172,0
220233_169538,1
220233_80916,1
220233_248421,1
220233_203224,1
220235_295221,1
220235_161398,1
220235_191403,0
220235_171353,0
220235_240368,0
220235_13390,1
220239_223859,0
220239_31341,1
220239_269227,1
220239_54217,0
220239_169110,0
220239_38990,0
220241_42375,1
220241_225319,1
220241_56154,0
220241_108161,1
220241_153624,0
220241_131789,0
220244_133372,0
220244_191123,1
220244_148822,1
220244_12470,1
220244_144357,0
220244_151934,1
220246_273540,0
220246_251862,1
220246_253,0
220246_292185,0
220246_43031,0
220246_153424,1
220247_270004,1
220247_146570,1
220247_41950,0
220247_206473,0
220247_58443,0
220247_254092,0
220249_97418,0
220249_125874,1
220249_131564,1
220249_212091,1
220249_9024,0
220249_97069,1
220250_194235,1
220250_86733,1
220250_226842,1
220250_96522,1
220250_41735,1
220250_150250,1
220251_66250,0
220251_101883,0
220251_17912,0
220251_98034,1
220251_257730,0
220251_212362,1
220255_100486,0
220255_38543,1
220255_83093,0
220255_172333,0
220255_24685,0
220255_70997,1
220257_217185,1
220257_94258,1
220257_169120,0
220257_241546,1
220257_294892,0
220257_264901,0
220259_292079,1
220259_216947,1
220259_163570,1
220259_263828,0
220259_157129,1
220259_45223,1
220261_39013,1
220261_184785,1
220261_179201,1
220261_139274,0
220261_134116,1
220261_290236,0
220262_59775,1
220262_123687,0
220262_262921,1
220262_102231,0
220262_145554,1
220262_276120,0
220265_39284,0
220265_39252,1
220265_96346,1
220265_101195,0
220265_191269,0
220265_270787,1
220267_292770,1
220267_202942,1
220267_153854,1
220267_99343,1
220267_226064,0
220267_111746,1
220271_249638,1
220271_104287,1
220271_160238,0
220271_235341,1
220271_1835,1
220271_44380,1
220273_132076,1
220273_285322,1
220273_204867,1
220273_111189,1
220273_248267,1
220273_197133,1
220274_38912,0
220274_284835,0
220274_190914,1
220274_186266,0
220274_39934,1
220274_104783,1
220276_95243,1
220276_83856,1
220276_135348,1
220276_126976,1
220276_186920,1
220276_192,1
220280_132423,1
220280_162749,1
220280_191403,1
220280_77626,1
220280_192550,0
220280_159919,0
220281_213607,1
220281_11695,1
220281_17302,1
220281_90163,1
220281_230358,1
220281_245668,0
220285_17790,1
220285_281937,1
220285_170175,1
220285_104981,1
220285_64197,1
220285_5203,0
220286_66330,1
220286_143817,1
220286_159334,1
220286_257913,1
220286_45821,1
220286_172949,0
220288_225208,0
220288_47008,1
220288_271560,0
220288_229894,0
220288_238082,0
220288_295703,0
220293_153565,1
220293_199358,1
220293_126753,1
220293_292863,1
220293_272638,1
220293_48366,1
220296_16972,1
220296_169945,0
220296_149337,1
220296_284211,1
220296_128292,1
220296_269227,1
220297_287896,0
220297_213449,0
220297_146385,0
220297_288179,1
220297_212284,1
220297_1216,1
220299_131585,0
220299_195921,0
220299_139312,0
220299_62708,0
220299_83093,0
220299_5376,0
220304_205603,1
220304_112694,0
220304_275700,1
220304_286863,0
220304_63542,0
220304_236989,1
220305_149976,1
220305_49155,0
220305_157256,1
220305_52855,1
220305_116046,0
220305_1864,1
220306_227797,1
220306_45150,0
220306_117790,0
220306_176301,0
220306_136563,0
220306_209541,0
220312_131921,1
220312_285672,0
220312_136848,1
220312_278744,0
220312_71685,1
220312_149850,0
220314_214768,0
220314_65451,0
220314_255658,1
220314_154016,1
220314_23845,0
220314_168072,0
220317_3939,1
220317_37517,1
220317_266382,1
220317_73312,0
220317_76149,1
220317_155101,0
220319_48588,1
220319_230910,1
220319_293134,0
220319_255238,0
220319_43564,1
220319_215325,1
220320_62057,1
220320_126948,1
220320_82197,0
220320_97647,0
220320_251902,0
220320_213636,0
220323_98437,1
220323_205349,0
220323_189328,1
220323_91740,1
220323_81571,0
220323_38015,0
220326_236536,1
220326_226434,0
220326_78278,1
220326_52454,1
220326_126869,0
220326_41723,1
220327_146909,0
220327_112760,1
220327_147855,0
220327_226946,1
220327_94220,1
220327_232937,0
220333_158796,0
220333_280405,1
220333_146263,1
220333_61277,1
220333_217114,0
220333_38287,0
220336_163833,1
220336_128307,1
220336_149710,1
220336_261695,1
220336_153291,1
220336_25472,0
220337_107922,0
220337_167292,0
220337_254868,0
220337_70637,1
220337_91499,1
220337_291985,1
220342_181447,0
220342_226580,0
220342_18772,0
220342_128662,0
220342_215339,0
220342_251022,0
220349_48624,1
220349_264789,0
220349_13021,1
220349_55219,1
220349_200166,0
220349_149473,0
220350_143576,0
220350_21197,1
220350_55166,1
220350_124386,1
220350_203422,1
220350_243655,1
220351_224824,1
220351_191995,0
220351_37047,1
220351_136050,1
220351_267744,0
220351_237993,1
220353_199777,1
220353_211368,1
220353_213252,0
220353_286426,1
220353_130276,0
220353_209591,0
220354_260938,0
220354_105140,0
220354_108137,1
220354_75361,1
220354_137197,0
220354_247077,1
220361_144357,0
220361_114730,0
220361_76787,1
220361_159480,1
220361_208656,1
220361_12572,1
220362_216012,1
220362_53505,0
220362_255992,0
220362_186266,1
220362_69279,1
220362_236069,0
220365_100342,0
220365_292856,0
220365_286426,0
220365_274931,0
220365_83185,0
220365_1769,0
220367_158586,0
220367_15596,1
220367_224508,0
220367_32185,1
220367_178024,0
220367_173137,1
220370_19543,1
220370_52572,1
220370_44706,0
220370_135173,0
220370_49244,1
220370_255897,0
220373_110705,1
220373_201628,0
220373_3560,1
220373_160492,1
220373_8260,1
220373_57386,1
220375_70318,0
220375_206875,1
220375_161708,1
220375_98284,0
220375_153203,1
220375_199535,0
220376_169511,0
220376_4836,1
220376_271252,1
220376_86197,1
220376_244283,1
220376_5030,0
220377_5865,0
220377_37202,0
220377_211978,0
220377_144316,1
220377_107740,0
220377_153216,1
220378_98392,0
220378_134593,0
220378_180645,0
220378_72876,1
220378_86094,1
220378_74464,1
220379_122233,1
220379_184581,1
220379_150766,1
220379_289330,1
220379_56525,1
220379_215789,1
220381_169846,1
220381_66003,1
220381_10234,1
220381_131791,1
220381_168570,1
220381_209112,1
220382_279647,1
220382_143149,0
220382_111092,0
220382_87610,0
220382_70788,1
220382_262191,1
220388_79972,1
220388_248380,1
220388_226915,1
220388_281844,0
220388_214678,0
220388_184327,0
220390_66800,1
220390_111014,0
220390_53910,1
220390_71476,1
220390_13015,1
220390_83057,1
220391_17997,1
220391_10717,1
220391_164191,1
220391_113043,1
220391_125494,0
220391_239829,0
220392_67158,0
220392_235687,0
220392_291922,0
220392_128541,1
220392_73201,1
220392_256922,1
220395_214606,0
220395_97482,0
220395_85596,0
220395_252890,0
220395_106025,0
220395_265698,0
220396_63869,1
220396_260208,0
220396_171270,0
220396_13910,1
220396_254260,0
220396_95949,0
220397_102674,1
220397_76477,1
220397_294437,1
220397_61755,0
220397_226380,1
220397_120603,1
220399_258699,1
220399_140148,0
220399_250960,1
220399_236723,0
220399_159976,0
220399_112881,1
220403_215683,0
220403_193216,1
220403_126299,1
220403_249272,0
220403_64402,1
220403_164389,0
220404_137209,1
220404_208389,0
220404_149602,1
220404_217463,1
220404_128029,1
220404_41191,1
220409_4595,0
220409_55049,1
220409_177230,0
220409_280590,1
220409_167029,0
220409_45205,1
220411_250601,1
220411_6769,0
220411_146981,1
220411_212591,1
220411_243919,0
220411_195654,0
220412_273400,1
220412_7740,1
220412_229852,0
220412_7698,1
220412_190923,1
220412_248472,1
220415_104246,1
220415_255081,1
220415_104207,1
220415_223712,0
220415_275559,1
220415_90643,0
220416_163317,1
220416_157639,1
220416_66790,1
220416_23998,1
220416_95020,1
220416_74296,1
220418_182148,0
220418_11091,0
220418_209823,0
220418_261844,1
220418_207840,1
220418_144174,0
220419_152401,0
220419_238411,0
220419_185295,0
220419_78882,0
220419_16208,0
220419_38033,0
220423_189214,0
220423_23527,0
220423_115738,0
220423_275610,0
220423_138809,1
220423_177642,1
220424_69170,0
220424_245485,0
220424_261641,0
220424_259233,0
220424_193341,0
220424_239619,0
220425_214146,0
220425_215074,0
220425_184173,1
220425_261228,1
220425_16429,0
220425_212122,1
220426_204850,0
220426_10902,0
220426_21609,0
220426_175800,1
220426_193048,0
220426_278233,0
220428_227753,0
220428_94893,1
220428_172745,1
220428_17348,1
220428_15405,1
220428_5331,0
220433_250092,1
220433_157574,1
220433_155772,1
220433_41466,1
220433_230315,1
220433_219809,0
220440_201957,1
220440_275576,0
220440_266022,0
220440_101473,1
220440_215788,0
220440_3233,0
220447_167750,1
220447_260082,1
220447_150740,0
220447_226889,1
220447_151661,0
220447_281818,0
220448_252608,0
220448_9946,1
220448_261695,0
220448_142675,0
220448_187314,1
220448_188676,1
220450_101434,0
220450_97283,0
220450_249323,1
220450_138963,1
220450_279142,0
220450_78093,1
220461_69821,0
220461_203676,1
220461_86193,0
220461_246794,0
220461_196327,1
220461_135426,0
220462_151575,1
220462_13839,1
220462_158015,1
220462_218391,1
220462_219824,0
220462_4101,1
220464_14994,1
220464_152494,0
220464_69464,1
220464_40392,0
220464_152820,1
220464_126920,1
220465_35571,0
220465_69178,1
220465_26561,0
220465_74106,1
220465_219915,1
220465_27750,0
220467_154978,0
220467_27357,1
220467_13926,0
220467_168391,0
220467_184410,0
220467_163708,1
220468_71455,1
220468_248145,0
220468_149175,1
220468_59211,1
220468_18156,1
220468_82813,1
220469_85021,0
220469_9858,0
220469_26838,1
220469_11610,1
220469_164274,1
220469_236256,1
220472_276484,0
220472_163833,1
220472_267534,0
220472_63340,0
220472_108957,1
220472_286721,1
220473_241981,1
220473_78961,0
220473_164404,0
220473_67593,0
220473_185036,0
220473_8596,0
220485_264872,1
220485_235529,1
220485_55344,1
220485_183307,1
220485_32651,0
220485_135387,0
220486_171296,0
220486_270071,1
220486_185235,1
220486_183723,0
220486_50278,1
220486_278598,1
220492_72190,1
220492_40736,0
220492_78157,0
220492_202732,0
220492_186820,0
220492_290233,0
220493_260610,0
220493_100818,1
220493_149395,1
220493_156884,1
220493_17885,0
220493_141749,0
220500_59422,0
220500_109818,0
220500_63156,0
220500_232699,1
220500_287940,1
220500_248267,1
220501_252291,0
220501_271788,0
220501_180054,1
220501_278986,1
220501_176560,0
220501_222818,1
220507_92974,0
220507_20101,0
220507_159073,1
220507_49149,1
220507_107707,0
220507_64402,1
220513_23505,0
220513_173674,1
220513_270004,1
220513_257730,1
220513_118690,1
220513_206958,1
220514_162728,1
220514_29004,0
220514_205890,1
220514_228579,1
220514_61351,1
220514_836,1
220515_30775,1
220515_187714,1
220515_129684,1
220515_53621,0
220515_183204,1
220515_205018,1
220518_85914,1
220518_133616,1
220518_225105,0
220518_38967,1
220518_210679,1
220518_229318,1
220519_247020,0
220519_21365,0
220519_125958,0
220519_158798,0
220519_244768,0
220519_230811,0
220528_89740,0
220528_101871,0
220528_72526,1
220528_150284,1
220528_267422,0
220528_134510,1
220529_136822,1
220529_98966,0
220529_256132,1
220529_39252,1
220529_255230,0
220529_56334,1
220531_147988,1
220531_148005,0
220531_80021,0
220531_50081,1
220531_194069,0
220531_211613,1
220533_104207,1
220533_84668,0
220533_245972,1
220533_271421,1
220533_267135,1
220533_84775,1
220535_63072,1
220535_4062,0
220535_77875,1
220535_196169,1
220535_44222,1
220535_145800,1
220536_139084,1
220536_100398,0
220536_216316,0
220536_37776,0
220536_19595,0
220536_185825,1
220539_165847,0
220539_271508,0
220539_51004,1
220539_253665,1
220539_290701,1
220539_14858,0
220544_116601,0
220544_82141,1
220544_118948,0
220544_76392,0
220544_56382,0
220544_45683,1
220546_60203,1
220546_207512,1
220546_259039,1
220546_267032,1
220546_108879,1
220546_118536,0
220549_224617,1
220549_122187,1
220549_103080,0
220549_285194,0
220549_277550,0
220549_111331,0
220550_283699,1
220550_213716,1
220550_93119,1
220550_203342,0
220550_99448,1
220550_221171,0
220554_98374,0
220554_40786,0
220554_110355,0
220554_108855,0
220554_83547,0
220554_206302,0
220561_108560,0
220561_220323,0
220561_70909,1
220561_286719,1
220561_182181,1
220561_42382,0
220562_115138,0
220562_276538,1
220562_285305,0
220562_271252,1
220562_93055,1
220562_58763,1
220565_9464,0
220565_174980,1
220565_84274,0
220565_178489,0
220565_169067,0
220565_277237,1
220568_136610,1
220568_251692,1
220568_26012,1
220568_102635,0
220568_129135,1
220568_263499,0
220570_239083,0
220570_273810,0
220570_219127,1
220570_194256,0
220570_44675,0
220570_226304,1
220576_164001,0
220576_292830,0
220576_21911,1
220576_279949,1
220576_272281,1
220576_131628,1
220579_34004,1
220579_213865,1
220579_197897,1
220579_117529,1
220579_91313,1
220579_167340,1
220581_154706,0
220581_112275,0
220581_38990,1
220581_105828,1
220581_105509,0
220581_181912,0
220582_269329,0
220582_154877,0
220582_208407,1
220582_103524,0
220582_52956,1
220582_229715,1
220583_290150,1
220583_122337,1
220583_211475,1
220583_269099,1
220583_61826,1
220583_153580,0
220584_104050,1
220584_62797,1
220584_185213,1
220584_155570,0
220584_110556,0
220584_187413,1
220585_270071,1
220585_28706,1
220585_121824,0
220585_95580,1
220585_54378,1
220585_197908,0
220588_228095,0
220588_43421,1
220588_140862,1
220588_287377,1
220588_67983,0
220588_96679,1
220589_174669,1
220589_42344,0
220589_58116,1
220589_21853,1
220589_143295,0
220589_87336,0
220592_5116,1
220592_8274,0
220592_121838,0
220592_39458,1
220592_16665,0
220592_18433,1
220595_135348,1
220595_275816,1
220595_260780,1
220595_130115,1
220595_197250,0
220595_84067,0
220597_247777,1
220597_295256,0
220597_38967,1
220597_7596,1
220597_126692,1
220597_264582,1
220606_33039,0
220606_120246,1
220606_101045,1
220606_192994,1
220606_57982,1
220606_114844,0
220607_160632,1
220607_226228,1
220607_288274,0
220607_253333,1
220607_283225,1
220607_24426,1
220610_133879,1
220610_32392,0
220610_100995,1
220610_156937,1
220610_127691,1
220610_286454,1
220614_123618,0
220614_128541,1
220614_156112,0
220614_232857,1
220614_17987,1
220614_262804,0
220616_162831,0
220616_82181,0
220616_112142,1
220616_230068,0
220616_25635,1
220616_181062,1
220617_274209,0
220617_25226,1
220617_137071,1
220617_195223,0
220617_243591,1
220617_57209,0
220619_58361,1
220619_218525,1
220619_63232,0
220619_244947,1
220619_168602,0
220619_264789,0
220622_267190,0
220622_167773,1
220622_24820,1
220622_29228,1
220622_67879,1
220622_162241,1
220629_84462,1
220629_130084,1
220629_150822,1
220629_233053,1
220629_49962,1
220629_85499,0
220631_33120,1
220631_140856,0
220631_29228,1
220631_230019,1
220631_12922,1
220631_47859,1
220634_73790,0
220634_250165,1
220634_27576,0
220634_186399,1
220634_21944,0
220634_115373,0
220637_231458,0
220637_138291,0
220637_15399,0
220637_141317,1
220637_279422,1
220637_286045,0
220639_33862,0
220639_175800,0
220639_17882,0
220639_5718,0
220639_61865,1
220639_105306,1
220640_83103,1
220640_289931,0
220640_109969,0
220640_19679,1
220640_15208,1
220640_107959,1
220641_272575,0
220641_36854,0
220641_283184,0
220641_51181,0
220641_139300,1
220641_44951,1
220642_213013,1
220642_286770,1
220642_160148,0
220642_181408,0
220642_256193,0
220642_65527,1
220650_111400,1
220650_34675,1
220650_128541,0
220650_11082,1
220650_85075,0
220650_277309,0
220651_175800,1
220651_180231,0
220651_264152,0
220651_236695,1
220651_202648,1
220651_191750,1
220653_245791,1
220653_203512,1
220653_103861,1
220653_63879,0
220653_172204,0
220653_52692,0
220659_71074,0
220659_157708,0
220659_230068,0
220659_263137,1
220659_96114,0
220659_44210,1
220660_101847,1
220660_47008,1
220660_288907,1
220660_108082,0
220660_113437,0
220660_155158,0
220664_187175,1
220664_244657,1
220664_169490,1
220664_186096,1
220664_271731,0
220664_176046,1
220665_183623,1
220665_138050,1
220665_145334,1
220665_152082,0
220665_128852,0
220665_166916,0
220667_284249,1
220667_123232,1
220667_205671,1
220667_267644,1
220667_242767,0
220667_150137,1
220669_128841,0
220669_172368,0
220669_218956,1
220669_159288,0
220669_177980,1
220669_270749,1
220670_145416,1
220670_72878,1
220670_28483,1
220670_219973,1
220670_98681,1
220670_170154,1
220671_172022,1
220671_249251,1
220671_72878,1
220671_237172,1
220671_12818,0
220671_83187,1
220672_77700,0
220672_55282,0
220672_176731,1
220672_64339,1
220672_94498,0
220672_12020,1
220673_35012,1
220673_3295,1
220673_292863,1
220673_128410,0
220673_165847,1
220673_177436,0
220680_176639,1
220680_184329,1
220680_182297,0
220680_94613,1
220680_288424,1
220680_56619,1
220681_30572,1
220681_113233,1
220681_110171,1
220681_119006,1
220681_201221,1
220681_278805,1
220685_92112,1
220685_191323,0
220685_173513,1
220685_77246,1
220685_270824,0
220685_108796,1
220686_110091,1
220686_123677,0
220686_71837,0
220686_192817,0
220686_138313,1
220686_43702,1
220688_244283,1
220688_173909,0
220688_273270,1
220688_18467,1
220688_3569,1
220688_209370,1
220689_106482,0
220689_203614,0
220689_232563,0
220689_128313,0
220689_165708,1
220689_46329,0
220691_78977,1
220691_173650,0
220691_111077,0
220691_16374,0
220691_111346,1
220691_137720,0
220693_117063,0
220693_203152,1
220693_212418,1
220693_289978,1
220693_144576,1
220693_150489,0
220695_17790,1
220695_204462,1
220695_210865,1
220695_280792,1
220695_160974,1
220695_152518,1
220700_71363,1
220700_236044,1
220700_193695,0
220700_102735,0
220700_61052,0
220700_37686,1
220701_211106,1
220701_253792,0
220701_108650,1
220701_244233,0
220701_27387,1
220701_277970,0
220702_291302,0
220702_116055,0
220702_99987,1
220702_14422,0
220702_132737,0
220702_44963,0
220704_109627,1
220704_222892,0
220704_11077,0
220704_172779,1
220704_44561,1
220704_98915,1
220710_289866,1
220710_190099,0
220710_184858,1
220710_28199,0
220710_251878,1
220710_11745,0
220713_215261,0
220713_148399,1
220713_234741,0
220713_254008,1
220713_73818,1
220713_148982,0
220714_143297,0
220714_262191,1
220714_267297,0
220714_193262,0
220714_104542,1
220714_188625,1
220715_145878,1
220715_65096,0
220715_112184,0
220715_173043,0
220715_11197,0
220715_169765,1
220716_96533,1
220716_160936,0
220716_170237,0
220716_198117,1
220716_68573,1
220716_39653,0
220719_125761,0
220719_83546,1
220719_184306,0
220719_294420,0
220719_28758,0
220719_24,0
220724_238633,1
220724_2579,1
220724_110556,1
220724_91656,0
220724_56437,1
220724_230460,1
220726_52853,1
220726_4236,1
220726_124221,1
220726_290841,1
220726_291238,1
220726_184514,1
220727_197997,1
220727_138112,1
220727_169113,1
220727_199310,1
220727_97482,0
220727_168186,0
220730_138863,1
220730_249683,1
220730_200166,1
220730_199905,1
220730_283802,0
220730_287718,1
220731_90834,1
220731_113438,1
220731_143654,1
220731_97058,0
220731_229916,1
220731_33495,0
220737_5296,0
220737_79396,0
220737_175211,0
220737_61907,0
220737_83929,0
220737_276334,0
220738_32505,0
220738_79991,0
220738_129028,0
220738_55022,0
220738_146288,1
220738_206446,0
220741_273152,1
220741_163269,0
220741_160853,1
220741_116413,1
220741_191261,0
220741_57964,1
220744_177230,1
220744_5414,0
220744_32058,1
220744_32537,1
220744_57225,0
220744_23822,1
220745_78484,1
220745_47612,1
220745_92837,0
220745_260081,1
220745_96201,1
220745_103241,1
220746_155199,0
220746_209181,0
220746_224222,1
220746_269113,0
220746_207119,1
220746_188589,1
220749_171196,0
220749_203422,0
220749_274209,1
220749_115656,1
220749_164667,1
220749_31300,1
220750_178753,1
220750_131863,1
220750_245148,0
220750_223796,1
220750_18645,1
220750_24685,0
220751_26594,0
220751_18306,0
220751_91909,0
220751_75321,1
220751_250097,1
220751_59211,1
220766_197039,1
220766_88999,0
220766_230811,1
220766_246755,0
220766_239474,1
220766_79765,0
220770_255203,0
220770_86364,1
220770_109544,0
220770_260381,0
220770_218359,1
220770_113230,1
220772_216981,0
220772_179053,0
220772_200313,1
220772_136453,1
220772_71059,1
220772_241491,1
220773_29000,1
220773_102137,1
220773_278582,0
220773_189900,0
220773_81709,1
220773_127562,0
220774_203679,0
220774_156379,0
220774_279023,0
220774_148234,0
220774_68642,0
220774_256802,0
220777_63433,1
220777_295130,1
220777_17693,0
220777_38990,1
220777_229894,1
220777_236175,1
220780_220687,0
220780_134002,0
220780_267135,1
220780_151125,0
220780_266181,0
220780_20538,1
220781_251403,0
220781_31066,1
220781_45205,0
220781_219320,1
220781_250624,0
220781_153416,0
220784_101464,1
220784_271252,1
220784_27509,0
220784_121834,1
220784_2480,0
220784_33195,1
220790_279597,0
220790_64461,0
220790_219283,0
220790_235561,0
220790_53217,1
220790_143504,1
220793_197919,1
220793_82384,1
220793_261813,0
220793_154137,1
220793_101013,0
220793_62906,1
220794_181926,0
220794_42130,0
220794_21576,1
220794_159936,1
220794_271351,0
220794_264496,0
220795_110716,0
220795_89403,1
220795_36795,0
220795_3996,1
220795_107707,1
220795_231185,0
220797_267888,1
220797_166592,1
220797_213415,0
220797_201147,1
220797_232773,0
220797_109387,0
220798_281826,1
220798_85372,1
220798_266798,0
220798_230358,1
220798_213925,1
220798_53639,0
220799_129684,0
220799_177509,0
220799_176004,0
220799_216011,0
220799_282493,0
220799_95305,0
220803_241059,0
220803_62654,0
220803_112,0
220803_80221,0
220803_77050,0
220803_179103,0
220805_227732,1
220805_185969,1
220805_158770,0
220805_52617,1
220805_129430,1
220805_259598,1
220815_49742,1
220815_56023,1
220815_103718,1
220815_244398,1
220815_94886,0
220815_281012,1
220818_75322,0
220818_115830,1
220818_159035,1
220818_197859,1
220818_3498,1
220818_134774,0
220822_111050,1
220822_241999,0
220822_105828,1
220822_182188,1
220822_96935,0
220822_119006,0
220825_47697,1
220825_271252,0
220825_259976,0
220825_157178,0
220825_55252,1
220825_225426,1
220826_127588,0
220826_154493,1
220826_277530,1
220826_67023,0
220826_267359,0
220826_45929,1
220827_15833,0
220827_21548,1
220827_68542,1
220827_263362,1
220827_259598,1
220827_38902,1
220834_174050,0
220834_279521,1
220834_270004,1
220834_96346,1
220834_166103,0
220834_168297,0
220835_122933,0
220835_213468,0
220835_271083,1
220835_268462,1
220835_142715,1
220835_11876,0
220841_93327,0
220841_54339,1
220841_21415,1
220841_1704,0
220841_141970,1
220841_102112,1
220847_57701,1
220847_28671,1
220847_38708,1
220847_278582,1
220847_148583,0
220847_33999,0
220850_208284,0
220850_290794,0
220850_172815,0
220850_29894,1
220850_233788,0
220850_156375,1
220851_113233,0
220851_52606,0
220851_263372,0
220851_291238,0
220851_141638,0
220851_20895,0
220852_264575,0
220852_84809,0
220852_48111,1
220852_108855,0
220852_77684,0
220852_123056,1
220854_56334,1
220854_137241,1
220854_206044,1
220854_26209,1
220854_118733,1
220854_171218,1
220858_78214,1
220858_6116,0
220858_75813,0
220858_171323,0
220858_57636,1
220858_59534,0
220859_239373,0
220859_13805,1
220859_86284,0
220859_13349,0
220859_261609,1
220859_183431,1
220862_262715,0
220862_106729,1
220862_213260,1
220862_150314,1
220862_40736,0
220862_152659,1
220863_24798,0
220863_97902,0
220863_176697,0
220863_62438,1
220863_82986,1
220863_264861,0
220866_24219,1
220866_284781,0
220866_198893,1
220866_275379,1
220866_185211,1
220866_13575,1
220868_230358,1
220868_156230,1
220868_93456,0
220868_57209,1
220868_131585,1
220868_102800,1
220870_211958,0
220870_164591,1
220870_5440,1
220870_72375,0
220870_91385,1
220870_45956,1
220872_235374,0
220872_74774,1
220872_129649,1
220872_145624,1
220872_128706,1
220872_253379,0
220877_6522,1
220877_34902,1
220877_244729,1
220877_138698,1
220877_192339,1
220877_42955,0
220878_220488,1
220878_177930,1
220878_84768,1
220878_155049,1
220878_162107,1
220878_137479,0
220879_85681,1
220879_25635,1
220879_16585,0
220879_53838,0
220879_186266,1
220879_227912,1
220886_42557,1
220886_259023,0
220886_259393,1
220886_134456,1
220886_244283,1
220886_33195,1
220887_93068,0
220887_73524,1
220887_246130,1
220887_23103,1
220887_101954,1
220887_13469,0
220890_20748,1
220890_250433,1
220890_3109,1
220890_208113,0
220890_91629,0
220890_206368,0
220892_103080,0
220892_167345,1
220892_235428,0
220892_190549,0
220892_141772,1
220892_242777,0
220898_295546,0
220898_106094,0
220898_264152,0
220898_216902,0
220898_110080,0
220898_153924,0
220899_278999,1
220899_92482,0
220899_138112,1
220899_274169,1
220899_232332,0
220899_75579,1
220901_273185,1
220901_281106,0
220901_119294,1
220901_140019,1
220901_111067,0
220901_153923,1
220902_91016,0
220902_77295,1
220902_8217,0
220902_26355,1
220902_262881,0
220902_77139,0
220906_87734,0
220906_73529,1
220906_133843,1
220906_36278,0
220906_21846,1
220906_208405,1
220907_210372,1
220907_247946,1
220907_275270,1
220907_189805,0
220907_195009,1
220907_194810,1
220908_126308,1
220908_156375,0
220908_152363,1
220908_211825,1
220908_7740,1
220908_54094,0
220913_91044,0
220913_217231,1
220913_255227,0
220913_265963,1
220913_165859,1
220913_265737,1
220914_275816,1
220914_166077,0
220914_260780,1
220914_105735,0
220914_229468,1
220914_165465,0
220917_210778,0
220917_56679,1
220917_48263,0
220917_292863,0
220917_29595,0
220917_84772,1
220918_241116,1
220918_84298,0
220918_204355,1
220918_282493,1
220918_294205,1
220918_216616,0
220920_213019,1
220920_12892,1
220920_258052,1
220920_114620,1
220920_279208,0
220920_29120,1
220923_226560,1
220923_135371,1
220923_189738,1
220923_261045,1
220923_163770,1
220923_189747,1
220924_53711,0
220924_109362,0
220924_1879,1
220924_61371,0
220924_260982,1
220924_203534,1
220925_147217,0
220925_92498,0
220925_186266,1
220925_53156,1
220925_212840,1
220925_105902,0
220927_109259,1
220927_296002,1
220927_101662,0
220927_172408,1
220927_277222,0
220927_158082,1
220930_23916,0
220930_280823,0
220930_71219,0
220930_141135,0
220930_83158,0
220930_266382,0
220932_148978,1
220932_87813,1
220932_83546,0
220932_14348,0
220932_20032,1
220932_81503,0
220933_140802,1
220933_190154,1
220933_200561,0
220933_191053,1
220933_277008,0
220933_17790,1
220934_221618,1
220934_23104,1
220934_92994,0
220934_206550,0
220934_47881,0
220934_252508,1
220935_140977,1
220935_249225,0
220935_102449,0
220935_289365,0
220935_206878,1
220935_158716,0
220938_254195,0
220938_198927,1
220938_144953,1
220938_181994,0
220938_287390,0
220938_247413,1
220940_99267,1
220940_210063,1
220940_213643,0
220940_134414,1
220940_162407,1
220940_103446,1
220943_192241,1
220943_188568,1
220943_76392,1
220943_110001,1
220943_248333,1
220943_98915,1
220945_38806,1
220945_250273,1
220945_74817,0
220945_286439,0
220945_217308,0
220945_143570,1
220946_7873,1
220946_142408,0
220946_43031,1
220946_44127,0
220946_105297,0
220946_224337,1
220947_260982,1
220947_45150,1
220947_17871,1
220947_219538,1
220947_68625,1
220947_129601,0
220948_232697,1
220948_56437,1
220948_133121,1
220948_108161,1
220948_267390,1
220948_55412,1
220949_63588,1
220949_244768,1
220949_183671,0
220949_146604,1
220949_286701,0
220949_92064,1
220956_262955,1
220956_159976,0
220956_163081,0
220956_41843,1
220956_156151,0
220956_111683,0
220957_23385,1
220957_37503,1
220957_186127,1
220957_116581,1
220957_144741,1
220957_206582,1
220959_125004,0
220959_41825,1
220959_81561,1
220959_95071,0
220959_26533,0
220959_145215,0
220962_26114,0
220962_32016,1
220962_68445,1
220962_269837,1
220962_53688,1
220962_232699,1
220964_250318,1
220964_11350,1
220964_283874,1
220964_91782,1
220964_225719,1
220964_162711,1
220965_103410,0
220965_271224,0
220965_7959,0
220965_289058,0
220965_130073,0
220965_75601,0
220970_6064,0
220970_205871,0
220970_210865,1
220970_74483,0
220970_85547,1
220970_269568,0
220974_85065,0
220974_271941,0
220974_143084,1
220974_13640,0
220974_69074,1
220974_289058,0
220975_246635,1
220975_239284,0
220975_218777,1
220975_66292,1
220975_273614,0
220975_233962,1
220976_215502,1
220976_131234,1
220976_24338,1
220976_108331,1
220976_162965,1
220976_44845,0
220980_104584,1
220980_259289,1
220980_254918,1
220980_279142,1
220980_237679,1
220980_266797,0
220983_260303,0
220983_216933,0
220983_164591,0
220983_284503,1
220983_207563,1
220983_222691,0
220985_40651,1
220985_244340,0
220985_187940,0
220985_253486,1
220985_39252,1
220985_261222,0
220986_162018,1
220986_110391,1
220986_223222,1
220986_273520,1
220986_133188,1
220986_38502,1
220987_164789,1
220987_170480,0
220987_247205,0
220987_21911,0
220987_123305,1
220987_56551,0
220988_94419,0
220988_269731,0
220988_112669,0
220988_276615,0
220988_200574,0
220988_57485,1
220989_141754,1
220989_121931,0
220989_19969,1
220989_144430,1
220989_231146,1
220989_51173,1
220992_218155,1
220992_132159,1
220992_197923,1
220992_111411,1
220992_142788,0
220992_244538,0
220995_242840,0
220995_56437,0
220995_70945,0
220995_200250,1
220995_3498,1
220995_236775,0
220997_96935,1
220997_171830,1
220997_33495,1
220997_266562,0
220997_115656,1
220997_48710,1
220999_253582,0
220999_196827,1
220999_282914,1
220999_39114,0
220999_23138,1
220999_29276,0
221000_26097,0
221000_195923,1
221000_85690,0
221000_219520,0
221000_270469,1
221000_18152,1
221001_53944,1
221001_63433,0
221001_269919,0
221001_194053,0
221001_50447,1
221001_211207,1
221003_161398,1
221003_261029,1
221003_135846,1
221003_39649,1
221003_290097,1
221003_168585,0
221006_123305,1
221006_184573,1
221006_10628,0
221006_214866,0
221006_36037,0
221006_119006,1
221011_19157,0
221011_159869,0
221011_101294,0
221011_43783,0
221011_127254,0
221011_256187,0
221013_150186,1
221013_143789,1
221013_148821,1
221013_45920,0
221013_58443,0
221013_134456,0
221014_13401,1
221014_236433,0
221014_203123,1
221014_267078,1
221014_243801,1
221014_274352,1
221015_7031,0
221015_133701,0
221015_185252,0
221015_86430,0
221015_76477,0
221015_216343,0
221016_120195,0
221016_52475,0
221016_113224,1
221016_115095,1
221016_237089,0
221016_196723,1
221018_134877,1
221018_272522,0
221018_179788,1
221018_222246,0
221018_139673,1
221018_156730,0
221020_197828,1
221020_48703,1
221020_218301,1
221020_179979,1
221020_136273,1
221020_163700,0
221021_291238,0
221021_41130,0
221021_184485,0
221021_32663,0
221021_211595,0
221021_92449,0
221025_180803,0
221025_134592,1
221025_267528,0
221025_270801,1
221025_157457,0
221025_271537,1
221031_227368,0
221031_190317,0
221031_12654,1
221031_129560,1
221031_75904,1
221031_71625,1
221032_85346,0
221032_2776,0
221032_139537,1
221032_78423,0
221032_195739,1
221032_268054,0
221033_238658,1
221033_137251,0
221033_286476,1
221033_287601,0
221033_223959,1
221033_282359,1
221035_280532,0
221035_270515,0
221035_16585,0
221035_17539,1
221035_135256,1
221035_290018,1
221036_291238,0
221036_190222,0
221036_66439,1
221036_97925,1
221036_30865,1
221036_129684,0
221037_268647,1
221037_19789,0
221037_151595,1
221037_133764,1
221037_78041,1
221037_137136,1
221038_243865,1
221038_218982,1
221038_57116,0
221038_57143,1
221038_158785,1
221038_217698,0
221043_106892,1
221043_7188,1
221043_60074,1
221043_20999,0
221043_293108,1
221043_163472,0
221045_251729,0
221045_202706,0
221045_260263,0
221045_13435,0
221045_193410,0
221045_134456,1
221048_286851,1
221048_196665,1
221048_247309,1
221048_281818,0
221048_50270,0
221048_108650,0
221049_187173,0
221049_9464,0
221049_287626,1
221049_114932,1
221049_246311,1
221049_212469,1
221052_39477,1
221052_88935,0
221052_121095,1
221052_173677,1
221052_159288,0
221052_73557,0
221054_75469,1
221054_102938,1
221054_115100,1
221054_124903,0
221054_248511,1
221054_270611,1
221065_290850,0
221065_194579,1
221065_286208,0
221065_216012,1
221065_188056,1
221065_284633,0
221068_29595,0
221068_105877,0
221068_290835,0
221068_47259,1
221068_27480,0
221068_232207,0
221071_183601,1
221071_74560,1
221071_286697,1
221071_276988,0
221071_267215,0
221071_206777,1
221072_189375,0
221072_43783,1
221072_285322,0
221072_168215,0
221072_182596,1
221072_190001,0
221077_131833,0
221077_213865,0
221077_45210,1
221077_141388,0
221077_269223,0
221077_31174,1
221078_16738,0
221078_229719,0
221078_293108,0
221078_5445,0
221078_175500,1
221078_267281,0
221080_133617,1
221080_59006,1
221080_174481,1
221080_22198,1
221080_221361,1
221080_288945,0
221082_231141,0
221082_228546,1
221082_102256,1
221082_193272,1
221082_129684,1
221082_87466,0
221083_27918,0
221083_249860,1
221083_154382,0
221083_84322,0
221083_268787,1
221083_181901,0
221090_5852,0
221090_106766,0
221090_218502,1
221090_36571,1
221090_109996,1
221090_114179,0
221091_96327,0
221091_106788,1
221091_220478,0
221091_13390,1
221091_64153,1
221091_12091,1
221092_153606,1
221092_204791,1
221092_278345,1
221092_191403,1
221092_18701,1
221092_218142,1
221094_235014,1
221094_17722,1
221094_62052,1
221094_312,1
221094_2314,1
221094_188639,0
221098_66964,0
221098_85352,1
221098_29004,0
221098_22214,0
221098_256983,0
221098_266209,1
221100_223064,1
221100_43778,0
221100_194901,1
221100_200132,0
221100_38122,0
221100_75061,1
221101_256592,0
221101_217200,1
221101_145963,0
221101_275881,0
221101_146247,1
221101_42013,1
221102_7797,1
221102_199099,1
221102_178448,0
221102_204432,1
221102_289153,0
221102_83542,0
221106_27573,1
221106_188408,1
221106_114184,0
221106_200166,0
221106_29249,1
221106_173849,0
221108_48491,0
221108_90143,1
221108_255433,0
221108_245604,0
221108_41136,0
221108_133245,0
221109_186399,1
221109_277436,0
221109_219915,0
221109_94829,0
221109_255916,1
221109_235014,1
221111_269065,1
221111_13056,1
221111_103841,1
221111_33827,1
221111_195485,0
221111_275679,1
221112_225156,1
221112_103516,1
221112_236446,1
221112_103558,1
221112_65,0
221112_256008,1
221122_217753,0
221122_167977,0
221122_38557,1
221122_263321,1
221122_126948,0
221122_185243,1
221123_36368,0
221123_34334,0
221123_285150,1
221123_197189,1
221123_13910,1
221123_204329,0
221128_250838,1
221128_108957,0
221128_263029,0
221128_280089,1
221128_192801,0
221128_108120,0
221130_28069,0
221130_273271,1
221130_291420,0
221130_31746,1
221130_44251,1
221130_138698,1
221133_236044,0
221133_165800,1
221133_132300,1
221133_61949,1
221133_177754,1
221133_231030,1
221135_110328,0
221135_107923,0
221135_2186,0
221135_41144,0
221135_225426,0
221135_1889,1
221136_34084,1
221136_165376,1
221136_190887,0
221136_277177,0
221136_268974,1
221136_72499,0
221137_255446,1
221137_271197,0
221137_259423,0
221137_122951,1
221137_154323,0
221137_76202,1
221138_260847,1
221138_71510,0
221138_6370,0
221138_40857,0
221138_25162,1
221138_217532,0
221140_154750,1
221140_214519,0
221140_17759,1
221140_43886,0
221140_253250,1
221140_267670,0
221142_236122,1
221142_230065,1
221142_198948,1
221142_208185,0
221142_282297,1
221142_189105,1
221143_95924,1
221143_116596,1
221143_155741,0
221143_1618,1
221143_291302,1
221143_66467,1
221144_109024,1
221144_34503,1
221144_6064,1
221144_247019,1
221144_143087,1
221144_171974,1
221152_17361,1
221152_269560,0
221152_271794,1
221152_238658,1
221152_59529,1
221152_208571,1
221154_105820,1
221154_28924,1
221154_22160,0
221154_91565,1
221154_266167,0
221154_32868,1
221158_198763,0
221158_221371,0
221158_232467,0
221158_80916,0
221158_256008,0
221158_137485,0
221159_261889,0
221159_219579,0
221159_241889,1
221159_77685,0
221159_91978,0
221159_64238,0
221165_292710,0
221165_269960,0
221165_63737,0
221165_110099,0
221165_33195,0
221165_250748,0
221168_109544,0
221168_204403,1
221168_17184,1
221168_140840,0
221168_152843,1
221168_15139,0
221170_37183,0
221170_180704,1
221170_191712,1
221170_37202,0
221170_41277,1
221170_201191,1
221171_124188,1
221171_254349,1
221171_263321,0
221171_46661,0
221171_58433,1
221171_238892,1
221173_147254,0
221173_21493,1
221173_152928,1
221173_54933,0
221173_23642,1
221173_102956,0
221175_20240,0
221175_261268,0
221175_90442,0
221175_117755,0
221175_1398,0
221175_9390,0
221181_251201,1
221181_85123,0
221181_59775,1
221181_21156,0
221181_90684,0
221181_148163,1
221182_266705,0
221182_279408,1
221182_110426,1
221182_199310,1
221182_108456,0
221182_19696,0
221183_40374,0
221183_21415,1
221183_265026,1
221183_220488,1
221183_80165,0
221183_84682,0
221184_200438,1
221184_163930,0
221184_185645,1
221184_260774,0
221184_173677,0
221184_120556,0
221185_79178,0
221185_231333,1
221185_227397,0
221185_123549,0
221185_288641,1
221185_188720,0
221189_220393,1
221189_233723,0
221189_82114,1
221189_248956,1
221189_244099,1
221189_207401,1
221191_103546,1
221191_40489,0
221191_180875,1
221191_194786,1
221191_156153,1
221191_250266,1
221192_62423,1
221192_168023,0
221192_134414,0
221192_191688,1
221192_159208,0
221192_279927,1
221194_219052,1
221194_63767,1
221194_209344,0
221194_46194,0
221194_19574,0
221194_141772,1
221195_100084,1
221195_38967,1
221195_88612,1
221195_190788,1
221195_163039,1
221195_232475,1
221196_171850,1
221196_7233,0
221196_205419,1
221196_235172,1
221196_52492,1
221196_243774,0
221199_140033,1
221199_257187,0
221199_6321,1
221199_134257,1
221199_260905,1
221199_43917,0
221200_104034,0
221200_175059,1
221200_272575,0
221200_273963,0
221200_151422,0
221200_219534,1
221205_49226,1
221205_192093,1
221205_92482,1
221205_237889,0
221205_269227,1
221205_97007,1
221207_127195,0
221207_154183,0
221207_183194,0
221207_261372,0
221207_163568,0
221207_212852,0
221208_53215,0
221208_15411,1
221208_155050,1
221208_200132,1
221208_185210,1
221208_278734,0
221213_259824,1
221213_153276,1
221213_99004,1
221213_44660,0
221213_11952,1
221213_160285,1
221215_88612,1
221215_271252,1
221215_228037,1
221215_45150,0
221215_13822,1
221215_192518,1
221220_201191,1
221220_58449,0
221220_144640,1
221220_154382,1
221220_152491,1
221220_56334,1
221223_235776,1
221223_255747,1
221223_37042,1
221223_18308,1
221223_173677,0
221223_98437,1
221226_92498,1
221226_281079,1
221226_175318,1
221226_201673,1
221226_150403,0
221226_98798,0
221227_229163,1
221227_242809,0
221227_69664,0
221227_270675,0
221227_11425,1
221227_252250,1
221232_95528,1
221232_71346,1
221232_195560,0
221232_253791,1
221232_47265,1
221232_202669,1
221235_12061,1
221235_168462,1
221235_48821,1
221235_110262,1
221235_200132,1
221235_107707,1
221236_80050,0
221236_149688,0
221236_243924,1
221236_203422,1
221236_19896,1
221236_196422,0
221240_284382,0
221240_4040,1
221240_52386,1
221240_148154,1
221240_275596,1
221240_15412,1
221244_268716,1
221244_183331,1
221244_261910,1
221244_255151,1
221244_177663,1
221244_170260,1
221245_126759,1
221245_127547,0
221245_110436,0
221245_58360,1
221245_149089,1
221245_3109,0
221254_239826,0
221254_5684,0
221254_94274,0
221254_13796,0
221254_19570,0
221254_18400,0
221259_194936,0
221259_255048,0
221259_91938,1
221259_141871,1
221259_105820,1
221259_66550,1
221261_283579,0
221261_234652,0
221261_175297,1
221261_160007,1
221261_231715,0
221261_117565,1
221262_178370,0
221262_197897,1
221262_261750,1
221262_48295,1
221262_107120,0
221262_28872,0
221265_288488,1
221265_277360,0
221265_41990,0
221265_107707,1
221265_61145,0
221265_173886,1
221267_58156,0
221267_38015,0
221267_270851,0
221267_46756,0
221267_26800,0
221267_254514,0
221269_159603,1
221269_232816,1
221269_200061,1
221269_183872,1
221269_175250,1
221269_270071,1
221271_199637,1
221271_267496,0
221271_232622,1
221271_233731,1
221271_231008,0
221271_166048,0
221272_92575,1
221272_35527,0
221272_223975,0
221272_285433,1
221272_15984,1
221272_85372,1
221275_31670,0
221275_128732,1
221275_240968,0
221275_33464,1
221275_203905,0
221275_254476,1
221276_52572,1
221276_27678,0
221276_256248,1
221276_197201,0
221276_173417,0
221276_146919,1
221280_263565,0
221280_52617,0
221280_216902,1
221280_232351,0
221280_89636,0
221280_253333,0
221282_150766,1
221282_71455,1
221282_63032,0
221282_250753,1
221282_144819,1
221282_291985,1
221284_232268,1
221284_226675,0
221284_184252,0
221284_183248,1
221284_221717,1
221284_196080,1
221285_142809,0
221285_29562,0
221285_48366,0
221285_52956,0
221285_161406,0
221285_200022,0
221287_248881,1
221287_271794,1
221287_262321,0
221287_31714,1
221287_263586,0
221287_281330,1
221289_104584,1
221289_181895,0
221289_242621,0
221289_170004,0
221289_66741,0
221289_267960,0
221291_248267,1
221291_160843,0
221291_32226,1
221291_154126,0
221291_278582,1
221291_105779,1
221292_91782,1
221292_87734,1
221292_252285,1
221292_137099,1
221292_135539,1
221292_185295,0
221293_96378,1
221293_78423,0
221293_21736,0
221293_19236,0
221293_257660,0
221293_213145,0
221295_239573,0
221295_66604,0
221295_175884,1
221295_172876,0
221295_17570,0
221295_45340,1
221296_2121,1
221296_105563,1
221296_2518,1
221296_178002,1
221296_6914,1
221296_191042,0
221298_39046,1
221298_119772,0
221298_250273,1
221298_254203,0
221298_23740,0
221298_162199,1
221301_238094,0
221301_178370,0
221301_238480,0
221301_192725,1
221301_175211,0
221301_43482,0
221302_173538,0
221302_47420,0
221302_116812,1
221302_211119,0
221302_163311,0
221302_118690,1
221306_246553,0
221306_152626,0
221306_164912,0
221306_178645,0
221306_131762,0
221306_210865,0
221309_284020,0
221309_14357,0
221309_27519,0
221309_274209,0
221309_87732,0
221309_118690,0
221310_281705,0
221310_292073,0
221310_235990,1
221310_91437,0
221310_83900,0
221310_231180,1
221313_272986,0
221313_27277,0
221313_180824,0
221313_274758,0
221313_291238,0
221313_38312,0
221315_74773,0
221315_109544,0
221315_286803,0
221315_251096,1
221315_215325,0
221315_178133,1
221316_152465,0
221316_251212,0
221316_198112,1
221316_187428,1
221316_51776,1
221316_7188,0
221317_3157,0
221317_54994,0
221317_6512,0
221317_181830,0
221317_55273,0
221317_193896,0
221320_167345,0
221320_142408,0
221320_125452,1
221320_31974,1
221320_30104,1
221320_222515,1
221325_45902,1
221325_242488,0
221325_249980,0
221325_115145,1
221325_244217,1
221325_162561,0
221326_1023,0
221326_233428,1
221326_9390,1
221326_81561,1
221326_82392,1
221326_197364,1
221327_174466,0
221327_64402,1
221327_12647,1
221327_72595,0
221327_134547,0
221327_63879,1
221331_110697,1
221331_95044,1
221331_251822,0
221331_119229,1
221331_81234,0
221331_169566,1
221334_223335,0
221334_64402,1
221334_278861,1
221334_280405,1
221334_118129,1
221334_7114,0
221335_4274,1
221335_282124,1
221335_80256,0
221335_254570,0
221335_104809,0
221335_187538,1
221338_75058,0
221338_227594,0
221338_48957,0
221338_29189,1
221338_20788,1
221338_16979,1
221341_281263,1
221341_202461,1
221341_31059,0
221341_100287,1
221341_72500,1
221341_285150,1
221344_124804,1
221344_14343,0
221344_187743,0
221344_268169,0
221344_211740,0
221344_91629,1
221345_292311,1
221345_90406,1
221345_242700,0
221345_287568,1
221345_239731,0
221345_62161,0
221346_227594,1
221346_191530,1
221346_172022,1
221346_128479,1
221346_209937,1
221346_116510,1
221349_279554,0
221349_128078,1
221349_70788,1
221349_113212,0
221349_161617,1
221349_163461,0
221350_164434,1
221350_33622,0
221350_191175,1
221350_190068,1
221350_258921,0
221350_50727,0
221352_120888,1
221352_174135,1
221352_132869,0
221352_170318,0
221352_268615,1
221352_9992,0
221354_113185,1
221354_139862,1
221354_47901,1
221354_128192,0
221354_90106,0
221354_75885,1
221355_288162,1
221355_87104,0
221355_42374,0
221355_201650,1
221355_201987,1
221355_183347,0
221357_44287,1
221357_47964,1
221357_247218,1
221357_192683,1
221357_92310,0
221357_206044,1
221358_274398,0
221358_53364,1
221358_203902,0
221358_171869,1
221358_154137,1
221358_116057,1
221361_92802,0
221361_196288,0
221361_220646,0
221361_258761,0
221361_46993,0
221361_235376,0
221362_205962,1
221362_225293,0
221362_293458,1
221362_233221,1
221362_235253,0
221362_37517,0
221364_66593,0
221364_92995,0
221364_285305,0
221364_131682,1
221364_76902,1
221364_212297,0
221366_104030,0
221366_255065,0
221366_136234,0
221366_230725,0
221366_250279,0
221366_110491,0
221367_239877,0
221367_122532,1
221367_109393,1
221367_258883,1
221367_197353,1
221367_33366,0
221370_63485,1
221370_253068,1
221370_8691,1
221370_134464,0
221370_82912,1
221370_1321,1
221371_185423,1
221371_86038,0
221371_190001,0
221371_35397,0
221371_96471,0
221371_214296,1
221372_206538,0
221372_44875,1
221372_72035,1
221372_152732,0
221372_19942,1
221372_117440,0
221373_127917,0
221373_283022,0
221373_176063,0
221373_242681,0
221373_63433,0
221373_79099,0
221377_111050,1
221377_207081,1
221377_146446,0
221377_194531,1
221377_218885,1
221377_265814,1
221380_64899,0
221380_121296,1
221380_168747,1
221380_108056,1
221380_221946,1
221380_96362,0
221381_235711,1
221381_218706,1
221381_45786,0
221381_236097,1
221381_128143,1
221381_244608,1
221382_191053,0
221382_214646,1
221382_269227,1
221382_141772,1
221382_200166,1
221382_134414,0
221383_285571,1
221383_244608,1
221383_117359,0
221383_3649,0
221383_161509,1
221383_118170,0
221384_49516,1
221384_17459,1
221384_155661,0
221384_138111,0
221384_46006,1
221384_8691,1
221387_19130,1
221387_140528,0
221387_94441,1
221387_264875,0
221387_158623,1
221387_117482,0
221388_173657,0
221388_158503,0
221388_74506,0
221388_210289,0
221388_272598,0
221388_203335,0
221389_25939,0
221389_83827,0
221389_143789,0
221389_61015,1
221389_17837,0
221389_186819,1
221392_97871,1
221392_101871,1
221392_68781,0
221392_103096,0
221392_8143,0
221392_187566,0
221393_203845,1
221393_265931,1
221393_7375,1
221393_222897,1
221393_63431,1
221393_95726,1
221398_76414,1
221398_44698,1
221398_125831,0
221398_272554,1
221398_107325,0
221398_3222,0
221401_140840,1
221401_230725,1
221401_211184,1
221401_19596,1
221401_181220,0
221401_156239,0
221402_117482,0
221402_43303,1
221402_151299,1
221402_194742,1
221402_68220,1
221402_210473,0
221403_192518,0
221403_216311,0
221403_80167,1
221403_66596,1
221403_215631,0
221403_146625,1
221404_57625,1
221404_218238,1
221404_113233,0
221404_15187,1
221404_264914,0
221404_92994,0
221406_166959,1
221406_153212,0
221406_54690,1
221406_246255,1
221406_231141,0
221406_55613,0
221412_71510,1
221412_127352,0
221412_202582,1
221412_197995,0
221412_165376,1
221412_139138,0
221413_66495,0
221413_257116,1
221413_5007,1
221413_61657,0
221413_31974,0
221413_23137,1
221414_255089,1
221414_8244,1
221414_111050,1
221414_170782,1
221414_1478,0
221414_224513,0
221415_100342,1
221415_215594,0
221415_231542,0
221415_88612,0
221415_164744,0
221415_268758,0
221416_189827,0
221416_14989,0
221416_175622,0
221416_85861,1
221416_80916,0
221416_176497,0
221418_170318,0
221418_155189,0
221418_3649,0
221418_161398,0
221418_187428,0
221418_109667,1
221419_256132,1
221419_60428,0
221419_79411,0
221419_95903,1
221419_150657,1
221419_134106,1
221421_222878,0
221421_248189,1
221421_200501,1
221421_84511,0
221421_8544,1
221421_262075,0
221423_107692,0
221423_254623,0
221423_153854,1
221423_144151,1
221423_144067,1
221423_269227,1
221426_37539,1
221426_123952,0
221426_110032,0
221426_97167,1
221426_39072,0
221426_156826,1
221427_285365,0
221427_207829,1
221427_134456,1
221427_84894,1
221427_29804,1
221427_207488,1
221434_216206,0
221434_282901,0
221434_176376,1
221434_230239,1
221434_84041,1
221434_248385,1
221436_217591,1
221436_47258,0
221436_87505,1
221436_264519,1
221436_230460,1
221436_167916,0
221437_116911,0
221437_287735,0
221437_38278,0
221437_218021,1
221437_31714,1
221437_229508,1
221438_209544,1
221438_241682,1
221438_38246,1
221438_204162,1
221438_103080,1
221438_80826,0
221439_232242,0
221439_161146,1
221439_120535,1
221439_24992,0
221439_129467,1
221439_109357,1
221443_103870,0
221443_41340,0
221443_102420,0
221443_217877,0
221443_269270,1
221443_35954,1
221447_6380,0
221447_144357,1
221447_174788,0
221447_86732,1
221447_177896,0
221447_189192,0
221448_252268,0
221448_112142,1
221448_65793,1
221448_210455,1
221448_7113,1
221448_55303,1
221451_189775,0
221451_170214,1
221451_152941,1
221451_111014,1
221451_184792,1
221451_49506,1
221452_269951,1
221452_217877,0
221452_249908,0
221452_66359,1
221452_7859,0
221452_166592,1
221455_277240,0
221455_55682,0
221455_247788,0
221455_150618,1
221455_287316,0
221455_7055,1
221456_52692,1
221456_216646,1
221456_245594,1
221456_247820,0
221456_75624,0
221456_64301,0
221457_62536,1
221457_219223,0
221457_69860,1
221457_285194,1
221457_174252,1
221457_277360,1
221458_37603,0
221458_14388,0
221458_205329,1
221458_34407,1
221458_54217,1
221458_239923,1
221460_58094,1
221460_187850,1
221460_232071,0
221460_194256,0
221460_259039,1
221460_172006,1
221461_190204,1
221461_237801,1
221461_220478,1
221461_101922,1
221461_277360,1
221461_252285,1
221463_282136,1
221463_68872,1
221463_157090,1
221463_183567,1
221463_287204,1
221463_255154,0
221464_288329,0
221464_168641,0
221464_157198,1
221464_118874,1
221464_207076,0
221464_130828,0
221466_29371,0
221466_15776,0
221466_90712,0
221466_124598,0
221466_89792,0
221466_23103,0
221476_278584,0
221476_11278,0
221476_42359,1
221476_25635,0
221476_49921,1
221476_96950,1
221477_7809,1
221477_261450,0
221477_21493,1
221477_177678,0
221477_245061,0
221477_26012,0
221479_278152,1
221479_286364,1
221479_27573,0
221479_159181,1
221479_12076,1
221479_241346,1
221483_16238,0
221483_246079,1
221483_135697,0
221483_44796,1
221483_39840,1
221483_123367,1
221485_194786,1
221485_174007,0
221485_148821,1
221485_277360,1
221485_110014,1
221485_179669,1
221486_240058,1
221486_250514,0
221486_116333,1
221486_104463,1
221486_8244,1
221486_7852,1
221488_117634,0
221488_9517,1
221488_199682,1
221488_52063,1
221488_52945,1
221488_244608,0
221491_93988,1
221491_255065,1
221491_257173,0
221491_210609,1
221491_248189,1
221491_188655,1
221496_178029,1
221496_250194,1
221496_188676,1
221496_61807,0
221496_13822,1
221496_152518,1
221498_231482,0
221498_103080,0
221498_277642,0
221498_224508,0
221498_37765,0
221498_116516,0
221503_40748,0
221503_95162,0
221503_146618,0
221503_275729,0
221503_96103,0
221503_92482,0
221504_155378,1
221504_64402,1
221504_179512,0
221504_15876,0
221504_275209,0
221504_206786,0
221507_199415,0
221507_27532,0
221507_125417,0
221507_242416,0
221507_145899,0
221507_257420,0
221512_124086,1
221512_108927,0
221512_8526,0
221512_175481,1
221512_120178,1
221512_249753,0
221514_86295,1
221514_252608,1
221514_165847,1
221514_97007,1
221514_252467,1
221514_269223,1
221515_29189,1
221515_79099,0
221515_216404,1
221515_287260,1
221515_52327,1
221515_175818,1
221522_170809,0
221522_11278,0
221522_71402,1
221522_253857,0
221522_70346,1
221522_250953,1
221523_115335,0
221523_244083,0
221523_178002,1
221523_96378,0
221523_154016,1
221523_25974,1
221524_5033,1
221524_151796,0
221524_205329,1
221524_175955,1
221524_170260,1
221524_244729,1
221525_36934,1
221525_103434,0
221525_212755,1
221525_231676,1
221525_179600,0
221525_85914,1
221527_119532,1
221527_96638,1
221527_129095,1
221527_130771,1
221527_108675,1
221527_158629,1
221529_84969,0
221529_169099,0
221529_127573,0
221529_255170,1
221529_32089,1
221529_246415,1
221531_272833,0
221531_268388,1
221531_288282,0
221531_228615,1
221531_147474,0
221531_3597,0
221535_182581,1
221535_103870,1
221535_291128,0
221535_256229,1
221535_112918,0
221535_100142,1
221536_182452,0
221536_70459,0
221536_48351,1
221536_283515,0
221536_32409,0
221536_118737,1
221538_58026,1
221538_49793,1
221538_13495,1
221538_206064,1
221538_132003,1
221538_198160,0
221539_233965,1
221539_150559,0
221539_154539,1
221539_197270,1
221539_260905,1
221539_175884,0
221540_37174,1
221540_122933,1
221540_34397,1
221540_113590,0
221540_161310,0
221540_267379,0
221542_36104,0
221542_120563,1
221542_235015,1
221542_191802,1
221542_42530,1
221542_206924,1
221544_82535,1
221544_250805,0
221544_67879,0
221544_54650,0
221544_281016,1
221544_255916,1
221551_56664,1
221551_84737,1
221551_164745,1
221551_100414,1
221551_192050,1
221551_114465,0
221552_117339,1
221552_205455,1
221552_191995,1
221552_132860,1
221552_262036,1
221552_13805,1
221553_211557,1
221553_88111,0
221553_67032,1
221553_22560,0
221553_210064,1
221553_17351,0
221555_286537,1
221555_53901,1
221555_224442,0
221555_64884,0
221555_148456,0
221555_254571,1
221561_291014,0
221561_61145,1
221561_250273,1
221561_2783,1
221561_231146,1
221561_47093,0
221562_175279,0
221562_36437,1
221562_54650,1
221562_54718,1
221562_139733,1
221562_206064,0
221566_248692,1
221566_147127,1
221566_152798,1
221566_196807,1
221566_93820,1
221566_16374,1
221569_80036,0
221569_272294,0
221569_164892,0
221569_7947,0
221569_283699,0
221569_64981,0
221570_49104,1
221570_28846,1
221570_213473,0
221570_66178,1
221570_260383,0
221570_138188,1
221576_118775,0
221576_92498,0
221576_145437,1
221576_62117,1
221576_272823,0
221576_37202,0
221578_248826,0
221578_1429,0
221578_115335,0
221578_188703,0
221578_88964,0
221578_54650,0
221580_293920,0
221580_31487,0
221580_276372,0
221580_47179,0
221580_177255,0
221580_123360,1
221583_250773,1
221583_37373,1
221583_211379,0
221583_125236,1
221583_54580,0
221583_137251,1
221584_45340,1
221584_64818,0
221584_88123,1
221584_72517,1
221584_124387,0
221584_176807,1
221586_283181,0
221586_42309,0
221586_228122,1
221586_201448,1
221586_49962,0
221586_157104,1
221587_113641,1
221587_96378,1
221587_72208,1
221587_199411,1
221587_155187,0
221587_254649,1
221588_932,0
221588_115809,1
221588_132263,1
221588_106007,0
221588_240470,0
221588_78135,0
221589_180543,0
221589_192725,1
221589_251640,0
221589_212009,1
221589_204791,1
221589_267796,1
221591_250753,0
221591_62076,0
221591_171136,0
221591_173677,0
221591_43895,0
221591_47591,0
221592_290522,1
221592_294437,1
221592_185951,1
221592_230460,1
221592_226284,0
221592_209044,1
221597_13796,1
221597_241845,1
221597_86733,1
221597_162429,0
221597_292161,1
221597_248131,0
221598_129027,1
221598_63737,1
221598_281850,0
221598_102611,1
221598_59859,0
221598_2421,1
221601_91526,0
221601_190001,0
221601_230358,0
221601_214768,0
221601_115550,0
221601_231206,0
221602_20747,1
221602_40857,0
221602_179239,0
221602_14432,1
221602_59336,1
221602_42334,1
221606_193272,1
221606_246923,0
221606_143215,1
221606_275211,1
221606_215987,1
221606_126166,0
221610_99832,1
221610_170007,0
221610_294655,0
221610_270511,1
221610_279204,1
221610_103841,0
221612_281056,0
221612_21853,1
221612_196860,0
221612_51216,0
221612_249919,1
221612_19891,1
221613_92564,1
221613_90026,1
221613_261228,1
221613_266351,1
221613_146288,0
221613_140230,1
221615_70547,1
221615_230068,1
221615_6237,1
221615_287137,1
221615_1821,0
221615_31670,1
221616_129684,1
221616_245670,1
221616_244076,0
221616_161816,0
221616_76321,0
221616_214280,0
221619_122589,0
221619_114730,1
221619_55327,1
221619_73998,0
221619_102349,1
221619_81561,1
221620_184275,0
221620_215006,0
221620_220469,0
221620_21274,0
221620_160378,0
221620_32302,0
221625_27767,1
221625_120246,1
221625_263633,0
221625_89965,1
221625_54594,1
221625_101813,1
221627_49573,0
221627_104584,1
221627_226836,0
221627_122416,1
221627_275739,0
221627_146073,0
221628_48448,0
221628_241483,0
221628_176099,1
221628_280184,1
221628_198867,1
221628_32337,1
221629_196286,0
221629_89274,0
221629_212460,0
221629_246626,0
221629_173657,0
221629_206564,0
221637_223576,1
221637_271092,0
221637_287102,1
221637_244786,1
221637_52853,1
221637_233036,1
221639_10933,0
221639_245372,1
221639_150738,1
221639_39256,0
221639_75878,0
221639_77326,0
221642_152298,1
221642_225781,0
221642_246270,1
221642_265247,0
221642_20036,0
221642_204153,0
221643_236288,1
221643_60988,1
221643_93052,1
221643_290304,1
221643_16078,0
221643_57496,0
221645_110918,0
221645_88836,0
221645_156827,0
221645_191995,1
221645_74142,1
221645_227455,1
221649_60913,1
221649_23103,1
221649_278582,1
221649_19774,0
221649_216902,1
221649_88858,1
221650_95275,0
221650_122337,1
221650_224623,0
221650_66859,1
221650_53085,1
221650_170214,1
221651_80558,1
221651_208103,1
221651_200432,0
221651_193919,0
221651_266705,0
221651_75887,1
221659_99587,1
221659_135799,1
221659_89910,0
221659_107923,0
221659_231477,1
221659_262955,0
221665_103870,1
221665_162730,1
221665_254008,0
221665_166592,1
221665_24820,0
221665_261635,0
221668_208817,1
221668_12984,0
221668_193468,0
221668_107138,1
221668_221236,1
221668_37161,1
221669_116069,0
221669_159622,0
221669_294434,0
221669_195923,0
221669_63975,0
221669_73350,0
221671_158665,0
221671_105290,0
221671_116380,0
221671_19873,1
221671_243524,1
221671_99141,0
221673_184940,0
221673_242012,1
221673_60331,1
221673_219973,0
221673_192371,1
221673_151540,0
221675_201321,0
221675_66637,1
221675_45069,1
221675_255515,0
221675_32185,0
221675_262881,0
221677_238023,1
221677_86544,0
221677_248440,0
221677_285162,1
221677_88845,0
221677_153562,0
221678_20033,1
221678_91475,1
221678_8595,1
221678_22716,1
221678_276760,0
221678_14664,1
221679_262191,1
221679_156201,1
221679_149786,0
221679_185348,1
221679_86467,1
221679_61281,0
221681_234437,0
221681_37563,0
221681_137860,1
221681_160262,1
221681_125926,1
221681_136827,1
221683_41887,0
221683_65687,0
221683_107923,0
221683_104424,1
221683_284217,0
221683_183261,1
221690_167117,1
221690_142764,0
221690_271092,1
221690_22748,0
221690_64931,0
221690_200346,1
221692_46756,0
221692_227559,1
221692_144042,1
221692_240909,0
221692_158665,0
221692_233112,0
221694_243829,0
221694_29228,1
221694_164818,1
221694_227460,1
221694_163853,1
221694_87762,0
221695_188219,0
221695_224223,0
221695_157825,1
221695_4027,1
221695_251839,0
221695_51430,1
221699_179499,0
221699_277893,1
221699_267088,1
221699_164737,1
221699_98607,0
221699_278438,1
221703_293332,1
221703_69280,0
221703_269223,1
221703_286639,0
221703_191269,0
221703_28142,1
221705_156684,0
221705_131816,1
221705_17381,1
221705_120700,1
221705_152985,1
221705_186913,0
221711_116588,0
221711_284380,0
221711_188881,0
221711_242882,0
221711_170569,0
221711_240628,0
221713_173241,1
221713_295066,1
221713_281037,1
221713_168380,1
221713_43283,1
221713_241147,1
221714_139945,0
221714_89621,0
221714_16078,0
221714_229962,1
221714_201216,1
221714_256772,1
221721_172749,1
221721_41728,1
221721_139135,1
221721_201438,0
221721_51234,1
221721_226392,0
221723_171830,1
221723_200574,0
221723_132146,0
221723_255003,0
221723_140840,0
221723_272829,0
221725_269685,0
221725_81325,1
221725_164192,0
221725_75229,1
221725_159243,0
221725_161539,1
221729_77834,0
221729_101745,0
221729_213810,1
221729_257088,1
221729_2577,1
221729_74460,0
221730_236750,1
221730_146408,1
221730_275880,0
221730_82644,1
221730_77875,1
221730_127352,0
221731_3415,1
221731_20523,0
221731_20406,0
221731_184973,1
221731_230319,1
221731_244690,0
221733_70605,1
221733_270111,1
221733_259598,1
221733_98132,1
221733_45223,1
221733_67780,1
221734_247209,1
221734_108183,1
221734_231263,1
221734_163317,1
221734_205094,1
221734_715,1
221737_92415,0
221737_240231,0
221737_200509,1
221737_225893,1
221737_67942,1
221737_112669,1
221738_275408,1
221738_53925,1
221738_199818,1
221738_36940,0
221738_140645,1
221738_64788,1
221740_121709,1
221740_8200,1
221740_24210,1
221740_5389,0
221740_95043,0
221740_124231,1
221742_286416,1
221742_60981,1
221742_184894,1
221742_33233,1
221742_116741,0
221742_85021,0
221743_102735,1
221743_76685,1
221743_28826,0
221743_267960,1
221743_143108,1
221743_159603,1
221744_110686,1
221744_103607,1
221744_143576,0
221744_9126,1
221744_279156,1
221744_54352,0
221745_92532,0
221745_271459,0
221745_109864,1
221745_218246,1
221745_202090,0
221745_172349,0
221746_140973,0
221746_279260,0
221746_265682,1
221746_25772,1
221746_292863,0
221746_76408,1
221748_100076,1
221748_246130,1
221748_218145,0
221748_143312,0
221748_172218,1
221748_219973,1
221749_238328,1
221749_85672,1
221749_61395,0
221749_162636,0
221749_94982,0
221749_267989,1
221750_269554,0
221750_84030,1
221750_19428,1
221750_150766,0
221750_22143,0
221750_27139,0
221754_247494,1
221754_281079,1
221754_97902,1
221754_260832,0
221754_122843,1
221754_246046,1
221757_220566,0
221757_138996,0
221757_237510,1
221757_194224,1
221757_275946,1
221757_206900,1
221758_244732,0
221758_279541,1
221758_32135,0
221758_201086,1
221758_97676,0
221758_208113,1
221759_104996,1
221759_11197,1
221759_181868,1
221759_74850,1
221759_102495,1
221759_207704,0
221761_134590,1
221761_219304,1
221761_156008,1
221761_191795,1
221761_107707,1
221761_154016,1
221764_52629,0
221764_268121,1
221764_35161,1
221764_92062,1
221764_191403,1
221764_219189,1
221769_86277,0
221769_270918,1
221769_194611,0
221769_137794,0
221769_213022,1
221769_144882,1
221771_167200,1
221771_46287,1
221771_171065,0
221771_11197,0
221771_80083,0
221771_45668,1
221774_6799,1
221774_242974,0
221774_23883,0
221774_119772,1
221774_127445,1
221774_54452,0
221784_260404,1
221784_261098,0
221784_244814,0
221784_105539,0
221784_194750,0
221784_192290,1
221787_20825,0
221787_78278,1
221787_43530,0
221787_254917,0
221787_220166,0
221787_264667,0
221788_231387,1
221788_11801,1
221788_256440,0
221788_289948,1
221788_66359,1
221788_269270,1
221789_99132,0
221789_138963,1
221789_229308,1
221789_136449,0
221789_4302,1
221789_239473,0
221794_253083,0
221794_167873,0
221794_145221,1
221794_84049,1
221794_252444,0
221794_244903,0
221795_64402,1
221795_198536,1
221795_112760,1
221795_158554,0
221795_123373,1
221795_101613,0
221798_109352,0
221798_287373,1
221798_242681,0
221798_254448,0
221798_208656,1
221798_21853,0
221801_287723,0
221801_34033,1
221801_295703,1
221801_134456,1
221801_287587,1
221801_131030,0
221803_278582,0
221803_41575,1
221803_51914,0
221803_172022,1
221803_111746,0
221803_5844,0
221807_22608,0
221807_5772,0
221807_123056,1
221807_165877,0
221807_71455,0
221807_45510,0
221810_287718,1
221810_295703,1
221810_185577,0
221810_87090,1
221810_178167,0
221810_236653,0
221816_245192,0
221816_258686,0
221816_272575,1
221816_245548,1
221816_33432,0
221816_279014,1
221820_223083,0
221820_261070,1
221820_39465,1
221820_206969,0
221820_147585,1
221820_201595,1
221827_66741,0
221827_217557,1
221827_223576,0
221827_214856,1
221827_41728,1
221827_50231,0
221828_87987,1
221828_212084,0
221828_69368,1
221828_276211,1
221828_106286,1
221828_115646,0
221831_37304,1
221831_195853,1
221831_244283,1
221831_103651,0
221831_185584,1
221831_52956,1
221833_43879,0
221833_108460,1
221833_188588,1
221833_160454,1
221833_74367,0
221833_90096,0
221834_95157,1
221834_109024,1
221834_27603,0
221834_107707,1
221834_143570,1
221834_4875,0
221836_99448,1
221836_45900,1
221836_118948,1
221836_42457,1
221836_136523,1
221836_163019,1
221837_160030,1
221837_204,1
221837_174466,1
221837_252991,1
221837_180083,1
221837_76605,1
221838_14858,0
221838_159801,1
221838_49149,0
221838_30742,1
221838_61416,1
221838_172006,0
221843_161206,0
221843_85844,1
221843_249919,0
221843_20512,1
221843_228032,1
221843_255154,0
221845_265026,1
221845_268455,1
221845_247070,0
221845_244108,0
221845_110720,0
221845_264668,1
221849_73203,1
221849_278320,1
221849_246970,1
221849_146242,0
221849_98596,0
221849_249778,1
221851_47435,0
221851_107959,1
221851_6804,1
221851_122452,1
221851_171529,1
221851_73235,1
221854_192848,0
221854_108365,0
221854_215398,0
221854_46347,0
221854_219640,0
221854_145807,0
221859_60622,0
221859_4963,1
221859_263679,1
221859_35996,0
221859_213415,0
221859_123687,1
221860_118499,1
221860_271794,1
221860_274499,1
221860_121881,0
221860_170033,0
221860_14123,0
221861_23693,1
221861_76892,1
221861_107923,0
221861_139745,0
221861_69645,0
221861_232665,1
221862_177986,0
221862_6586,1
221862_259598,0
221862_176268,0
221862_104763,1
221862_256695,1
221873_228476,0
221873_26075,1
221873_57920,0
221873_90258,0
221873_248161,1
221873_160965,1
221874_207239,0
221874_122665,0
221874_234742,1
221874_230358,1
221874_36024,1
221874_129860,0
221875_259726,1
221875_113864,0
221875_101676,0
221875_255449,0
221875_64103,1
221875_1811,1
221876_276561,0
221876_156913,1
221876_230319,1
221876_240603,0
221876_231788,0
221876_141772,1
221878_108161,1
221878_37222,1
221878_98544,1
221878_185533,0
221878_52853,1
221878_134872,1
221880_47008,0
221880_137387,1
221880_247489,1
221880_141064,0
221880_152399,1
221880_58511,0
221883_15629,1
221883_282747,1
221883_75217,1
221883_214212,0
221883_56221,0
221883_99050,1
221884_15776,1
221884_206406,1
221884_201449,1
221884_278149,1
221884_225450,0
221884_10628,1
221885_98681,0
221885_80843,1
221885_3580,1
221885_39483,1
221885_39556,0
221885_139865,1
221887_197364,0
221887_39196,0
221887_33914,0
221887_236906,0
221887_283188,0
221887_160809,0
221893_173257,0
221893_141288,0
221893_172604,0
221893_242478,0
221893_239829,0
221893_237718,1
221895_200166,1
221895_244328,0
221895_48329,0
221895_185423,1
221895_10759,0
221895_125926,1
221898_117104,1
221898_276097,0
221898_26431,0
221898_254135,1
221898_275385,0
221898_265599,1
221899_170773,1
221899_58779,1
221899_197039,1
221899_97778,0
221899_137428,1
221899_160239,1
221907_7031,1
221907_230677,0
221907_143944,1
221907_23275,1
221907_147585,1
221907_79095,0
221909_226836,0
221909_252517,1
221909_129410,1
221909_228516,1
221909_288570,0
221909_275682,1
221911_287949,1
221911_185252,1
221911_196596,0
221911_44222,1
221911_144310,0
221911_48874,1
221920_102279,0
221920_161098,0
221920_56551,0
221920_231286,0
221920_199240,0
221920_174092,0
221924_185815,0
221924_45900,0
221924_60717,0
221924_150945,1
221924_255886,1
221924_229284,1
221926_71685,1
221926_264496,1
221926_68493,1
221926_282901,1
221926_193524,0
221926_71810,0
221928_77246,0
221928_121299,0
221928_191169,0
221928_34824,1
221928_70997,0
221928_218499,0
221930_102557,1
221930_155639,0
221930_19042,0
221930_248462,0
221930_258965,1
221930_280192,1
221931_183955,0
221931_242414,0
221931_32312,0
221931_49024,1
221931_137794,1
221931_162759,0
221932_58337,0
221932_250347,0
221932_128562,1
221932_141127,0
221932_75582,0
221932_37400,1
221935_137240,1
221935_129042,0
221935_80482,1
221935_59296,0
221935_228782,0
221935_62664,1
221940_14645,0
221940_235491,0
221940_111092,0
221940_60074,0
221940_93350,0
221940_85242,1
221948_24419,1
221948_213279,0
221948_147793,0
221948_201966,1
221948_265666,1
221948_236723,0
221949_193656,0
221949_20731,1
221949_135745,1
221949_204832,0
221949_90219,0
221949_122020,1
221950_216524,0
221950_122138,1
221950_257106,0
221950_56811,1
221950_1892,0
221950_123881,1
221955_79188,1
221955_241569,1
221955_61615,1
221955_248692,1
221955_138863,1
221955_277759,1
221957_248649,0
221957_18067,0
221957_220475,0
221957_50401,0
221957_143052,1
221957_45937,0
221960_266639,0
221960_191585,0
221960_36647,0
221960_81407,1
221960_288751,1
221960_54994,0
221964_208739,0
221964_211686,0
221964_256894,1
221964_89662,1
221964_81309,1
221964_9583,0
221965_8830,0
221965_161861,0
221965_173657,0
221965_181316,0
221965_248692,0
221965_193711,0
221967_108342,0
221967_249575,0
221967_42392,0
221967_180190,0
221967_227365,0
221967_71634,0
221969_71298,0
221969_184197,0
221969_151317,0
221969_240392,0
221969_288302,0
221969_111748,0
221970_235864,0
221970_77384,0
221970_54619,0
221970_238633,0
221970_18910,1
221970_278582,1
221973_128630,1
221973_283486,0
221973_94531,1
221973_158619,0
221973_174847,0
221973_61826,1
221974_60913,1
221974_178563,0
221974_32425,0
221974_110406,0
221974_196896,0
221974_117790,1
221975_71402,1
221975_259824,1
221975_99207,1
221975_295292,1
221975_93002,0
221975_109120,1
221976_232977,1
221976_166365,1
221976_63843,1
221976_12541,1
221976_173630,0
221976_45095,0
221979_14145,1
221979_129095,1
221979_36796,0
221979_280026,0
221979_231730,0
221979_50184,1
221980_6114,1
221980_102349,1
221980_49270,1
221980_95924,1
221980_255553,1
221980_203169,0
221982_286492,0
221982_56115,0
221982_189016,0
221982_75459,1
221982_96313,0
221982_100055,0
221987_178645,0
221987_232242,0
221987_190549,1
221987_23928,1
221987_51765,0
221987_38933,0
221994_30490,0
221994_138333,1
221994_216902,1
221994_242156,0
221994_275400,1
221994_62493,1
221995_53048,0
221995_118170,1
221995_8665,0
221995_233618,0
221995_82113,1
221995_146570,1
221996_278136,1
221996_246250,1
221996_19780,1
221996_104050,1
221996_250273,1
221996_232320,1
221997_247020,1
221997_78187,1
221997_29498,0
221997_116312,0
221997_133121,1
221997_245548,0
222003_293706,1
222003_232699,1
222003_167334,1
222003_53103,1
222003_170033,0
222003_217999,1
222006_72875,1
222006_179757,0
222006_132209,1
222006_57209,1
222006_87181,1
222006_266565,0
222007_102547,1
222007_86739,1
222007_176125,0
222007_284645,1
222007_226153,1
222007_52572,0
222010_199083,1
222010_106320,1
222010_32260,1
222010_275232,1
222010_219726,0
222010_106200,0
222012_26453,0
222012_206044,1
222012_149832,1
222012_270918,0
222012_157707,0
222012_62901,1
222015_110918,0
222015_58353,1
222015_184785,1
222015_259598,0
222015_290865,0
222015_151926,0
222016_6542,1
222016_193297,1
222016_96084,1
222016_282901,1
222016_65480,1
222016_98698,0
222020_291219,0
222020_73524,1
222020_282355,1
222020_64362,0
222020_101380,0
222020_108546,0
222021_261450,1
222021_119006,1
222021_121587,1
222021_69158,1
222021_203707,1
222021_210142,1
222023_169945,1
222023_215325,0
222023_288078,0
222023_151356,1
222023_33799,0
222023_209370,0
222026_132961,0
222026_73557,1
222026_113817,0
222026_77246,1
222026_207110,1
222026_151964,1
222029_201966,1
222029_52875,0
222029_203588,0
222029_237718,1
222029_56952,1
222029_76477,1
222033_42368,1
222033_8590,0
222033_218393,1
222033_184297,1
222033_226889,1
222033_281016,1
222034_1108,1
222034_168441,1
222034_65557,1
222034_241411,0
222034_135519,0
222034_41843,1
222035_38502,1
222035_158358,1
222035_169953,1
222035_202784,1
222035_56707,1
222035_86554,0
222042_3821,0
222042_185428,1
222042_253344,0
222042_145639,0
222042_83958,1
222042_106094,0
222048_197239,1
222048_233616,0
222048_175877,1
222048_38015,1
222048_57671,0
222048_86017,1
222049_151575,0
222049_24992,0
222049_8044,1
222049_65177,1
222049_270004,0
222049_151720,1
222050_98226,0
222050_89354,1
222050_233803,1
222050_31010,0
222050_107463,1
222050_263142,1
222052_219330,0
222052_70848,1
222052_74542,1
222052_31286,0
222052_281322,1
222052_101745,0
222053_38525,0
222053_31310,0
222053_190659,1
222053_38059,0
222053_137370,1
222053_9242,1
222054_269539,1
222054_144204,0
222054_24852,1
222054_203596,1
222054_118824,1
222054_33668,1
222060_266340,1
222060_249673,1
222060_164591,1
222060_264496,1
222060_73034,0
222060_23822,1
222063_67793,0
222063_155056,1
222063_247100,1
222063_240854,1
222063_3222,1
222063_253468,0
222066_199099,1
222066_77957,0
222066_187579,0
222066_264668,0
222066_104503,0
222066_125944,1
222067_81685,0
222067_98748,0
222067_160704,1
222067_157155,0
222067_133342,1
222067_120377,0
222068_289928,1
222068_199392,1
222068_142060,1
222068_54887,1
222068_92555,0
222068_73557,1
222070_139654,1
222070_44378,0
222070_283956,0
222070_147517,1
222070_242110,0
222070_216962,0
222071_286215,1
222071_172484,1
222071_108211,1
222071_288711,1
222071_53987,0
222071_141772,1
222072_44804,1
222072_9514,1
222072_282724,0
222072_63072,0
222072_82912,0
222072_230811,0
222074_197724,0
222074_171428,1
222074_117790,1
222074_40041,1
222074_285491,0
222074_42976,1
222075_240127,0
222075_114131,0
222075_116601,0
222075_69913,0
222075_191300,0
222075_118993,1
222076_246593,1
222076_153291,1
222076_137319,0
222076_232531,0
222076_247423,1
222076_199351,0
222077_246130,0
222077_69797,1
222077_229468,1
222077_269124,1
222077_215158,0
222077_18979,0
222085_292141,1
222085_295221,1
222085_9373,0
222085_182318,1
222085_216949,1
222085_4471,1
222086_111401,0
222086_33195,0
222086_185407,0
222086_10679,1
222086_124804,0
222086_126886,0
222089_114195,1
222089_139758,1
222089_252216,0
222089_69131,1
222089_283599,1
222089_101944,0
222091_175971,1
222091_64238,0
222091_47953,1
222091_101871,1
222091_281016,0
222091_208306,1
222092_112473,0
222092_114557,0
222092_5944,0
222092_32583,0
222092_180229,0
222092_177384,0
222093_232078,1
222093_225569,1
222093_56184,1
222093_45524,0
222093_178502,1
222093_173630,1
222098_55618,1
222098_129283,0
222098_23822,1
222098_271496,1
222098_233322,0
222098_117584,1
222099_218777,1
222099_291238,1
222099_67135,1
222099_257349,0
222099_206123,1
222099_23275,1
222104_197669,1
222104_179993,1
222104_270515,1
222104_208545,1
222104_172022,1
222104_120246,1
222109_203824,1
222109_193350,1
222109_256424,1
222109_200574,1
222109_143975,1
222109_27859,1
222111_160180,1
222111_42688,1
222111_40786,1
222111_32926,0
222111_232760,1
222111_140955,1
222113_230344,0
222113_287640,1
222113_28097,1
222113_193774,1
222113_90652,0
222113_101583,0
222118_534,1
222118_252330,1
222118_111014,1
222118_20960,1
222118_226465,1
222118_270749,1
222120_127306,0
222120_152626,1
222120_16500,1
222120_115997,0
222120_224141,0
222120_175144,1
222122_182467,1
222122_84099,0
222122_139425,0
222122_174966,0
222122_224919,1
222122_206195,0
222123_194060,0
222123_241326,0
222123_283891,0
222123_39788,0
222123_52613,0
222123_207717,1
222124_20992,0
222124_276928,0
222124_218320,0
222124_168629,0
222124_82912,0
222124_262425,1
222126_118157,0
222126_40763,1
222126_251839,0
222126_292141,1
222126_132769,0
222126_134456,0
222133_86691,1
222133_175550,1
222133_222314,1
222133_124080,1
222133_147722,1
222133_67335,1
222135_162623,1
222135_84185,1
222135_185584,0
222135_6173,1
222135_275006,0
222135_230910,1
222138_127654,0
222138_184371,1
222138_262921,1
222138_259770,1
222138_49354,0
222138_124387,1
222139_224735,1
222139_197465,1
222139_274691,1
222139_195167,0
222139_31422,1
222139_274264,1
222140_295221,0
222140_34693,0
222140_210381,1
222140_222192,0
222140_256620,1
222140_93068,1
222143_45668,1
222143_228557,1
222143_165687,0
222143_168398,0
222143_176864,0
222143_21473,0
222144_104422,1
222144_162529,1
222144_170773,1
222144_5944,1
222144_43057,1
222144_233616,0
222147_90393,0
222147_140692,1
222147_249357,1
222147_236498,0
222147_290250,1
222147_2121,1
222152_231218,0
222152_208821,1
222152_258320,0
222152_273041,1
222152_247423,1
222152_212675,1
222153_143789,0
222153_266929,0
222153_26942,0
222153_130503,1
222153_183168,1
222153_220551,1
222154_30594,1
222154_273719,0
222154_30902,1
222154_188903,0
222154_130436,1
222154_136275,1
222156_167211,1
222156_259710,1
222156_17035,1
222156_145397,1
222156_267962,0
222156_180250,1
222160_220478,1
222160_92310,0
222160_204185,0
222160_204899,1
222160_178645,1
222160_286054,1
222171_174646,1
222171_194270,0
222171_97222,0
222171_52853,0
222171_266872,0
222171_101888,0
222175_269193,1
222175_156579,0
222175_260198,1
222175_72878,1
222175_141686,0
222175_39521,0
222176_112344,0
222176_75253,0
222176_119286,0
222176_148821,1
222176_219973,1
222176_246593,1
222181_151926,1
222181_133923,1
222181_179186,1
222181_117661,1
222181_124492,1
222181_292510,1
222182_12144,0
222182_190144,1
222182_130754,1
222182_56019,1
222182_171142,1
222182_202784,0
222183_289823,0
222183_129070,0
222183_91740,0
222183_192375,1
222183_79309,1
222183_230358,0
222186_37856,0
222186_244283,1
222186_150710,0
222186_106725,1
222186_191880,1
222186_183659,0
222187_263513,0
222187_16232,1
222187_105563,1
222187_278582,0
222187_242681,0
222187_271092,1
222195_160622,0
222195_25107,1
222195_252444,1
222195_236433,1
222195_126894,1
222195_261372,1
222196_13495,1
222196_250273,1
222196_187117,1
222196_51456,1
222196_228375,1
222196_144359,1
222197_261450,1
222197_75624,1
222197_172679,1
222197_101372,0
222197_191026,0
222197_139002,1
222198_182888,1
222198_241981,1
222198_50802,0
222198_141970,1
222198_219052,1
222198_160235,0
222200_246898,0
222200_244732,1
222200_198204,0
222200_18227,0
222200_46842,0
222200_128974,0
222203_252120,1
222203_268167,1
222203_78601,0
222203_284097,1
222203_249929,0
222203_72021,0
222205_134872,0
222205_16608,1
222205_147450,0
222205_127195,0
222205_3498,0
222205_291128,0
222207_230811,1
222207_165543,1
222207_45340,0
222207_247777,0
222207_259486,0
222207_187305,1
222210_17790,1
222210_14372,0
222210_61617,0
222210_102112,0
222210_45059,0
222210_132081,0
222214_173852,1
222214_179502,1
222214_130115,1
222214_207449,1
222214_117653,1
222214_244238,1
222215_65059,0
222215_36737,0
222215_76,0
222215_174892,0
222215_135745,0
222215_13446,0
222217_105828,1
222217_272553,0
222217_289249,0
222217_181089,0
222217_127129,1
222217_199695,0
222228_103516,0
222228_257638,1
222228_277671,1
222228_153442,1
222228_3359,0
222228_186857,1
222229_287949,0
222229_124434,1
222229_160802,0
222229_83943,1
222229_2397,0
222229_38588,1
222238_173007,1
222238_85021,1
222238_40657,1
222238_90722,1
222238_207449,1
222238_18752,0
222239_124231,0
222239_131585,0
222239_71402,0
222239_130828,0
222239_189038,0
222239_98116,0
222240_77246,1
222240_113707,1
222240_239936,0
222240_35953,1
222240_37902,0
222240_257780,1
222242_39359,1
222242_123328,1
222242_96732,0
222242_221643,1
222242_73477,1
222242_137479,0
222246_291238,1
222246_178736,0
222246_132793,1
222246_178974,0
222246_138809,1
222246_10746,1
222251_160347,0
222251_68996,1
222251_23198,1
222251_252262,0
222251_52855,1
222251_261695,1
222253_203014,1
222253_279004,1
222253_152652,1
222253_174100,1
222253_84591,1
222253_184702,1
222254_195546,0
222254_245726,1
222254_196307,0
222254_183331,0
222254_104476,0
222254_288232,1
222256_254020,0
222256_270004,1
222256_147111,1
222256_232314,0
222256_211717,0
222256_32631,0
222257_214812,0
222257_147585,1
222257_146207,1
222257_91034,0
222257_177982,0
222257_59408,0
222259_279139,1
222259_46842,1
222259_207694,0
222259_141127,1
222259_295742,0
222259_158554,0
222261_12476,0
222261_129467,1
222261_250273,1
222261_189978,0
222261_70788,1
222261_243023,0
222262_215222,0
222262_15876,1
222262_144357,1
222262_103241,0
222262_17077,1
222262_264582,1
222263_226130,0
222263_48189,1
222263_254972,0
222263_240201,1
222263_203676,0
222263_293517,1
222264_254349,1
222264_38543,1
222264_33195,1
222264_96677,0
222264_48189,1
222264_54636,1
222265_213280,1
222265_252558,1
222265_166246,0
222265_156913,0
222265_76820,1
222265_194969,1
222269_131751,0
222269_226440,1
222269_125761,0
222269_215196,1
222269_281550,1
222269_208113,1
222274_222525,0
222274_155101,0
222274_59211,1
222274_91513,1
222274_269846,0
222274_251972,0
222280_3559,0
222280_164793,1
222280_258749,0
222280_237211,1
222280_182054,1
222280_61941,1
222283_245936,1
222283_281402,1
222283_218247,0
222283_221717,1
222283_56551,0
222283_183204,1
222284_244011,0
222284_277737,1
222284_96606,0
222284_107355,1
222284_122846,0
222284_99699,0
222290_151858,0
222290_268900,0
222290_193216,1
222290_139522,0
222290_71059,1
222290_155454,0
222297_252291,0
222297_46242,1
222297_20982,0
222297_108855,1
222297_12059,1
222297_169121,1
222303_235658,0
222303_235689,1
222303_269732,1
222303_73821,1
222303_201673,1
222303_90217,1
222305_207388,1
222305_291071,1
222305_22223,0
222305_46889,0
222305_288689,1
222305_274931,0
222311_269846,0
222311_236653,1
222311_224337,1
222311_149783,1
222311_92760,1
222311_60203,1
222314_43473,0
222314_252285,1
222314_188639,0
222314_171611,1
222314_186331,1
222314_196470,1
222317_199233,1
222317_138984,1
222317_238954,1
222317_274630,1
222317_163465,1
222317_92711,1
222318_226126,0
222318_212302,0
222318_191052,0
222318_125105,0
222318_206993,0
222318_258864,0
222322_226532,0
222322_43031,1
222322_255196,1
222322_109937,1
222322_295095,1
222322_235689,1
222327_187117,1
222327_78229,1
222327_211334,1
222327_142715,1
222327_85083,0
222327_107413,0
222328_223842,1
222328_167731,1
222328_101046,0
222328_276018,1
222328_246970,1
222328_49793,1
222335_278885,0
222335_92062,0
222335_198874,0
222335_79296,0
222335_45302,0
222335_287416,1
222336_29308,1
222336_2879,1
222336_1498,1
222336_76748,1
222336_39948,0
222336_26874,0
222339_126056,1
222339_121897,1
222339_112142,1
222339_112535,1
222339_279408,0
222339_229929,0
222341_74088,0
222341_216316,1
222341_20003,1
222341_202028,0
222341_173657,0
222341_198702,0
222342_70812,1
222342_259770,0
222342_152219,1
222342_94814,1
222342_277235,0
222342_15446,0
222343_48000,1
222343_221298,1
222343_175274,1
222343_189420,1
222343_236750,1
222343_263155,0
222346_67255,0
222346_26513,1
222346_175716,1
222346_78526,0
222346_107923,1
222346_57974,0
222347_185243,1
222347_17662,1
222347_149550,0
222347_105803,0
222347_238430,1
222347_29667,1
222348_180306,0
222348_278877,0
222348_64402,1
222348_24419,1
222348_218781,1
222348_79396,1
222350_106428,0
222350_261903,1
222350_147345,0
222350_89354,1
222350_184369,1
222350_289153,1
222353_243829,1
222353_135875,1
222353_211273,1
222353_256424,1
222353_203040,0
222353_145437,1
222359_238633,1
222359_136259,1
222359_715,1
222359_174420,1
222359_252498,1
222359_263438,1
222360_25890,1
222360_84531,1
222360_92768,1
222360_446,1
222360_67830,0
222360_171217,1
222363_177982,1
222363_1212,0
222363_86094,1
222363_229161,0
222363_116529,1
222363_3196,1
222365_46152,1
222365_143632,0
222365_246219,1
222365_235513,1
222365_52855,1
222365_16876,1
222367_274169,1
222367_9636,1
222367_126862,1
222367_152826,1
222367_262715,0
222367_105563,1
222369_258828,0
222369_641,0
222369_172732,0
222369_208086,0
222369_183331,0
222369_219169,0
222371_279917,1
222371_208113,1
222371_80820,0
222371_84620,0
222371_149859,1
222371_288594,0
222372_124804,1
222372_108717,1
222372_170927,1
222372_234526,1
222372_14205,1
222372_113850,1
222383_279246,1
222383_57209,1
222383_154116,0
222383_227594,0
222383_230358,1
222383_95726,0
222386_192621,0
222386_5888,1
222386_157639,0
222386_256424,1
222386_267824,1
222386_268984,0
222387_19629,1
222387_107487,1
222387_115539,0
222387_119394,1
222387_249565,1
222387_76149,1
222388_105306,1
222388_257899,1
222388_12091,1
222388_251729,1
222388_273430,1
222388_291853,1
222390_30979,0
222390_142289,0
222390_20240,0
222390_130023,1
222390_46396,0
222390_255115,0
222400_181459,0
222400_84591,1
222400_66159,0
222400_154509,0
222400_121254,0
222400_291684,0
222402_219916,0
222402_236804,0
222402_247586,0
222402_13257,0
222402_124448,0
222402_280507,0
222403_34012,0
222403_17252,0
222403_200350,0
222403_209998,0
222403_221984,1
222403_232294,1
222404_245668,1
222404_45285,0
222404_131564,1
222404_271252,1
222404_18009,1
222404_28591,1
222406_153877,0
222406_24085,1
222406_79841,1
222406_184785,1
222406_102369,0
222406_242201,0
222407_51048,0
222407_81750,1
222407_121895,0
222407_177642,1
222407_2398,1
222407_136848,0
222408_191036,0
222408_255924,0
222408_213017,1
222408_23275,1
222408_34338,0
222408_233310,1
222409_45228,1
222409_15235,0
222409_52853,0
222409_270814,0
222409_120377,0
222409_179535,0
222416_166592,1
222416_3687,1
222416_135303,1
222416_25829,1
222416_166828,1
222416_242280,1
222417_252463,1
222417_34470,0
222417_128292,1
222417_262241,1
222417_246130,1
222417_140905,0
222418_58956,0
222418_29214,1
222418_42816,1
222418_84768,1
222418_226889,0
222418_179739,0
222419_33603,1
222419_276467,0
222419_295799,1
222419_234891,0
222419_65938,1
222419_175921,0
222421_228545,1
222421_31440,0
222421_44943,0
222421_184139,0
222421_212950,0
222421_148173,0
222423_194256,0
222423_45340,1
222423_72542,1
222423_261844,0
222423_71202,1
222423_285784,1
222426_33603,1
222426_295729,1
222426_109899,1
222426_197639,1
222426_279674,1
222426_175955,1
222427_44622,0
222427_102980,1
222427_291752,1
222427_1693,1
222427_219002,1
222427_254703,0
222431_42724,0
222431_58283,0
222431_265337,0
222431_119006,1
222431_72818,0
222431_7756,0
222432_166575,1
222432_140602,1
222432_19895,1
222432_72526,1
222432_47179,1
222432_275309,1
222437_91520,0
222437_90712,1
222437_30154,1
222437_64117,0
222437_72387,0
222437_223314,1
222442_292476,0
222442_247210,0
222442_187451,0
222442_234144,0
222442_281778,0
222442_253265,1
222443_31527,1
222443_220937,1
222443_224696,0
222443_163166,0
222443_205438,1
222443_237367,1
222445_260814,1
222445_2159,0
222445_236894,0
222445_7125,1
222445_137720,0
222445_184139,0
222446_116741,1
222446_34824,1
222446_66450,1
222446_196723,1
222446_24526,0
222446_226318,1
222450_217585,0
222450_86847,0
222450_63625,0
222450_228191,0
222450_63433,0
222450_108120,0
222453_288954,1
222453_219813,0
222453_102113,0
222453_84012,1
222453_175211,0
222453_1044,0
222456_55618,1
222456_130023,1
222456_35397,0
222456_113751,1
222456_118690,0
222456_291985,1
222457_116597,0
222457_226392,1
222457_44527,1
222457_175468,0
222457_150977,0
222457_57345,0
222460_11922,0
222460_205419,1
222460_255916,1
222460_84824,1
222460_95068,0
222460_294233,0
222461_126992,1
222461_101075,0
222461_17502,0
222461_278271,0
222461_187117,1
222461_32112,1
222462_214979,1
222462_20538,1
222462_250433,1
222462_205656,1
222462_185036,1
222462_79309,1
222468_20878,0
222468_157571,0
222468_205664,1
222468_292446,1
222468_170203,1
222468_264496,0
222469_89984,1
222469_62025,1
222469_135745,1
222469_210634,1
222469_214221,1
222469_222170,1
222474_19595,0
222474_79343,1
222474_73524,1
222474_215980,1
222474_66637,0
222474_71402,1
222477_138355,1
222477_127691,1
222477_22362,0
222477_273651,1
222477_197994,1
222477_55282,1
222480_286239,1
222480_199629,0
222480_156913,1
222480_277309,0
222480_146857,0
222480_196470,1
222481_112225,0
222481_251822,0
222481_197768,0
222481_227830,0
222481_137485,1
222481_246593,1
222482_204025,0
222482_184566,1
222482_248171,1
222482_30740,1
222482_289546,1
222482_133304,1
222484_73425,0
222484_211273,0
222484_150250,1
222484_45295,0
222484_2664,0
222484_230797,1
222490_291350,0
222490_223454,0
222490_177229,0
222490_5791,1
222490_126692,0
222490_134510,1
222491_3945,1
222491_197524,1
222491_291238,0
222491_42147,0
222491_145445,0
222491_131673,0
222492_112473,0
222492_212247,0
222492_109069,0
222492_13910,1
222492_165215,1
222492_207604,1
222500_108879,1
222500_84436,1
222500_32840,0
222500_140464,0
222500_269108,1
222500_203633,0
222502_177332,1
222502_196327,1
222502_51468,0
222502_65345,1
222502_113233,0
222502_279778,1
222509_158648,0
222509_123363,1
222509_123781,0
222509_77246,0
222509_33309,1
222509_36656,1
222514_195668,1
222514_283921,0
222514_243315,1
222514_280405,1
222514_6512,0
222514_185516,0
222519_197039,1
222519_90335,1
222519_173677,1
222519_117266,1
222519_258448,0
222519_29161,0
222525_100174,0
222525_138592,0
222525_192536,1
222525_7254,1
222525_178870,0
222525_238134,0
222528_230677,1
222528_54093,1
222528_53838,0
222528_123579,1
222528_292341,0
222528_189861,0
222530_37545,0
222530_98721,1
222530_64560,0
222530_14364,1
222530_85963,0
222530_184069,0
222533_94073,1
222533_133234,0
222533_193341,0
222533_207413,1
222533_269619,1
222533_125636,0
222534_97007,0
222534_188973,0
222534_258754,1
222534_19098,0
222534_291238,1
222534_213129,0
222536_279487,0
222536_91150,0
222536_122580,1
222536_40741,0
222536_48618,1
222536_181408,0
222537_279144,1
222537_10032,0
222537_224515,1
222537_101875,1
222537_113224,1
222537_11618,0
222538_38168,1
222538_204223,0
222538_180847,0
222538_39465,1
222538_177982,1
222538_152941,1
222540_12922,1
222540_197211,0
222540_268077,0
222540_110099,0
222540_101982,1
222540_268721,1
222542_204169,0
222542_106788,1
222542_114167,0
222542_226207,1
222542_34859,0
222542_294205,1
222545_82931,0
222545_1650,1
222545_45210,1
222545_201021,0
222545_240360,1
222545_5488,0
222548_95580,1
222548_178527,1
222548_114421,1
222548_92164,1
222548_116166,1
222548_162435,0
222549_17140,0
222549_78307,0
222549_290045,0
222549_282918,1
222549_290513,0
222549_272039,0
222553_31158,1
222553_160650,1
222553_375,0
222553_241266,0
222553_226284,1
222553_253997,1
222559_1051,1
222559_214856,1
222559_241845,0
222559_234764,1
222559_241266,0
222559_233153,1
222561_210483,1
222561_237727,1
222561_187071,1
222561_277120,1
222561_65096,1
222561_117671,1
222564_218956,1
222564_51277,1
222564_51215,1
222564_143295,0
222564_103637,0
222564_162286,1
222567_43564,1
222567_106827,0
222567_111296,1
222567_194512,1
222567_200432,1
222567_255155,1
222568_186400,1
222568_255467,0
222568_282901,1
222568_223275,1
222568_251902,1
222568_279408,1
222571_120467,1
222571_179654,1
222571_14873,0
222571_93799,0
222571_295264,1
222571_133381,0
222573_8469,0
222573_223276,0
222573_146570,0
222573_237718,1
222573_175274,1
222573_271488,1
222575_97231,0
222575_249121,0
222575_278582,1
222575_279709,0
222575_207101,0
222575_270004,1
222577_125198,0
222577_83173,0
222577_289553,0
222577_128541,0
222577_208445,0
222577_266382,1
222578_155254,0
222578_33173,1
222578_227705,1
222578_287584,0
222578_230427,1
222578_52853,0
222580_143640,1
222580_112852,1
222580_157702,1
222580_138706,1
222580_46242,0
222580_104254,0
222582_223389,1
222582_140645,1
222582_181316,1
222582_242852,0
222582_9422,1
222582_155231,1
222587_234392,1
222587_198293,1
222587_271169,1
222587_293,1
222587_222443,1
222587_58041,0
222589_103589,0
222589_35192,1
222589_107420,1
222589_290460,0
222589_96386,1
222589_214201,0
222590_50216,0
222590_106548,1
222590_70268,0
222590_49962,1
222590_88839,1
222590_53935,1
222591_236906,0
222591_165437,1
222591_160120,0
222591_136528,0
222591_122008,1
222591_124416,0
222594_54902,0
222594_234236,1
222594_135589,1
222594_117728,0
222594_82340,1
222594_260051,0
222596_2463,0
222596_179152,1
222596_245890,1
222596_186736,1
222596_272134,1
222596_160643,1
222601_19354,0
222601_108,1
222601_62493,0
222601_178269,0
222601_99832,1
222601_151627,0
222602_295939,0
222602_180456,0
222602_112017,0
222602_90684,1
222602_115876,0
222602_3538,0
222603_158620,0
222603_291024,0
222603_257899,0
222603_122434,0
222603_12095,1
222603_203707,1
222614_130747,0
222614_244947,0
222614_142163,0
222614_250165,0
222614_8480,0
222614_226611,0
222620_38434,0
222620_136832,1
222620_119772,1
222620_244107,0
222620_260039,1
222620_291958,0
222621_60434,1
222621_150519,0
222621_234728,1
222621_204560,1
222621_174591,0
222621_120219,1
222623_49463,0
222623_110246,1
222623_142688,1
222623_252444,0
222623_295149,0
222623_28858,1
222624_22716,1
222624_2081,0
222624_265129,1
222624_268917,1
222624_151690,1
222624_225627,1
222625_120519,1
222625_262325,1
222625_190683,1
222625_74542,1
222625_207465,1
222625_65494,1
222626_19130,1
222626_281521,0
222626_10357,1
222626_294086,0
222626_179502,1
222626_162103,1
222627_213583,0
222627_7954,1
222627_165100,0
222627_17099,1
222627_125865,1
222627_56228,1
222628_129903,0
222628_66292,0
222628_142878,0
222628_125761,0
222628_122337,0
222628_26097,1
222630_234445,0
222630_238633,1
222630_73203,1
222630_61880,1
222630_250851,1
222630_125944,1
222632_272909,0
222632_209169,0
222632_174788,1
222632_34803,1
222632_160843,0
222632_100142,0
222634_262542,1
222634_259546,0
222634_178370,1
222634_60913,1
222634_169945,1
222634_182277,0
222636_84874,1
222636_32185,1
222636_172656,0
222636_239100,0
222636_13841,0
222636_183045,0
222640_214979,1
222640_177359,1
222640_185820,0
222640_287918,0
222640_269273,1
222640_19543,1
222644_232418,0
222644_31811,0
222644_10357,0
222644_91701,1
222644_171643,1
222644_273755,1
222646_163189,1
222646_65754,0
222646_109463,0
222646_135897,1
222646_46269,0
222646_34470,1
222647_163598,0
222647_182890,0
222647_272685,1
222647_254349,0
222647_36719,1
222647_23146,1
222648_12766,1
222648_60913,1
222648_271088,1
222648_95851,1
222648_236455,1
222648_102318,1
222649_59870,0
222649_218956,0
222649_245358,1
222649_140375,1
222649_153272,1
222649_171007,1
222657_171951,1
222657_259039,0
222657_173513,1
222657_247777,0
222657_92394,0
222657_283579,0
222659_265281,1
222659_60217,0
222659_288878,1
222659_11594,1
222659_70431,1
222659_134157,1
222665_102112,1
222665_225156,0
222665_282901,1
222665_63674,1
222665_222590,0
222665_182840,0
222667_103080,1
222667_70268,1
222667_23934,0
222667_203152,1
222667_18135,0
222667_69116,1
222668_252285,1
222668_202570,0
222668_261755,1
222668_257140,0
222668_230521,1
222668_214438,1
222669_42071,0
222669_257260,0
222669_248603,0
222669_116413,1
222669_48741,0
222669_123043,0
222674_119772,1
222674_91046,1
222674_162802,0
222674_264901,1
222674_226957,1
222674_66417,0
222675_152293,0
222675_36627,0
222675_31440,1
222675_168264,0
222675_105926,0
222675_245668,1
222678_165759,1
222678_269114,0
222678_265473,0
222678_212852,0
222678_28591,0
222678_60534,1
222686_242494,1
222686_78526,1
222686_259064,1
222686_287625,1
222686_276223,1
222686_105015,1
222687_239143,1
222687_147466,1
222687_2783,1
222687_94390,1
222687_182917,1
222687_86431,1
222689_285302,1
222689_5944,0
222689_166203,0
222689_218238,0
222689_150315,0
222689_172012,0
222691_224964,1
222691_18066,1
222691_117377,1
222691_143734,1
222691_286721,1
222691_36024,1
222692_216902,0
222692_131633,1
222692_234432,0
222692_13493,1
222692_45935,1
222692_145108,1
222698_64402,1
222698_55940,1
222698_158155,0
222698_23682,1
222698_80225,1
222698_197142,0
222699_112056,1
222699_205431,1
222699_37400,1
222699_46756,1
222699_129811,1
222699_264120,0
222701_270004,1
222701_227397,0
222701_247800,1
222701_54821,1
222701_31440,1
222701_74296,1
222703_24547,0
222703_247191,0
222703_70431,1
222703_148557,0
222703_120004,1
222703_277604,1
222706_167414,1
222706_235683,0
222706_131416,1
222706_136823,1
222706_130317,1
222706_271007,0
222707_207677,0
222707_134456,0
222707_28365,0
222707_277360,0
222707_46094,0
222707_63532,0
222708_263281,0
222708_285757,0
222708_139745,1
222708_146263,1
222708_265682,1
222708_76069,0
222710_259854,0
222710_189762,0
222710_87678,1
222710_55250,1
222710_238915,0
222710_23626,0
222713_212527,1
222713_17790,1
222713_145639,1
222713_70729,1
222713_244759,1
222713_32392,1
222718_152064,0
222718_177832,0
222718_18979,1
222718_290233,0
222718_271488,1
222718_152212,1
222719_35897,0
222719_250230,1
222719_89332,1
222719_41733,0
222719_271537,1
222719_82335,0
222722_248329,1
222722_80772,0
222722_182370,1
222722_218976,1
222722_252386,0
222722_139783,0
222725_7184,1
222725_271092,1
222725_132365,0
222725_73466,0
222725_215870,0
222725_196883,1
222726_243821,1
222726_123332,0
222726_210360,0
222726_48632,0
222726_32740,0
222726_185900,1
222728_72591,1
222728_159622,0
222728_233112,0
222728_190774,0
222728_145221,1
222728_82729,0
222732_270906,1
222732_129144,0
222732_264826,0
222732_276208,1
222732_143260,0
222732_52475,0
222733_53910,0
222733_227440,1
222733_100608,0
222733_145873,0
222733_229553,0
222733_289596,1
222735_125849,0
222735_118127,0
222735_231892,1
222735_82365,1
222735_171785,0
222735_65755,1
222738_13882,1
222738_45219,0
222738_37651,0
222738_231463,1
222738_139320,1
222738_221019,1
222742_140945,0
222742_150766,1
222742_25051,0
222742_274931,1
222742_15776,1
222742_240037,0
222743_48096,1
222743_91563,0
222743_285787,1
222743_242044,0
222743_75061,1
222743_295117,1
222746_30594,0
222746_119532,1
222746_246272,0
222746_120734,0
222746_175402,0
222746_148419,1
222750_161639,1
222750_255206,0
222750_280823,0
222750_208813,1
222750_160925,1
222750_184197,0
222751_221618,0
222751_209018,0
222751_89419,1
222751_169398,1
222751_247852,0
222751_91695,0
222753_102978,1
222753_56976,1
222753_275729,1
222753_196883,1
222753_146263,1
222753_210679,1
222757_517,0
222757_48329,1
222757_238389,1
222757_61846,0
222757_186266,1
222757_2579,1
222760_122283,0
222760_163857,1
222760_30999,1
222760_36591,1
222760_283208,0
222760_33879,0
222762_63855,1
222762_59296,1
222762_60428,1
222762_88624,0
222762_85061,1
222762_3413,1
222764_104330,1
222764_286525,1
222764_280792,1
222764_7740,1
222764_87744,1
222764_284261,1
222765_13400,0
222765_5791,0
222765_66359,1
222765_279997,0
222765_49149,1
222765_52063,0
222766_78204,1
222766_58909,1
222766_102544,0
222766_115550,1
222766_15234,0
222766_277222,1
222769_152570,1
222769_284104,1
222769_220904,0
222769_191036,1
222769_105306,0
222769_214177,0
222773_13011,1
222773_191597,0
222773_139094,0
222773_250229,0
222773_239948,1
222773_228549,1
222775_255073,0
222775_58294,1
222775_69797,1
222775_260833,1
222775_138477,1
222775_128078,0
222776_72412,0
222776_258300,0
222776_97522,1
222776_281350,1
222776_274209,1
222776_117920,1
222777_60404,1
222777_217824,0
222777_82535,1
222777_146458,1
222777_273258,1
222777_102647,1
222778_290150,1
222778_69645,1
222778_102078,0
222778_202851,1
222778_237847,1
222778_77258,1
222779_31836,1
222779_268917,1
222779_3413,1
222779_287000,0
222779_165847,1
222779_134774,0
222782_159052,1
222782_198640,1
222782_169120,1
222782_56811,1
222782_30508,1
222782_227993,1
222783_16374,1
222783_9411,0
222783_267422,1
222783_227723,0
222783_33827,1
222783_132568,0
222784_258540,1
222784_81750,1
222784_133302,1
222784_149391,1
222784_715,1
222784_257745,1
222791_145607,1
222791_217381,0
222791_221636,1
222791_85072,0
222791_103434,0
222791_130256,0
222794_91475,1
222794_264152,1
222794_248526,1
222794_183079,1
222794_33094,0
222794_177483,0
222795_18245,1
222795_170115,0
222795_254516,0
222795_204396,0
222795_207961,1
222795_176853,0
222801_244372,1
222801_142576,1
222801_149314,1
222801_186762,1
222801_240074,1
222801_195811,0
222810_202342,1
222810_59344,1
222810_247218,1
222810_27184,1
222810_39896,1
222810_231837,0
222812_150740,1
222812_214851,1
222812_131564,1
222812_136229,1
222812_112808,1
222812_211217,1
222813_49119,0
222813_254899,1
222813_268388,1
222813_245464,1
222813_167345,1
222813_113233,0
222815_258308,1
222815_295341,1
222815_35012,1
222815_289596,1
222815_45686,0
222815_83452,1
222819_8752,0
222819_31714,1
222819_126082,1
222819_278582,0
222819_93798,0
222819_56976,1
222824_60913,1
222824_169846,1
222824_267135,1
222824_282355,1
222824_69292,0
222824_13641,1
222825_88840,1
222825_178310,1
222825_87505,1
222825_143041,1
222825_150186,1
222825_119303,0
222827_282259,0
222827_161301,0
222827_160789,1
222827_180803,1
222827_137667,0
222827_99832,1
222828_200072,0
222828_92084,0
222828_217547,1
222828_62578,0
222828_182203,1
222828_262955,0
222829_138021,1
222829_85681,1
222829_264299,1
222829_139654,0
222829_47249,1
222829_125110,1
222831_86732,1
222831_120563,0
222831_230939,0
222831_238340,1
222831_184197,1
222831_198391,0
222833_43184,1
222833_105563,1
222833_125958,1
222833_6191,1
222833_104323,1
222833_103080,1
222837_261377,1
222837_224746,0
222837_245590,1
222837_273051,1
222837_137485,1
222837_115860,1
222840_139809,0
222840_77677,1
222840_210453,1
222840_71685,1
222840_58268,1
222840_179750,1
222843_258891,1
222843_162565,1
222843_29988,1
222843_213072,1
222843_72225,1
222843_236493,1
222845_276028,0
222845_91083,1
222845_39760,0
222845_230333,1
222845_224679,1
222845_158255,1
222848_91475,1
222848_17184,1
222848_150618,1
222848_71966,1
222848_170317,0
222848_263249,1
222849_254692,0
222849_169876,1
222849_290250,1
222849_294420,1
222849_54118,0
222849_234842,1
222850_241491,1
222850_274858,0
222850_16842,1
222850_37260,1
222850_98681,1
222850_52599,0
222852_56154,0
222852_91629,0
222852_41698,1
222852_171850,1
222852_196860,1
222852_155058,0
222854_238662,0
222854_126186,1
222854_196699,1
222854_214445,0
222854_101369,0
222854_30571,0
222855_245486,1
222855_122251,0
222855_188168,1
222855_200914,0
222855_139425,0
222855_213280,1
222858_132003,0
222858_250803,0
222858_246110,1
222858_84135,1
222858_177577,1
222858_74296,0
222860_34661,1
222860_8599,0
222860_129748,1
222860_42334,0
222860_168197,1
222860_45150,1
222862_129019,1
222862_200132,1
222862_165363,0
222862_228128,0
222862_237679,1
222862_106286,0
222865_11425,1
222865_140602,1
222865_244691,0
222865_200777,1
222865_20423,0
222865_155463,1
222868_103918,1
222868_43564,1
222868_210865,1
222868_260907,0
222868_178563,1
222868_249007,0
222870_137071,1
222870_129095,1
222870_119664,0
222870_201735,0
222870_36641,1
222870_257603,0
222872_49270,1
222872_114986,0
222872_100608,0
222872_45085,0
222872_101106,0
222872_80916,1
222875_253858,1
222875_219666,0
222875_81337,1
222875_44796,1
222875_81141,1
222875_144691,1
222876_33195,0
222876_179979,1
222876_181901,0
222876_152087,1
222876_167564,0
222876_241131,0
222879_173513,1
222879_145928,0
222879_133756,0
222879_283018,1
222879_164404,0
222879_85681,1
222880_290937,0
222880_268984,1
222880_204462,0
222880_112535,0
222880_104483,0
222880_204883,1
222888_38015,1
222888_6548,1
222888_213017,1
222888_291238,1
222888_295050,1
222888_1108,1
222891_14485,1
222891_106329,1
222891_80649,0
222891_210087,0
222891_116706,0
222891_221618,0
222894_281844,1
222894_222763,0
222894_148845,0
222894_241006,1
222894_234849,1
222894_253486,0
222895_66360,0
222895_42182,1
222895_232815,0
222895_91414,1
222895_223542,0
222895_72607,0
222896_1000,0
222896_66359,1
222896_66593,0
222896_162181,0
222896_160012,1
222896_263828,1
222900_291338,0
222900_47926,0
222900_46324,1
222900_175716,1
222900_119294,0
222900_277930,1
222902_222883,0
222902_108501,1
222902_102980,1
222902_19517,1
222902_148514,0
222902_217861,1
222904_272464,0
222904_223264,1
222904_72904,1
222904_109667,0
222904_243041,0
222904_29305,1
222905_287949,0
222905_17790,0
222905_193753,1
222905_221009,0
222905_187117,1
222905_165376,1
222906_169749,0
222906_76395,0
222906_232780,0
222906_219799,0
222906_111346,1
222906_181990,0
222908_55481,1
222908_187847,0
222908_161193,1
222908_80916,1
222908_46701,1
222908_99656,0
222911_51468,1
222911_46225,1
222911_167240,1
222911_283121,1
222911_20662,1
222911_185211,1
222912_16374,0
222912_27174,0
222912_65781,0
222912_12589,0
222912_289735,1
222912_283737,0
222913_111346,0
222913_286454,1
222913_255916,1
222913_276392,0
222913_117706,1
222913_141713,0
222914_133020,1
222914_250017,1
222914_239100,1
222914_113416,1
222914_197311,0
222914_153742,1
222916_2833,1
222916_133421,1
222916_86212,1
222916_120535,1
222916_244528,1
222916_7423,1
222917_131317,0
222917_148814,0
222917_127872,1
222917_126448,1
222917_222443,1
222917_41735,1
222921_28411,1
222921_246841,0
222921_142205,0
222921_206260,0
222921_91978,1
222921_82803,0
222922_37695,1
222922_119755,1
222922_214562,1
222922_256922,1
222922_290056,0
222922_10717,0
222923_215325,1
222923_241224,1
222923_85262,0
222923_215798,1
222923_167292,0
222923_277519,0
222926_84099,0
222926_29189,0
222926_77330,0
222926_91565,0
222926_189909,0
222926_58667,0
222928_168502,1
222928_124221,1
222928_223975,1
222928_185805,1
222928_203679,1
222928_285182,1
222930_186900,0
222930_2344,0
222930_66003,0
222930_199340,1
222930_225744,0
222930_187101,1
222932_84995,1
222932_247731,0
222932_285250,1
222932_33233,1
222932_233429,1
222932_260276,1
222933_103712,0
222933_227234,0
222933_128562,1
222933_219973,1
222933_42887,0
222933_168209,1
222935_267135,1
222935_99674,1
222935_292079,1
222935_272575,1
222935_104050,1
222935_271163,1
222940_267135,1
222940_122862,0
222940_27259,1
222940_104659,1
222940_252552,0
222940_258179,0
222941_101548,1
222941_84958,0
222941_263621,1
222941_198740,0
222941_244659,1
222941_30397,0
222944_286454,1
222944_49746,0
222944_174387,0
222944_94893,1
222944_246657,1
222944_41843,1
222946_167061,0
222946_206582,1
222946_49536,0
222946_239014,1
222946_62302,0
222946_152511,1
222947_102495,1
222947_108183,1
222947_51743,0
222947_97256,1
222947_128541,0
222947_83546,0
222948_120563,1
222948_153923,1
222948_256189,1
222948_8348,1
222948_228605,1
222948_221887,1
222950_294674,0
222950_166118,1
222950_224668,1
222950_131453,1
222950_194520,1
222950_67659,1
222952_32878,1
222952_276456,0
222952_176480,1
222952_128292,1
222952_45821,1
222952_211149,0
222958_281402,1
222958_198669,0
222958_267135,1
222958_51765,1
222958_181115,0
222958_275736,1
222961_191995,1
222961_262191,0
222961_281436,1
222961_265927,1
222961_119333,1
222961_478,1
222962_176998,0
222962_58082,0
222962_43564,1
222962_154323,0
222962_210679,1
222962_227594,1
222970_3458,1
222970_104207,1
222970_64593,1
222970_125899,0
222970_289304,1
222970_250035,1
222972_54840,0
222972_221237,1
222972_283708,1
222972_238113,0
222972_151799,1
222972_45166,1
222974_163981,0
222974_285658,0
222974_173506,1
222974_131309,0
222974_185840,0
222974_127473,0
222976_145601,0
222976_171054,1
222976_287260,0
222976_24879,1
222976_101193,1
222976_48282,1
222977_144761,0
222977_247379,0
222977_12647,1
222977_248017,0
222977_108161,0
222977_207449,1
222978_18044,0
222978_283420,0
222978_269329,1
222978_72818,1
222978_212439,1
222978_244947,1
222979_44380,1
222979_82931,0
222979_197919,1
222979_141772,1
222979_243116,0
222979_262921,1
222981_84413,1
222981_170402,0
222981_20960,0
222981_189418,0
222981_31200,1
222981_164737,0
222983_8085,1
222983_10032,0
222983_282945,1
222983_290850,0
222983_200139,1
222983_275378,0
222984_75278,0
222984_13622,1
222984_289946,1
222984_125820,1
222984_171609,0
222984_178738,1
222985_224508,0
222985_13477,0
222985_168035,1
222985_257449,1
222985_127020,0
222985_69951,0
222989_105936,1
222989_62808,0
222989_165044,1
222989_294052,1
222989_208113,1
222989_113645,0
222992_80100,1
222992_231,1
222992_110426,1
222992_41098,1
222992_46756,1
222992_138794,1
222993_162169,0
222993_13481,0
222993_29197,0
222993_151484,0
222993_76305,0
222993_20895,0
222994_51665,0
222994_82031,1
222994_215398,0
222994_121981,1
222994_135745,1
222994_172420,0
222995_121895,1
222995_267879,1
222995_71237,1
222995_148494,0
222995_111539,0
222995_43473,1
222996_52617,0
222996_217877,1
222996_224231,1
222996_63674,0
222996_72266,1
222996_128196,1
222997_81323,1
222997_288536,1
222997_86396,0
222997_208829,1
222997_214079,0
222997_145554,1
223001_181408,0
223001_45596,1
223001_104120,0
223001_275953,0
223001_197897,1
223001_79604,1
223004_65316,0
223004_112098,1
223004_60434,1
223004_81444,1
223004_38041,0
223004_148746,1
223005_203258,0
223005_185112,1
223005_113233,1
223005_109782,0
223005_155844,0
223005_170783,1
223008_156293,1
223008_26085,0
223008_3062,0
223008_284221,0
223008_173518,0
223008_248643,1
223009_37373,1
223009_260444,1
223009_190026,1
223009_210720,0
223009_291658,0
223009_181942,0
223010_52044,1
223010_66757,0
223010_53542,1
223010_51457,0
223010_283227,0
223010_166592,1
223011_294134,0
223011_69661,1
223011_151790,1
223011_221371,1
223011_2538,1
223011_170625,1
223014_30242,1
223014_78364,0
223014_123209,0
223014_256822,0
223014_294616,0
223014_51563,0
223015_27035,1
223015_38510,0
223015_210352,0
223015_232828,1
223015_82468,1
223015_168324,0
223017_233400,0
223017_51924,1
223017_268920,0
223017_53887,1
223017_65,0
223017_216200,1
223018_295184,0
223018_67560,0
223018_211093,1
223018_282136,1
223018_284211,1
223018_230980,1
223019_58613,1
223019_105749,0
223019_22763,0
223019_265679,1
223019_2170,1
223019_283367,0
223022_67156,0
223022_18198,0
223022_266191,0
223022_226392,0
223022_168211,0
223022_73547,0
223026_36027,0
223026_85172,1
223026_134510,0
223026_261450,0
223026_141156,0
223026_208284,0
223027_130323,0
223027_141300,0
223027_83086,1
223027_14542,1
223027_246970,1
223027_280919,0
223031_211239,1
223031_128714,1
223031_256418,0
223031_205311,1
223031_118822,1
223031_146570,1
223032_262140,0
223032_41838,1
223032_91936,0
223032_71131,1
223032_244009,1
223032_69316,0
223033_249082,1
223033_261450,1
223033_150170,1
223033_91076,1
223033_110918,1
223033_149769,1
223037_266435,0
223037_208162,0
223037_209638,0
223037_248532,1
223037_206085,1
223037_215125,1
223039_67942,0
223039_113923,1
223039_76706,0
223039_207890,1
223039_263806,1
223039_9597,1
223042_188126,0
223042_260175,1
223042_214856,0
223042_148557,0
223042_121328,0
223042_176301,1
223045_249929,1
223045_130807,1
223045_233293,1
223045_254778,1
223045_164592,1
223045_124416,1
223046_125944,1
223046_62493,1
223046_164954,0
223046_45078,1
223046_134116,1
223046_36028,1
223047_65494,1
223047_196576,0
223047_60913,1
223047_123057,1
223047_149377,0
223047_265986,0
223048_88278,0
223048_17759,1
223048_150250,0
223048_119437,1
223048_220171,0
223048_288689,0
223050_77246,1
223050_58433,0
223050_47528,0
223050_290021,1
223050_182224,0
223050_190849,0
223051_66865,0
223051_272558,0
223051_116597,0
223051_280898,0
223051_12984,0
223051_59558,1
223053_112011,0
223053_239143,1
223053_85275,1
223053_223494,1
223053_215054,0
223053_254395,1
223055_165251,1
223055_240635,0
223055_167340,1
223055_33669,1
223055_57581,1
223055_160489,1
223057_225472,1
223057_157013,1
223057_52670,1
223057_77233,1
223057_90931,1
223057_72895,0
223058_48364,1
223058_182224,1
223058_150748,1
223058_45651,1
223058_176586,1
223058_223958,0
223059_219973,1
223059_157551,1
223059_69464,0
223059_115335,0
223059_197897,0
223059_115289,1
223061_155743,1
223061_116656,0
223061_26121,0
223061_20747,0
223061_294674,1
223061_170547,0
223064_32943,0
223064_26366,1
223064_5457,1
223064_204029,1
223064_122532,0
223064_166498,0
223065_112041,0
223065_24681,1
223065_14355,1
223065_215414,1
223065_103880,0
223065_266925,1
223066_100076,0
223066_281818,1
223066_224515,0
223066_143197,0
223066_131633,0
223066_106602,0
223067_276760,0
223067_142683,1
223067_159201,0
223067_231031,0
223067_232621,1
223067_217666,1
223068_30244,1
223068_241116,1
223068_48253,1
223068_8980,1
223068_173982,1
223068_255065,1
223072_179502,0
223072_145127,0
223072_203679,0
223072_242606,1
223072_156854,0
223072_204354,1
223082_43031,0
223082_69434,1
223082_113464,1
223082_209684,0
223082_215631,1
223082_224309,0
223083_154286,1
223083_251403,1
223083_211834,1
223083_3413,1
223083_170809,0
223083_110173,1
223087_23154,0
223087_53925,1
223087_67879,1
223087_185112,1
223087_149142,0
223087_255434,0
223089_228892,1
223089_169856,1
223089_84511,0
223089_254625,1
223089_221867,1
223089_102978,1
223090_116743,1
223090_186289,0
223090_243273,1
223090_273164,1
223090_14759,0
223090_206834,0
223094_140230,1
223094_178370,0
223094_13543,1
223094_133601,1
223094_56288,1
223094_38282,1
223096_221236,0
223096_143789,1
223096_215398,0
223096_51888,1
223096_249121,0
223096_234772,0
223099_170405,1
223099_251831,1
223099_128830,1
223099_200359,0
223099_141535,1
223099_178996,1
223105_84397,1
223105_202162,0
223105_270454,0
223105_151580,1
223105_197495,1
223105_56056,0
223109_10317,0
223109_63510,1
223109_88970,1
223109_173257,1
223109_100174,1
223109_282423,1
223115_134456,1
223115_170556,0
223115_111183,0
223115_157414,0
223115_221902,0
223115_72387,0
223116_15933,0
223116_206151,1
223116_253134,1
223116_125544,0
223116_74142,1
223116_101321,0
223117_218833,0
223117_42334,1
223117_45250,0
223117_203152,0
223117_201326,0
223117_245984,1
223119_59296,1
223119_6159,1
223119_239284,1
223119_272332,0
223119_205713,0
223119_275082,0
223120_55878,1
223120_179121,1
223120_144186,0
223120_135036,1
223120_115569,0
223120_265106,0
223121_96334,1
223121_65618,1
223121_111020,1
223121_48796,0
223121_98045,1
223121_264668,1
223123_366,0
223123_52044,1
223123_5799,0
223123_59009,1
223123_246189,0
223123_230881,0
223124_276208,1
223124_252427,1
223124_204718,0
223124_231282,1
223124_100831,0
223124_43626,0
223125_110791,1
223125_715,0
223125_242102,1
223125_36766,1
223125_285266,0
223125_226889,1
223128_294836,1
223128_73096,0
223128_43457,1
223128_122020,1
223128_130820,1
223128_28948,0
223129_96327,0
223129_120158,1
223129_249919,1
223129_113179,1
223129_112929,0
223129_144993,0
223130_281016,1
223130_256206,1
223130_286730,1
223130_150250,1
223130_51306,1
223130_71363,0
223132_12984,0
223132_169929,1
223132_105229,0
223132_40683,0
223132_203311,0
223132_247270,0
223135_71782,1
223135_22704,0
223135_70122,1
223135_34829,1
223135_262140,1
223135_116355,1
223136_54559,0
223136_229894,1
223136_21593,0
223136_79784,0
223136_213072,1
223136_219794,1
223137_3109,1
223137_238869,1
223137_205311,1
223137_52473,1
223137_288337,0
223137_18486,1
223141_195223,0
223141_80075,0
223141_291878,0
223141_188924,1
223141_258064,1
223141_98193,1
223143_280639,1
223143_213443,0
223143_63216,1
223143_57983,0
223143_207714,0
223143_141263,0
223144_250742,1
223144_39623,0
223144_140955,0
223144_31714,0
223144_69476,1
223144_127498,0
223150_209371,1
223150_118642,1
223150_290150,1
223150_285713,1
223150_101847,1
223150_140840,1
223153_165361,0
223153_174046,0
223153_136382,0
223153_46562,0
223153_101954,0
223153_73096,0
223155_178806,0
223155_277735,1
223155_8565,1
223155_211217,1
223155_95728,0
223155_95042,0
223156_8747,1
223156_114421,1
223156_164071,1
223156_256251,1
223156_169821,0
223156_120129,1
223158_150640,1
223158_129366,1
223158_141610,0
223158_104050,1
223158_103870,1
223158_271255,0
223159_173627,1
223159_85831,0
223159_71980,0
223159_168253,1
223159_69797,1
223159_81074,1
223161_117407,1
223161_56855,1
223161_248630,1
223161_212449,1
223161_51665,1
223161_246572,1
223164_230153,0
223164_138362,0
223164_241491,0
223164_202473,0
223164_49136,0
223164_260399,0
223165_277945,0
223165_101871,1
223165_90931,1
223165_158385,0
223165_179540,1
223165_80129,0
223168_238689,1
223168_36759,1
223168_234432,1
223168_34152,0
223168_222494,1
223168_278615,1
223169_49651,1
223169_2167,0
223169_38235,0
223169_238703,1
223169_216960,1
223169_222425,1
223172_23061,1
223172_47488,1
223172_13390,1
223172_3413,1
223172_105117,1
223172_212849,1
223174_110637,0
223174_48961,0
223174_294134,0
223174_193883,0
223174_40829,0
223174_180441,0
223175_186068,0
223175_11350,1
223175_182385,1
223175_231651,0
223175_281818,1
223175_243904,1
223177_86038,0
223177_282423,1
223177_249674,1
223177_281814,1
223177_88072,0
223177_225885,0
223178_114070,1
223178_234742,1
223178_102420,0
223178_252250,1
223178_157733,1
223178_201147,1
223179_231755,0
223179_185243,0
223179_66741,1
223179_73821,1
223179_220478,1
223179_87701,1
223183_97229,1
223183_87671,1
223183_116,1
223183_161617,0
223183_39659,0
223183_219360,1
223184_59470,1
223184_174466,0
223184_45772,1
223184_104602,0
223184_71685,0
223184_268303,1
223185_263249,0
223185_208698,0
223185_107322,0
223185_48386,0
223185_270419,0
223185_126692,0
223187_293706,0
223187_2453,1
223187_221953,1
223187_230338,0
223187_12711,1
223187_71213,0
223188_1754,1
223188_71455,1
223188_70788,1
223188_206089,1
223188_20747,1
223188_141875,1
223191_122909,1
223191_190113,0
223191_153491,1
223191_275120,0
223191_74577,0
223191_212755,0
223193_225885,1
223193_165106,1
223193_143925,0
223193_139282,1
223193_104483,1
223193_62665,1
223194_56811,1
223194_47179,1
223194_187734,0
223194_73901,1
223194_125110,1
223194_229894,1
223198_9373,0
223198_263727,0
223198_43068,0
223198_25700,0
223198_77912,0
223198_46539,0
223199_295703,0
223199_115052,1
223199_173120,1
223199_238508,1
223199_79042,1
223199_274537,0
223200_10758,1
223200_43956,1
223200_246219,1
223200_171530,1
223200_153877,1
223200_218340,1
223201_156164,1
223201_111694,1
223201_28924,1
223201_279469,1
223201_73265,1
223201_30124,1
223204_254238,1
223204_193003,1
223204_266412,1
223204_198691,1
223204_205311,1
223204_262536,1
223206_294616,1
223206_31065,0
223206_131498,0
223206_145487,0
223206_212592,1
223206_1754,1
223209_209275,1
223209_161083,1
223209_236175,1
223209_69797,1
223209_143132,1
223209_185497,0
223213_204888,1
223213_294134,0
223213_250072,0
223213_12501,0
223213_214890,0
223213_568,1
223214_272875,0
223214_44290,0
223214_226950,1
223214_17882,0
223214_5030,1
223214_26225,1
223219_85172,1
223219_109482,0
223219_162152,0
223219_241759,1
223219_88852,0
223219_175955,0
223220_111346,1
223220_56811,1
223220_151623,0
223220_223276,1
223220_50334,1
223220_152982,0
223221_14355,1
223221_24977,1
223221_93036,0
223221_281826,1
223221_158413,1
223221_140856,0
223225_46252,1
223225_74142,1
223225_258023,0
223225_286425,0
223225_34503,1
223225_167017,0
223227_166554,1
223227_151057,1
223227_259273,1
223227_50106,1
223227_75324,0
223227_292141,1
223228_31886,1
223228_148584,1
223228_30167,0
223228_69860,1
223228_22070,1
223228_2577,1
223231_98374,0
223231_202784,1
223231_83093,0
223231_111746,0
223231_261477,0
223231_291951,0
223233_115796,0
223233_29381,0
223233_141970,1
223233_160889,0
223233_3181,1
223233_230460,1
223237_283956,0
223237_153606,0
223237_175144,0
223237_56317,1
223237_98681,1
223237_269619,0
223239_97763,0
223239_235716,1
223239_283976,1
223239_252434,0
223239_103870,1
223239_128323,1
223245_100342,1
223245_100608,0
223245_288093,1
223245_85777,1
223245_294181,1
223245_112449,1
223246_256232,1
223246_237140,1
223246_133262,1
223246_144357,1
223246_278582,1
223246_173650,1
223247_264002,0
223247_267161,0
223247_21176,1
223247_48329,1
223247_141772,1
223247_219283,0
223248_99374,1
223248_78132,1
223248_124387,0
223248_271163,1
223248_150618,0
223248_43541,0
223249_107186,0
223249_155892,0
223249_293385,0
223249_295130,1
223249_274978,1
223249_23138,1
223250_213509,0
223250_101608,1
223250_273885,1
223250_1490,1
223250_101810,1
223250_134225,0
223253_102349,1
223253_71059,1
223253_113135,1
223253_272781,0
223253_230358,1
223253_20502,0
223255_38906,1
223255_280697,0
223255_19605,0
223255_98099,1
223255_114122,0
223255_101466,1
223258_233551,1
223258_170354,0
223258_2129,1
223258_23279,1
223258_21548,1
223258_184644,1
223261_53360,1
223261_184243,0
223261_207658,1
223261_140840,1
223261_22174,0
223261_207401,1
223262_284667,1
223262_219532,0
223262_76964,1
223262_88185,0
223262_212038,0
223262_109036,1
223263_164692,1
223263_111183,0
223263_197774,0
223263_18078,1
223263_247095,0
223263_185481,0
223266_128748,0
223266_187117,1
223266_201235,1
223266_193350,1
223266_283708,0
223266_5529,0
223268_264152,1
223268_241415,0
223268_14750,0
223268_64791,1
223268_188481,1
223268_141786,1
223270_239774,0
223270_260198,1
223270_30496,1
223270_255065,1
223270_82465,0
223270_281402,1
223272_25226,0
223272_178423,1
223272_248826,0
223272_175296,0
223272_91475,1
223272_30246,0
223273_103861,0
223273_159052,0
223273_181505,0
223273_44380,0
223273_24670,0
223273_206582,0
223275_131564,1
223275_292863,1
223275_130097,1
223275_182224,1
223275_291248,0
223275_141719,0
223277_87650,1
223277_220803,1
223277_146282,1
223277_179298,1
223277_143125,1
223277_221909,1
223278_120246,0
223278_59158,0
223278_143047,0
223278_211280,0
223278_78132,0
223278_272774,0
223279_22954,0
223279_246261,1
223279_15405,1
223279_239573,0
223279_56692,1
223279_11430,1
223282_219756,1
223282_249778,1
223282_18546,0
223282_187117,0
223282_242097,0
223282_148419,1
223283_233322,1
223283_84511,1
223283_152071,1
223283_184644,0
223283_256132,0
223283_66886,1
223284_5976,0
223284_65192,0
223284_92589,0
223284_95726,0
223284_7453,1
223284_47905,0
223286_193387,0
223286_83791,0
223286_18863,0
223286_253516,0
223286_293310,0
223286_44796,0
223287_24671,1
223287_93019,1
223287_169929,0
223287_91301,1
223287_144268,0
223287_15641,1
223289_61585,1
223289_39693,0
223289_35224,1
223289_262887,0
223289_16343,1
223289_235462,0
223294_208714,1
223294_48468,0
223294_30212,1
223294_100871,1
223294_197524,1
223294_10857,1
223296_114637,1
223296_132139,1
223296_219232,1
223296_269171,1
223296_238498,1
223296_279310,0
223301_71455,0
223301_196470,0
223301_100831,0
223301_231141,1
223301_295024,0
223301_96591,1
223304_92770,0
223304_219317,1
223304_269395,1
223304_258883,0
223304_241896,1
223304_184654,1
223305_67782,0
223305_185949,1
223305_287748,0
223305_272073,1
223305_6727,0
223305_220335,1
223306_55618,1
223306_123264,0
223306_226950,1
223306_232863,0
223306_123985,0
223306_66741,1
223308_70637,1
223308_264914,0
223308_24632,1
223308_68459,1
223308_73499,0
223308_295904,0
223313_119834,0
223313_134456,1
223313_144499,1
223313_86340,0
223313_198110,1
223313_130115,1
223317_157566,1
223317_265473,0
223317_35785,0
223317_91475,1
223317_42331,1
223317_201673,0
223319_227335,1
223319_288,0
223319_141324,0
223319_12681,0
223319_9373,1
223319_48189,0
223332_112112,1
223332_36288,1
223332_252693,0
223332_107040,1
223332_183637,0
223332_53913,0
223333_3204,1
223333_201326,1
223333_38282,1
223333_5897,0
223333_111867,0
223333_244691,0
223335_81659,0
223335_131845,0
223335_156247,1
223335_277791,0
223335_62386,0
223335_92591,1
223338_17790,1
223338_118267,1
223338_101847,1
223338_237211,1
223338_193711,1
223338_294815,0
223339_63177,0
223339_254008,1
223339_230068,1
223339_73637,1
223339_193003,1
223339_15398,1
223343_42316,1
223343_111292,1
223343_193216,1
223343_286184,1
223343_287978,1
223343_193985,1
223345_193887,0
223345_239143,1
223345_177982,1
223345_119453,1
223345_34397,1
223345_164737,1
223346_196720,1
223346_124587,0
223346_169927,1
223346_238633,1
223346_278136,1
223346_15405,1
223347_83417,1
223347_14306,1
223347_294134,1
223347_251318,1
223347_42331,1
223347_55575,0
223359_124152,0
223359_116524,0
223359_219002,1
223359_167017,1
223359_266657,0
223359_105251,0
223361_208024,0
223361_57267,1
223361_92759,0
223361_169626,0
223361_191650,1
223361_67312,1
223367_159936,1
223367_176172,1
223367_202331,1
223367_253587,1
223367_271521,1
223367_195551,1
223368_6898,1
223368_34824,1
223368_9232,1
223368_262192,1
223368_166852,1
223368_251812,0
223370_208449,0
223370_238184,0
223370_140439,0
223370_168889,0
223370_209370,0
223370_230513,0
223377_119772,1
223377_64595,1
223377_37942,1
223377_273158,1
223377_222083,1
223377_254659,0
223379_125531,1
223379_87597,0
223379_58761,1
223379_114635,1
223379_87650,0
223379_50613,0
223381_186118,0
223381_147743,0
223381_231497,1
223381_164360,0
223381_114547,0
223381_22912,1
223383_286045,1
223383_94919,0
223383_214856,0
223383_185584,1
223383_149377,1
223383_292726,0
223384_216012,1
223384_141713,0
223384_129904,1
223384_54263,1
223384_120563,1
223384_210273,0
223386_148989,0
223386_8224,0
223386_141834,0
223386_15715,0
223386_45223,0
223386_179298,0
223389_33709,0
223389_49136,0
223389_134456,1
223389_73818,1
223389_92498,1
223389_130097,0
223391_281878,0
223391_98116,1
223391_232392,1
223391_196345,1
223391_250748,1
223391_122532,1
223392_187847,0
223392_16544,0
223392_275006,0
223392_100831,1
223392_113135,1
223392_241201,0
223395_107220,0
223395_210388,1
223395_63975,1
223395_128266,1
223395_150469,1
223395_280823,1
223396_273384,1
223396_202101,1
223396_59565,0
223396_64888,1
223396_142408,0
223396_219793,1
223397_7858,1
223397_245030,1
223397_225261,1
223397_85777,1
223397_58258,1
223397_223540,1
223399_151019,0
223399_119229,0
223399_114185,0
223399_20108,0
223399_77656,0
223399_57496,0
223401_17348,1
223401_228892,1
223401_251892,1
223401_285022,1
223401_183341,0
223401_215942,1
223405_20033,0
223405_179378,0
223405_251177,1
223405_55010,1
223405_278731,0
223405_207449,1
223407_232563,1
223407_37913,0
223407_146536,1
223407_10146,1
223407_175757,1
223407_19314,1
223409_80854,0
223409_289024,0
223409_119772,1
223409_109544,0
223409_192137,0
223409_189861,1
223410_168536,1
223410_234204,0
223410_260846,1
223410_208607,0
223410_152674,0
223410_251443,0
223411_241872,1
223411_84595,1
223411_263556,0
223411_150186,0
223411_166801,0
223411_77746,1
223413_120246,1
223413_7864,0
223413_152346,0
223413_85245,0
223413_270071,0
223413_269227,1
223414_111346,1
223414_59344,0
223414_295565,1
223414_198293,1
223414_173007,1
223414_74622,1
223415_262921,1
223415_248700,0
223415_276334,0
223415_35921,0
223415_189222,1
223415_179502,0
223417_95852,1
223417_9996,0
223417_176242,1
223417_61826,1
223417_163933,1
223417_101530,1
223419_126581,1
223419_173538,0
223419_274796,0
223419_179378,1
223419_181325,1
223419_243815,0
223423_210990,0
223423_177028,0
223423_123340,0
223423_83524,0
223423_154382,0
223423_13495,1
223424_126448,0
223424_51675,1
223424_256132,1
223424_4534,0
223424_54378,1
223424_78696,0
223426_219579,0
223426_293257,0
223426_174401,1
223426_3314,1
223426_174298,0
223426_270469,1
223430_33195,1
223430_65494,1
223430_214851,1
223430_234713,0
223430_167873,1
223430_196858,0
223431_205438,1
223431_137827,0
223431_5391,0
223431_141970,0
223431_46314,0
223431_179820,0
223434_5007,0
223434_63344,1
223434_247662,0
223434_210602,1
223434_262093,1
223434_24067,0
223437_213072,0
223437_135278,0
223437_182733,1
223437_148770,0
223437_139511,1
223437_284611,1
223441_28077,1
223441_291916,0
223441_75478,1
223441_280047,1
223441_140122,0
223441_169619,0
223443_153923,1
223443_122020,1
223443_220488,1
223443_257977,1
223443_233515,0
223443_41996,1
223445_30665,0
223445_98878,1
223445_38823,1
223445_249251,1
223445_226231,0
223445_134510,1
223448_16949,0
223448_258800,0
223448_286365,0
223448_7998,0
223448_183887,0
223448_1453,0
223450_77246,0
223450_148982,0
223450_221200,1
223450_125513,0
223450_94274,0
223450_9209,1
223453_22377,0
223453_262154,1
223453_22278,0
223453_97004,1
223453_1255,0
223453_255690,1
223454_115207,1
223454_156657,0
223454_184173,1
223454_241698,0
223454_292472,1
223454_43473,0
223457_243646,0
223457_54690,0
223457_193878,0
223457_220159,0
223457_255782,0
223457_36287,0
223458_36200,1
223458_174869,0
223458_14427,0
223458_165973,0
223458_144317,0
223458_259393,0
223460_98111,0
223460_145613,1
223460_80916,0
223460_126448,0
223460_52274,0
223460_230864,0
223461_112041,1
223461_50813,1
223461_93084,1
223461_116779,0
223461_284020,0
223461_289898,1
223463_18690,1
223463_51612,1
223463_19027,1
223463_185629,1
223463_184094,0
223463_212504,0
223466_43031,0
223466_103805,0
223466_104422,1
223466_272652,1
223466_61277,1
223466_224892,1
223467_40412,0
223467_151926,0
223467_72875,0
223467_245372,0
223467_129430,0
223467_91526,0
223468_182112,0
223468_224725,0
223468_74714,1
223468_242691,1
223468_210865,1
223468_163568,1
223469_122380,1
223469_260982,1
223469_12020,1
223469_40651,1
223469_283810,1
223469_176099,1
223475_262632,1
223475_35669,1
223475_112535,1
223475_116413,1
223475_255183,1
223475_101473,1
223476_51920,0
223476_280138,0
223476_269429,1
223476_30902,1
223476_27009,1
223476_124967,0
223479_108755,1
223479_226153,1
223479_110150,0
223479_200986,1
223479_37373,0
223479_111151,0
223480_165372,1
223480_148456,0
223480_239619,1
223480_249638,0
223480_63397,1
223480_43466,0
223481_188035,0
223481_84099,1
223481_152491,1
223481_227288,0
223481_83561,0
223481_173538,0
223482_184351,0
223482_39477,1
223482_81561,1
223482_57964,0
223482_239977,0
223482_222764,0
223483_210990,0
223483_149377,0
223483_206651,1
223483_238389,1
223483_79384,0
223483_197897,1
223484_17970,1
223484_74142,1
223484_277694,0
223484_125718,1
223484_97978,0
223484_64197,1
223489_12836,1
223489_78910,1
223489_156913,1
223489_37960,1
223489_14348,1
223489_155036,0
223490_231030,1
223490_106968,0
223490_295582,1
223490_283753,1
223490_6159,0
223490_292640,1
223496_131564,1
223496_14387,1
223496_69279,0
223496_246135,1
223496_116635,0
223496_294674,0
223498_70637,1
223498_58100,0
223498_36093,0
223498_196345,1
223498_290870,1
223498_234441,1
223500_78187,1
223500_87671,1
223500_113224,0
223500_65992,0
223500_12476,0
223500_18515,1
223502_157733,1
223502_247573,0
223502_224222,0
223502_185295,1
223502_225414,1
223502_201740,0
223504_127339,1
223504_81100,1
223504_211343,0
223504_252865,0
223504_97482,1
223504_18938,0
223506_223771,1
223506_71099,0
223506_90766,0
223506_234224,1
223506_99742,0
223506_123466,1
223508_79118,0
223508_175928,1
223508_157494,1
223508_136784,1
223508_25968,0
223508_140601,0
223509_12756,1
223509_295907,0
223509_19543,1
223509_147430,0
223509_118170,1
223509_272575,1
223512_102547,1
223512_224424,1
223512_270842,1
223512_209043,0
223512_25381,1
223512_253379,0
223515_159757,0
223515_114547,0
223515_51104,0
223515_132364,0
223515_144463,0
223515_225344,0
223518_159451,1
223518_135181,1
223518_92994,0
223518_70206,0
223518_55412,0
223518_182672,1
223521_85673,1
223521_100174,0
223521_256424,0
223521_96346,0
223521_216550,1
223521_169293,0
223523_26085,1
223523_15305,0
223523_293674,1
223523_129095,0
223523_150766,0
223523_29894,1
223524_14123,0
223524_140233,1
223524_253545,1
223524_270454,0
223524_152985,1
223524_289823,1
223530_3392,0
223530_160355,1
223530_143939,0
223530_153901,1
223530_266691,1
223530_162511,1
223531_204162,0
223531_111718,0
223531_278690,0
223531_171605,1
223531_244850,0
223531_234906,0
223535_48183,0
223535_131564,1
223535_36181,0
223535_140529,0
223535_110322,0
223535_269785,0
223537_85596,0
223537_20968,0
223537_97335,1
223537_203588,0
223537_124029,1
223537_163741,0
223538_294566,1
223538_70206,1
223538_287015,1
223538_86732,1
223538_25086,1
223538_23463,1
223540_104584,1
223540_126318,1
223540_158858,1
223540_56437,1
223540_198833,0
223540_246898,1
223541_285255,1
223541_38294,1
223541_289553,0
223541_237132,1
223541_55599,1
223541_238498,1
223543_92224,1
223543_84,0
223543_132227,0
223543_260610,0
223543_16290,1
223543_129795,0
223544_41843,1
223544_46459,1
223544_160269,0
223544_27420,1
223544_164130,1
223544_4310,0
223545_113179,1
223545_265646,1
223545_250753,1
223545_22989,1
223545_178652,0
223545_23822,1
223546_87744,0
223546_49463,1
223546_78499,1
223546_56108,0
223546_177675,1
223546_109153,1
223548_238633,0
223548_273738,0
223548_139002,0
223548_125944,0
223548_141957,0
223548_124394,0
223550_116034,0
223550_180303,1
223550_177398,1
223550_254374,0
223550_237559,0
223550_150489,1
223551_65494,1
223551_264668,1
223551_108554,1
223551_73312,1
223551_112680,1
223551_271783,1
223552_165443,0
223552_229208,0
223552_181119,0
223552_131722,0
223552_139083,0
223552_58037,1
223554_162429,0
223554_256229,0
223554_111621,1
223554_131896,0
223554_249295,1
223554_93167,1
223557_245503,1
223557_114185,1
223557_215223,1
223557_33669,1
223557_24564,1
223557_179993,1
223559_99954,0
223559_188703,1
223559_17348,1
223559_9209,1
223559_82963,0
223559_31714,1
223563_61066,1
223563_205676,1
223563_240753,1
223563_227397,1
223563_294437,1
223563_214438,1
223567_19115,0
223567_248428,0
223567_141766,0
223567_2913,0
223567_56108,1
223567_246657,1
223570_280405,0
223570_283082,0
223570_30902,1
223570_110216,1
223570_203948,1
223570_228529,0
223571_270917,0
223571_85282,0
223571_46947,0
223571_107182,0
223571_287685,0
223571_26677,0
223573_222381,0
223573_62060,0
223573_55327,1
223573_31556,0
223573_94849,1
223573_49485,1
223576_152209,1
223576_240094,1
223576_148419,0
223576_71526,1
223576_88313,0
223576_143957,1
223581_43294,1
223581_192990,1
223581_58294,1
223581_84159,1
223581_278582,1
223581_131564,1
223583_88612,1
223583_243574,0
223583_93650,0
223583_96378,1
223583_224327,0
223583_51299,1
223585_166608,1
223585_294291,0
223585_277245,1
223585_24141,0
223585_43711,0
223585_77048,1
223589_56811,1
223589_283805,1
223589_123701,1
223589_159601,1
223589_900,1
223589_81191,1
223593_228140,0
223593_268120,0
223593_117734,0
223593_250786,0
223593_271172,0
223593_220488,0
223595_260926,0
223595_250273,1
223595_112225,1
223595_231891,0
223595_292527,0
223595_204185,0
223596_34668,0
223596_106951,0
223596_3464,0
223596_85181,0
223596_132797,1
223596_139846,1
223600_51443,0
223600_177982,0
223600_109573,0
223600_62049,1
223600_19689,1
223600_84271,1
223606_144024,0
223606_9758,1
223606_123232,0
223606_214776,1
223606_21853,1
223606_64220,0
223608_203512,1
223608_52022,1
223608_115743,0
223608_67222,1
223608_231402,1
223608_87671,1
223609_268606,0
223609_70431,1
223609_198826,0
223609_245486,1
223609_136234,1
223609_187117,1
223612_13796,1
223612_63298,1
223612_259481,1
223612_33195,0
223612_262922,0
223612_215631,1
223615_154321,1
223615_195730,0
223615_137479,0
223615_167710,0
223615_66989,1
223615_196470,0
223617_19220,0
223617_128479,0
223617_73347,1
223617_31239,1
223617_283437,0
223617_195973,1
223618_150766,1
223618_100720,1
223618_25012,0
223618_34084,1
223618_190099,1
223618_34503,1
223620_197189,1
223620_29991,1
223620_287183,0
223620_276415,1
223620_134872,0
223620_38075,0
223626_271794,0
223626_196279,0
223626_199771,1
223626_7645,1
223626_7947,0
223626_281141,1
223633_232754,1
223633_257173,0
223633_111155,1
223633_38543,1
223633_218298,0
223633_230358,1
223634_268974,1
223634_38282,0
223634_127195,1
223634_269408,0
223634_154755,0
223634_247423,0
223635_29744,0
223635_13699,0
223635_164789,0
223635_159936,0
223635_286439,0
223635_2413,0
223639_109877,1
223639_283018,1
223639_130063,0
223639_78158,1
223639_208313,0
223639_122433,1
223640_119318,0
223640_268526,1
223640_14343,1
223640_133601,1
223640_33139,1
223640_73299,1
223646_169568,0
223646_203676,0
223646_224482,1
223646_31300,1
223646_113895,0
223646_164745,0
223647_290701,1
223647_99078,0
223647_111874,0
223647_19406,0
223647_56407,0
223647_79803,1
223650_145437,1
223650_106671,1
223650_294121,1
223650_120812,0
223650_259927,1
223650_248440,1
223651_37477,1
223651_270746,1
223651_97936,0
223651_280665,0
223651_70563,0
223651_74275,0
223652_139282,1
223652_185235,0
223652_12247,0
223652_74142,1
223652_267576,0
223652_231282,1
223654_99316,0
223654_278869,0
223654_272332,0
223654_282197,0
223654_155423,0
223654_139173,0
223655_287332,1
223655_27573,1
223655_194807,0
223655_169889,1
223655_109845,1
223655_179800,0
223657_263137,0
223657_255449,0
223657_130771,1
223657_165874,0
223657_196883,0
223657_100621,1
223659_146497,1
223659_252262,0
223659_119532,1
223659_55412,1
223659_118642,1
223659_41855,0
223662_94431,1
223662_15751,0
223662_82931,1
223662_45733,0
223662_137071,0
223662_131241,1
223665_79964,1
223665_164745,1
223665_229916,1
223665_223532,1
223665_25107,1
223665_161576,1
223667_134442,0
223667_167345,1
223667_115826,0
223667_24419,1
223667_63628,1
223667_13412,0
223668_86757,0
223668_42674,0
223668_131964,1
223668_268550,1
223668_101151,1
223668_127195,1
223670_61541,1
223670_150507,1
223670_129309,1
223670_213643,0
223670_213595,0
223670_254863,1
223674_87090,1
223674_189420,1
223674_271252,0
223674_118129,1
223674_150186,0
223674_221887,0
223675_224752,1
223675_280096,1
223675_192093,0
223675_224407,1
223675_116108,0
223675_160169,0
223677_246898,1
223677_109541,0
223677_7830,0
223677_159637,1
223677_10628,0
223677_21436,0
223678_104991,1
223678_14091,0
223678_18025,0
223678_48386,1
223678_269901,0
223678_288689,1
223683_85388,0
223683_153403,1
223683_57164,1
223683_11000,1
223683_165042,0
223683_92564,0
223687_280405,1
223687_110014,1
223687_94081,1
223687_51665,1
223687_100669,1
223687_177409,1
223691_275682,1
223691_26524,0
223691_246114,1
223691_269348,0
223691_44793,0
223691_20952,1
223694_242559,0
223694_94007,1
223694_52107,1
223694_234891,1
223694_111815,0
223694_278313,0
223696_156527,1
223696_179292,1
223696_155302,1
223696_14994,1
223696_195805,0
223696_140884,1
223699_40041,1
223699_175955,1
223699_175329,1
223699_246255,1
223699_81902,1
223699_202982,1
223703_240753,1
223703_147466,1
223703_145737,0
223703_121210,1
223703_42896,0
223703_270200,0
223704_234449,0
223704_241006,1
223704_185967,1
223704_129550,0
223704_276334,1
223704_236089,1
223707_47008,1
223707_147585,1
223707_165899,0
223707_192250,1
223707_7596,0
223707_193269,0
223708_248078,1
223708_85720,0
223708_150670,1
223708_236484,1
223708_17494,0
223708_38511,1
223709_55,1
223709_45085,0
223709_123562,0
223709_269991,1
223709_56772,1
223709_261844,1
223710_33120,0
223710_107703,1
223710_132300,0
223710_68236,1
223710_138355,0
223710_293806,1
223714_170260,1
223714_121873,1
223714_148978,1
223714_139607,1
223714_140092,1
223714_196393,1
223717_209776,0
223717_115577,1
223717_70637,0
223717_120461,0
223717_159936,1
223717_227397,1
223721_140360,0
223721_8200,0
223721_176851,1
223721_119272,1
223721_140887,0
223721_34829,1
223722_87090,1
223722_79260,0
223722_166752,0
223722_29894,1
223722_166288,0
223722_227693,1
223724_221153,1
223724_171850,1
223724_251918,1
223724_128323,1
223724_51120,1
223724_282429,0
223725_260780,1
223725_250753,1
223725_135278,0
223725_217705,0
223725_74096,0
223725_104542,1
223726_130741,1
223726_240586,1
223726_57566,1
223726_230260,0
223726_286426,1
223726_20240,0
223729_262193,1
223729_158967,1
223729_285038,1
223729_252822,0
223729_254325,1
223729_53839,1
223730_262505,0
223730_100384,1
223730_226946,1
223730_39381,1
223730_106094,1
223730_236207,1
223734_239432,1
223734_294233,0
223734_42375,0
223734_83969,0
223734_270463,0
223734_87488,0
223735_129397,0
223735_50821,1
223735_239381,1
223735_137530,0
223735_32226,1
223735_241351,0
223737_227907,0
223737_155861,0
223737_167873,0
223737_34397,0
223737_81750,1
223737_149675,0
223739_137128,1
223739_227274,1
223739_4637,1
223739_200359,1
223739_128370,1
223739_108630,0
223740_136284,0
223740_247578,0
223740_57083,0
223740_201793,0
223740_178604,0
223740_245444,1
223741_24526,1
223741_37960,1
223741_178947,1
223741_10719,0
223741_181854,1
223741_246731,1
223745_57445,0
223745_263806,0
223745_40736,0
223745_288520,0
223745_158883,0
223745_227005,0
223746_32207,0
223746_69779,1
223746_205506,1
223746_142382,0
223746_53085,1
223746_16585,0
223748_149675,0
223748_121759,0
223748_242441,0
223748_125148,0
223748_190781,0
223748_208024,0
223749_133502,1
223749_107922,1
223749_161797,0
223749_170809,1
223749_139175,1
223749_154298,0
223752_161734,0
223752_206582,1
223752_160169,1
223752_153923,1
223752_61196,0
223752_261695,1
223754_178320,0
223754_214767,1
223754_50770,0
223754_144325,0
223754_86266,1
223754_104422,1
223760_2924,1
223760_45223,1
223760_57982,0
223760_45150,1
223760_149335,0
223760_191565,0
223761_119203,1
223761_122195,0
223761_111505,1
223761_79435,1
223761_195092,1
223761_165136,1
223762_210455,1
223762_28066,0
223762_67023,1
223762_84582,0
223762_280108,1
223762_26661,1
223763_23109,0
223763_212515,0
223763_224854,0
223763_280264,0
223763_125210,0
223763_3103,0
223765_234750,1
223765_292599,1
223765_262798,0
223765_212117,1
223765_31721,1
223765_6911,1
223766_106788,1
223766_140834,1
223766_72875,1
223766_194950,1
223766_183975,1
223766_247435,1
223768_228300,1
223768_89877,0
223768_4269,0
223768_130523,0
223768_216902,1
223768_52855,0
223772_105803,0
223772_176689,0
223772_293533,1
223772_283814,1
223772_118852,0
223772_122416,0
223776_174498,1
223776_93340,1
223776_133128,1
223776_128630,0
223776_87423,1
223776_29952,0
223777_106318,1
223777_205617,0
223777_279422,1
223777_262060,1
223777_208389,1
223777_26085,1
223782_26097,1
223782_242621,0
223782_250437,1
223782_213072,1
223782_32392,0
223782_44251,1
223783_227587,1
223783_4403,1
223783_79640,1
223783_220729,1
223783_132003,1
223783_101464,1
223784_247522,1
223784_2877,1
223784_178245,0
223784_45222,1
223784_150707,0
223784_218117,0
223785_71209,0
223785_239644,0
223785_205451,1
223785_225499,1
223785_150186,1
223785_92141,1
223788_166608,1
223788_132263,1
223788_35652,0
223788_188320,0
223788_264373,1
223788_122020,1
223789_113895,1
223789_185815,1
223789_288536,0
223789_163853,1
223789_134414,0
223789_271252,1
223792_83688,1
223792_234432,1
223792_178753,1
223792_154423,0
223792_253265,1
223792_185348,1
223794_24472,1
223794_205603,1
223794_125944,0
223794_147450,1
223794_55455,0
223794_272464,1
223797_83721,0
223797_248345,1
223797_147528,0
223797_29342,0
223797_294233,0
223797_31919,0
223798_103351,0
223798_194060,0
223798_200378,0
223798_29189,0
223798_223060,0
223798_135968,0
223807_221584,0
223807_78961,0
223807_49902,0
223807_86266,1
223807_112229,0
223807_8605,1
223810_239244,0
223810_19236,0
223810_42331,1
223810_182080,0
223810_56437,0
223810_145221,0
223813_23157,1
223813_57964,1
223813_88112,1
223813_94498,1
223813_76637,1
223813_101380,1
223819_12277,1
223819_113702,1
223819_133079,0
223819_83775,1
223819_189987,0
223819_227912,1
223820_94705,1
223820_192707,1
223820_23481,0
223820_173040,1
223820_190245,1
223820_263828,0
223827_141922,1
223827_79507,1
223827_15187,1
223827_269099,1
223827_130436,0
223827_172204,1
223829_217795,0
223829_273540,0
223829_215036,0
223829_220171,1
223829_32969,0
223829_7596,0
223830_108780,0
223830_165179,0
223830_281016,1
223830_261372,1
223830_282523,1
223830_188408,1
223831_229966,0
223831_232851,0
223831_229085,0
223831_157389,0
223831_170331,0
223831_61617,0
223832_266181,0
223832_156884,0
223832_82020,0
223832_268578,0
223832_9683,0
223832_255416,0
223835_1754,1
223835_104544,0
223835_7192,0
223835_82277,1
223835_269431,0
223835_112275,1
223836_275309,0
223836_199112,0
223836_175884,1
223836_222314,1
223836_122086,0
223836_237272,1
223837_80100,0
223837_208656,1
223837_35490,0
223837_286828,1
223837_148765,1
223837_208093,1
223838_141686,1
223838_183240,1
223838_241417,0
223838_128105,0
223838_294696,0
223838_253143,1
223842_179502,1
223842_63244,1
223842_58440,1
223842_27287,1
223842_246657,1
223842_101170,1
223843_177754,1
223843_134155,1
223843_11450,1
223843_195996,0
223843_264416,0
223843_51665,1
223845_122086,0
223845_89072,0
223845_142770,1
223845_37805,1
223845_52617,1
223845_141912,1
223847_109972,1
223847_236628,0
223847_210656,0
223847_111454,0
223847_187048,1
223847_154378,1
223848_97522,0
223848_244690,1
223848_18001,1
223848_264733,1
223848_209029,0
223848_3858,0
223853_136901,0
223853_119064,1
223853_92515,1
223853_5207,1
223853_282423,1
223853_40736,0
223855_10206,1
223855_235658,0
223855_269685,0
223855_92482,0
223855_194234,0
223855_72225,1
223856_119294,1
223856_213280,1
223856_82912,1
223856_283699,1
223856_97116,0
223856_203753,1
223858_182647,1
223858_107739,1
223858_210679,1
223858_267434,1
223858_69395,1
223858_128532,1
223860_72588,0
223860_101321,0
223860_94753,1
223860_257436,0
223860_282493,1
223860_227397,1
223862_269227,1
223862_128732,0
223862_51765,0
223862_230767,0
223862_17245,0
223862_66593,1
223863_99448,0
223863_110067,1
223863_110918,0
223863_246968,0
223863_60074,0
223863_115734,0
223864_255916,1
223864_122933,1
223864_45838,0
223864_36520,0
223864_210585,0
223864_95800,1
223867_201060,0
223867_63231,1
223867_236941,0
223867_66685,1
223867_295953,1
223867_68996,0
223871_220645,1
223871_65110,1
223871_56299,1
223871_268344,0
223871_169652,0
223871_65938,1
223872_56510,1
223872_36028,1
223872_285787,0
223872_255239,1
223872_121931,1
223872_156718,0
223873_235341,1
223873_219052,0
223873_284554,0
223873_139950,1
223873_260184,0
223873_83257,1
223874_85075,1
223874_131453,0
223874_288534,1
223874_272073,0
223874_240094,0
223874_77949,0
223877_150186,1
223877_115824,1
223877_39447,1
223877_220488,0
223877_52839,0
223877_148815,1
223880_55599,0
223880_248814,1
223880_66484,0
223880_94431,1
223880_199267,0
223880_278141,1
223881_267418,1
223881_47084,1
223881_190026,1
223881_111486,1
223881_11786,1
223881_21473,1
223882_26948,0
223882_25795,0
223882_220824,0
223882_234739,0
223882_259105,1
223882_286722,1
223884_112432,1
223884_269227,0
223884_66359,0
223884_214767,0
223884_193181,0
223884_163189,0
223887_7943,0
223887_143734,1
223887_210569,1
223887_287313,0
223887_158756,1
223887_264575,1
223895_209207,0
223895_14697,0
223895_123566,0
223895_160843,0
223895_120812,0
223895_112965,1
223896_262059,0
223896_51216,0
223896_44127,1
223896_158907,1
223896_271401,0
223896_249645,1
223901_255065,1
223901_125669,1
223901_196946,1
223901_132159,1
223901_284794,1
223901_271794,1
223902_28401,1
223902_139444,0
223902_94174,0
223902_250706,1
223902_84531,0
223902_182475,1
223903_240824,1
223903_172190,1
223903_219726,0
223903_265726,0
223903_38051,1
223903_11695,1
223904_118620,0
223904_252291,0
223904_55058,1
223904_199100,0
223904_8605,1
223904_54093,1
223911_83168,0
223911_269348,1
223911_67179,0
223911_51274,0
223911_77475,0
223911_255924,1
223914_54728,1
223914_69797,1
223914_176049,1
223914_40019,1
223914_84799,1
223914_5791,0
223917_37344,0
223917_97611,1
223917_238142,1
223917_211078,0
223917_163853,1
223917_22924,1
223920_261695,1
223920_131097,0
223920_16745,1
223920_100174,0
223920_187560,0
223920_109024,1
223923_78157,1
223923_196021,0
223923_209852,1
223923_259375,1
223923_1884,1
223923_267345,1
223926_288475,0
223926_262921,1
223926_180254,0
223926_54690,1
223926_100384,0
223926_77246,1
223927_105563,1
223927_191694,0
223927_83830,1
223927_294437,1
223927_63740,1
223927_55878,0
223929_36048,1
223929_190974,0
223929_79028,1
223929_129684,1
223929_291128,0
223929_278331,0
223937_163775,1
223937_129467,0
223937_219330,0
223937_113065,0
223937_65181,1
223937_102557,1
223939_235507,1
223939_12003,1
223939_32226,1
223939_270737,0
223939_179489,0
223939_231225,0
223942_291513,0
223942_103870,1
223942_67942,1
223942_253265,1
223942_23104,1
223942_243826,1
223946_2924,1
223946_73203,0
223946_153216,0
223946_192670,0
223946_13266,1
223946_221221,1
223948_113233,0
223948_129095,1
223948_96999,1
223948_81434,0
223948_260175,1
223948_101875,0
223949_29744,1
223949_85898,1
223949_84990,0
223949_39164,0
223949_249356,0
223949_251829,0
223951_120535,1
223951_91591,1
223951_123542,1
223951_126097,1
223951_263406,1
223951_101012,1
223953_103409,1
223953_96488,1
223953_180875,1
223953_137817,1
223953_269958,1
223953_255399,0
223958_90670,0
223958_131564,1
223958_24631,1
223958_206878,1
223958_188051,0
223958_45154,0
223959_31300,1
223959_196923,1
223959_221827,1
223959_254092,1
223959_38725,1
223959_136307,1
223963_83187,1
223963_168149,1
223963_166,1
223963_88858,0
223963_206878,0
223963_45786,1
223964_242078,1
223964_27528,1
223964_124407,1
223964_84077,0
223964_109024,1
223964_162585,0
223966_210095,1
223966_229894,1
223966_290652,0
223966_10032,0
223966_244657,1
223966_254626,0
223970_77369,0
223970_131999,0
223970_187117,1
223970_159637,1
223970_167673,1
223970_62226,1
223971_221503,1
223971_109951,1
223971_178904,1
223971_139614,1
223971_223674,1
223971_274830,1
223973_151926,1
223973_254900,0
223973_268310,1
223973_186916,1
223973_48684,1
223973_261695,1
223975_168065,1
223975_256132,0
223975_196286,1
223975_265027,0
223975_153877,1
223975_238133,0
223976_194304,0
223976_130154,1
223976_211357,1
223976_235658,0
223976_278513,1
223976_279408,1
223980_89070,0
223980_187940,0
223980_248924,0
223980_130606,0
223980_215594,0
223980_227028,0
223983_169233,1
223983_10944,0
223983_96074,0
223983_283227,1
223983_132003,1
223983_108,1
223986_221201,1
223986_122086,1
223986_10194,1
223986_187314,1
223986_26677,1
223986_224854,1
223990_280099,0
223990_245308,0
223990_119375,1
223990_75578,0
223990_210602,1
223990_259458,1
223991_93413,0
223991_117728,0
223991_28694,0
223991_214012,1
223991_36786,0
223991_228550,1
223994_56551,0
223994_161870,1
223994_13641,1
223994_91475,0
223994_143570,1
223994_17856,0
223995_266872,1
223995_295831,1
223995_219137,0
223995_130023,1
223995_121387,1
223995_30147,0
223996_31221,1
223996_90784,0
223996_193883,1
223996_215223,1
223996_49699,0
223996_208449,1
223997_162888,0
223997_11229,1
223997_217059,0
223997_23006,0
223997_157061,1
223997_169929,1
224005_202739,1
224005_12821,1
224005_13151,1
224005_169144,1
224005_132003,1
224005_211217,1
224009_10266,1
224009_88231,1
224009_255714,1
224009_115317,0
224009_263331,0
224009_56931,0
224010_205720,1
224010_146361,0
224010_43752,0
224010_232679,1
224010_269488,0
224010_38557,1
224014_42443,0
224014_261910,1
224014_285884,0
224014_140334,1
224014_248816,0
224014_152145,0
224015_272284,1
224015_52885,0
224015_264826,1
224015_128545,0
224015_7891,0
224015_158554,0
224017_12236,0
224017_66593,1
224017_171529,1
224017_37816,1
224017_52753,0
224017_20427,0
224018_248723,1
224018_293751,0
224018_51075,0
224018_103475,1
224018_163692,1
224018_67564,0
224022_151503,0
224022_74056,0
224022_244850,0
224022_103861,0
224022_101494,0
224022_220338,0
224023_188816,1
224023_196504,0
224023_286619,0
224023_114730,0
224023_252291,1
224023_16265,1
224024_177869,0
224024_232789,0
224024_255232,0
224024_50628,1
224024_281009,1
224024_116470,1
224027_89673,1
224027_198838,1
224027_242201,0
224027_187386,0
224027_110262,0
224027_101948,1
224028_84865,1
224028_87512,1
224028_70064,0
224028_164981,1
224028_93839,0
224028_128292,1
224029_27372,0
224029_27085,1
224029_255406,1
224029_228140,1
224029_79640,1
224029_190850,0
224031_252614,1
224031_235982,0
224031_152346,1
224031_280526,0
224031_212026,0
224031_14500,1
224032_172745,1
224032_291248,0
224032_25235,0
224032_195431,1
224032_126448,1
224032_168993,0
224033_72381,0
224033_157129,1
224033_112694,0
224033_40212,1
224033_257388,1
224033_214212,1
224035_188838,0
224035_42395,1
224035_73883,1
224035_66859,0
224035_215350,1
224035_189970,0
224036_136181,1
224036_113043,1
224036_264901,0
224036_26406,1
224036_198761,1
224036_99448,1
224046_53126,1
224046_176637,0
224046_268388,1
224046_105520,1
224046_24878,0
224046_36613,1
224047_67509,1
224047_137084,0
224047_235341,0
224047_277655,0
224047_72517,1
224047_287001,0
224048_46091,0
224048_153742,1
224048_201981,1
224048_236910,0
224048_24409,0
224048_20953,1
224049_194944,1
224049_257444,1
224049_267824,0
224049_190167,1
224049_271621,1
224049_253450,0
224051_175882,0
224051_228382,0
224051_46324,1
224051_211799,1
224051_180979,1
224051_47259,1
224053_285019,1
224053_106619,1
224053_125831,1
224053_294821,1
224053_204087,0
224053_76392,1
224057_64855,0
224057_79335,0
224057_293214,0
224057_284020,1
224057_252285,1
224057_15598,1
224058_236793,1
224058_148864,0
224058_47136,1
224058_250372,1
224058_107322,1
224058_113895,1
224060_278582,0
224060_236339,0
224060_138493,1
224060_237326,0
224060_107829,1
224060_230856,1
224061_195439,1
224061_55503,1
224061_65731,1
224061_182840,1
224061_140465,1
224061_294957,1
224064_107959,1
224064_268163,1
224064_24845,1
224064_127841,1
224064_107707,1
224064_208220,1
224066_65831,1
224066_160962,1
224066_102272,1
224066_33495,0
224066_36846,0
224066_170625,1
224067_107137,1
224067_14033,1
224067_285790,0
224067_124387,1
224067_273793,0
224067_35866,0
224073_273185,1
224073_125923,1
224073_208113,1
224073_150748,1
224073_19705,0
224073_66550,1
224076_55085,0
224076_60287,0
224076_281379,1
224076_170331,1
224076_17790,0
224076_155548,1
224077_207057,1
224077_113683,0
224077_130883,1
224077_282719,0
224077_130849,0
224077_35391,1
224078_201288,1
224078_199310,0
224078_62932,1
224078_201447,0
224078_265278,0
224078_92869,1
224079_159451,1
224079_150618,1
224079_135356,0
224079_211324,0
224079_51349,0
224079_175144,0
224080_247862,0
224080_267065,1
224080_215223,1
224080_141686,1
224080_280411,0
224080_217751,1
224082_120265,0
224082_70349,1
224082_38502,0
224082_35075,0
224082_72387,0
224082_110099,1
224083_10309,1
224083_253643,1
224083_242681,1
224083_12836,1
224083_138705,1
224083_61046,0
224084_22597,1
224084_291909,1
224084_248841,0
224084_193475,0
224084_293717,0
224084_49746,1
224085_85540,0
224085_91604,0
224085_275007,1
224085_266666,1
224085_242298,1
224085_238389,1
224087_221907,1
224087_280411,0
224087_3856,1
224087_192264,0
224087_140159,0
224087_289911,1
224088_180875,0
224088_55302,1
224088_162260,1
224088_106788,1
224088_67496,1
224088_14891,0
224091_73710,1
224091_10206,0
224091_161452,0
224091_208656,1
224091_130787,0
224091_145730,1
224093_266113,1
224093_109282,0
224093_274758,1
224093_254238,1
224093_108635,0
224093_116055,0
224094_168536,1
224094_106072,1
224094_163833,1
224094_238094,1
224094_96607,0
224094_152609,1
224096_108183,1
224096_253858,0
224096_114705,1
224096_218813,1
224096_3859,1
224096_179357,1
224097_76222,1
224097_8943,0
224097_124461,1
224097_91513,1
224097_13540,0
224097_260860,0
224098_59487,1
224098_189341,0
224098_278459,0
224098_239498,0
224098_290850,0
224098_534,1
224099_211163,0
224099_259598,1
224099_2318,0
224099_257520,1
224099_208113,0
224099_42632,0
224100_144054,0
224100_48508,0
224100_117616,1
224100_123677,0
224100_246130,0
224100_286228,1
224106_139745,1
224106_49426,1
224106_272864,1
224106_15776,1
224106_252799,1
224106_167254,1
224109_129467,0
224109_276998,0
224109_291128,0
224109_216754,0
224109_253463,0
224109_153923,0
224111_58573,0
224111_119772,1
224111_258419,0
224111_146264,0
224111_104078,1
224111_149602,0
224114_253373,1
224114_261450,1
224114_92498,1
224114_53039,1
224114_90497,1
224114_252608,1
224116_131564,1
224116_96254,0
224116_173538,0
224116_45219,1
224116_277736,1
224116_181901,0
224118_266739,0
224118_168755,1
224118_258472,1
224118_1884,0
224118_115656,1
224118_121370,1
224119_239441,0
224119_157372,0
224119_135825,0
224119_45085,1
224119_115543,0
224119_220029,0
224120_91475,0
224120_33495,1
224120_89110,0
224120_49886,0
224120_101473,0
224120_250361,0
224121_141099,0
224121_83184,1
224121_224668,1
224121_19615,0
224121_146308,0
224121_260457,0
224124_263165,0
224124_176274,0
224124_186266,1
224124_247494,1
224124_137479,0
224124_52765,0
224126_88858,0
224126_80100,0
224126_129352,0
224126_110254,1
224126_169032,0
224126_277417,0
224127_204396,1
224127_236695,0
224127_118147,1
224127_130574,0
224127_68539,1
224127_242202,0
224128_214296,1
224128_215260,0
224128_131896,0
224128_281550,0
224128_24547,1
224128_65451,1
224129_113233,0
224129_215191,1
224129_90442,0
224129_160503,0
224129_228598,1
224129_127412,0
224131_193031,0
224131_116550,0
224131_79604,0
224131_274895,1
224131_56240,1
224131_265295,0
224132_86233,0
224132_277131,1
224132_237669,0
224132_24628,1
224132_243026,1
224132_119456,1
224133_120734,0
224133_250451,0
224133_268382,0
224133_63737,1
224133_13543,1
224133_218500,1
224144_229182,1
224144_178370,0
224144_85495,0
224144_233221,1
224144_288732,1
224144_221738,0
224148_294603,0
224148_246966,1
224148_246203,0
224148_248100,1
224148_101214,1
224148_223032,1
224150_138892,0
224150_1199,1
224150_242102,0
224150_272491,1
224150_72911,0
224150_92075,0
224152_104683,0
224152_122086,0
224152_230725,1
224152_239282,0
224152_267345,0
224152_8229,1
224154_120852,0
224154_20240,1
224154_275147,1
224154_163987,0
224154_258850,0
224154_177783,0
224156_19545,0
224156_130276,1
224156_264152,1
224156_58096,1
224156_167949,1
224156_61530,0
224157_53153,1
224157_131778,0
224157_257122,1
224157_86654,1
224157_159603,1
224157_48795,1
224159_268787,1
224159_58308,0
224159_42907,1
224159_156744,0
224159_100076,1
224159_174669,1
224161_100899,1
224161_15951,1
224161_36782,1
224161_280685,0
224161_80709,1
224161_198890,1
224166_201651,0
224166_27901,0
224166_17882,1
224166_178547,1
224166_256288,1
224166_213573,0
224167_101464,1
224167_4101,1
224167_191219,0
224167_95692,0
224167_271384,0
224167_149230,0
224174_145580,0
224174_153923,1
224174_262955,1
224174_146518,0
224174_252417,1
224174_85681,1
224178_295130,1
224178_80165,0
224178_166203,0
224178_102237,1
224178_199330,0
224178_162472,1
224179_142049,0
224179_75332,0
224179_262424,1
224179_261575,1
224179_5798,0
224179_219276,0
224180_275029,0
224180_71074,0
224180_131585,1
224180_227652,1
224180_20745,1
224180_234350,1
224181_188261,0
224181_78217,0
224181_6018,1
224181_98681,1
224181_87090,1
224181_54217,1
224182_156705,1
224182_20760,1
224182_224735,1
224182_140692,1
224182_240903,0
224182_160211,1
224184_81883,1
224184_241864,0
224184_182593,1
224184_232948,1
224184_286287,0
224184_155861,0
224190_78552,0
224190_177332,0
224190_185213,1
224190_55167,1
224190_28276,1
224190_210883,0
224192_185459,1
224192_43571,1
224192_32186,1
224192_120088,0
224192_130747,0
224192_117389,1
224193_248901,0
224193_102452,0
224193_46756,1
224193_248692,1
224193_56869,0
224193_146575,1
224198_14482,0
224198_97623,1
224198_177409,0
224198_189091,0
224198_14795,0
224198_211,0
224200_291416,0
224200_48386,1
224200_185554,0
224200_121897,1
224200_58944,1
224200_192093,1
224206_12095,0
224206_279997,1
224206_279945,1
224206_176919,0
224206_46009,0
224206_216614,1
224210_259516,1
224210_2776,1
224210_262093,1
224210_291238,1
224210_53207,1
224210_110764,1
224215_200717,0
224215_267178,0
224215_212225,0
224215_154078,1
224215_208538,1
224215_87732,1
224216_157207,1
224216_260581,1
224216_243041,1
224216_191250,1
224216_248997,1
224216_276123,1
224218_152843,0
224218_224222,0
224218_155703,1
224218_61530,0
224218_277404,0
224218_290477,0
224220_31875,0
224220_147442,0
224220_42292,0
224220_221801,1
224220_121772,1
224220_152209,0
224221_115145,1
224221_73557,1
224221_222261,0
224221_163930,1
224221_203588,1
224221_169839,1
224223_167597,1
224223_81750,0
224223_285832,0
224223_288945,0
224223_243895,1
224223_31746,1
224224_120535,0
224224_53018,0
224224_287144,0
224224_208656,0
224224_110470,0
224224_56265,0
224226_100205,0
224226_221167,0
224226_230176,0
224226_202776,0
224226_9622,1
224226_6524,1
224227_230842,1
224227_34640,1
224227_35068,1
224227_232357,1
224227_247332,1
224227_209783,1
224230_273178,1
224230_250639,1
224230_132777,1
224230_4347,1
224230_56741,0
224230_179993,1
224232_93470,0
224232_52706,0
224232_215510,1
224232_261850,1
224232_10554,0
224232_155413,1
224235_278149,1
224235_125718,1
224235_23501,0
224235_152820,1
224235_263292,1
224235_290562,0
224238_107554,1
224238_97011,1
224238_152156,0
224238_74158,1
224238_234120,1
224238_202661,0
224239_204462,1
224239_223453,1
224239_40736,1
224239_281203,0
224239_101780,0
224239_290794,0
224240_153923,0
224240_12106,0
224240_94685,1
224240_251135,0
224240_91475,0
224240_216956,0
224241_231199,1
224241_255945,0
224241_190382,1
224241_267560,1
224241_72875,0
224241_186071,0
224243_161886,1
224243_79349,0
224243_2538,0
224243_119375,1
224243_180229,1
224243_76124,1
224244_290018,1
224244_253665,1
224244_24582,0
224244_83575,1
224244_244657,1
224244_206044,1
224245_37186,1
224245_186399,0
224245_18901,1
224245_252580,0
224245_203041,0
224245_31129,1
224248_90712,0
224248_113814,1
224248_174092,1
224248_50425,0
224248_286290,0
224248_256819,1
224249_121695,1
224249_57383,0
224249_154323,0
224249_172967,0
224249_173982,0
224249_218824,0
224253_206878,1
224253_51218,1
224253_236750,0
224253_277600,1
224253_35669,1
224253_44287,0
224254_15850,0
224254_112225,0
224254_44796,0
224254_267135,0
224254_250446,0
224254_293315,0
224257_126818,0
224257_124029,0
224257_295794,0
224257_29056,1
224257_198140,0
224257_79952,1
224259_149874,1
224259_250273,1
224259_269539,1
224259_194950,1
224259_208233,1
224259_28911,1
224262_270909,0
224262_23824,1
224262_68521,1
224262_222831,0
224262_68403,1
224262_258270,0
224264_207699,1
224264_49666,1
224264_195432,1
224264_42339,1
224264_20825,0
224264_19543,1
224267_119355,0
224267_176004,0
224267_268554,1
224267_39788,1
224267_38168,1
224267_118460,0
224269_267297,0
224269_246898,1
224269_179502,1
224269_234742,1
224269_234421,0
224269_174622,1
224270_249735,0
224270_80311,0
224270_90590,0
224270_5791,1
224270_200432,1
224270_263044,0
224271_289026,1
224271_202505,0
224271_103269,1
224271_170370,0
224271_76473,0
224271_144499,0
224272_166554,1
224272_280184,1
224272_14994,1
224272_253791,1
224272_267673,1
224272_286848,1
224276_102735,0
224276_62359,0
224276_103412,0
224276_48366,0
224276_200166,0
224276_200313,0
224280_181629,0
224280_126842,1
224280_143763,1
224280_133594,1
224280_181293,1
224280_139098,0
224281_284909,0
224281_102508,0
224281_222515,1
224281_127473,0
224281_77086,1
224281_12319,1
224288_72404,0
224288_55613,0
224288_64589,1
224288_54650,1
224288_22322,0
224288_893,0
224296_253533,1
224296_275610,1
224296_145607,0
224296_21317,1
224296_48304,0
224296_186596,0
224297_271287,1
224297_116413,1
224297_44675,1
224297_202696,0
224297_116351,1
224297_136724,0
224300_226610,0
224300_268173,0
224300_255406,1
224300_37993,0
224300_58953,1
224300_262715,0
224301_76477,1
224301_36641,1
224301_73792,1
224301_218155,1
224301_233843,0
224301_73557,1
224305_242426,1
224305_189192,1
224305_56154,0
224305_148419,0
224305_83130,1
224305_265077,0
224308_267850,0
224308_129095,1
224308_13302,0
224308_260175,1
224308_222443,1
224308_34397,1
224312_45663,0
224312_148036,1
224312_227860,0
224312_129317,0
224312_62539,0
224312_38543,0
224314_27808,1
224314_79655,0
224314_115245,1
224314_73557,1
224314_86266,0
224314_59771,1
224316_241999,0
224316_167345,1
224316_151831,0
224316_3128,0
224316_281016,0
224316_200253,0
224318_36934,1
224318_127473,1
224318_111683,1
224318_108734,0
224318_252444,1
224318_46190,1
224319_49111,0
224319_31440,0
224319_217877,0
224319_139394,1
224319_234591,1
224319_51288,1
224322_56551,0
224322_231093,1
224322_268348,0
224322_38390,0
224322_172184,1
224322_100464,1
224326_29894,0
224326_84772,1
224326_212427,1
224326_6064,0
224326_39937,0
224326_157116,1
224327_150761,1
224327_243236,1
224327_221341,1
224327_221250,0
224327_241933,1
224327_242382,1
224329_56544,1
224329_218684,1
224329_257531,0
224329_65494,1
224329_116706,1
224329_228810,1
224330_242940,1
224330_177205,1
224330_60526,0
224330_194235,1
224330_229894,1
224330_126448,1
224333_249265,1
224333_47348,0
224333_94531,1
224333_18515,0
224333_211614,0
224333_275458,0
224338_31440,1
224338_63542,1
224338_98315,1
224338_121777,1
224338_90271,0
224338_94285,1
224341_268876,1
224341_188703,1
224341_140019,1
224341_91629,0
224341_29569,1
224341_64431,0
224345_53925,1
224345_181408,0
224345_99448,1
224345_218525,1
224345_110918,1
224345_118920,0
224347_218069,0
224347_58827,0
224347_274013,0
224347_31751,1
224347_68576,0
224347_270909,0
224348_138698,1
224348_15208,1
224348_9508,1
224348_255328,1
224348_215941,0
224348_41843,1
224350_226836,1
224350_114730,1
224350_143578,0
224350_148154,1
224350_249320,1
224350_164965,1
224351_140128,1
224351_223238,0
224351_139039,1
224351_150974,1
224351_182924,1
224351_85873,0
224353_105739,1
224353_173538,0
224353_122296,1
224353_27864,0
224353_64347,0
224353_257449,1
224355_239212,1
224355_248212,1
224355_168662,1
224355_113747,0
224355_266412,0
224355_192476,0
224362_25107,0
224362_203707,1
224362_52617,1
224362_74096,1
224362_68493,0
224362_16765,0
224365_27420,1
224365_105697,1
224365_203134,1
224365_18152,1
224365_77834,1
224365_30806,0
224367_247066,1
224367_278982,1
224367_116180,0
224367_145592,0
224367_5886,0
224367_57625,1
224368_150250,0
224368_245984,1
224368_272498,0
224368_141772,1
224368_188924,0
224368_228032,0
224374_213012,0
224374_134608,1
224374_109667,1
224374_10034,1
224374_32878,0
224374_243335,1
224375_237799,1
224375_129803,1
224375_72875,1
224375_193613,1
224375_152490,1
224375_81099,1
224376_127285,0
224376_183138,0
224376_95549,0
224376_215980,1
224376_205419,1
224376_146376,1
224377_200318,1
224377_103071,1
224377_112142,1
224377_1779,1
224377_288530,0
224377_9674,1
224379_148656,0
224379_61874,1
224379_114331,1
224379_64855,1
224379_158671,0
224379_5,0
224382_210529,1
224382_176460,0
224382_51712,1
224382_52498,0
224382_295295,0
224382_184364,1
224383_235491,1
224383_51299,1
224383_8332,0
224383_221118,0
224383_94531,1
224383_116712,0
224384_247824,1
224384_63532,0
224384_13021,1
224384_254837,0
224384_98305,0
224384_39046,0
224386_268388,1
224386_29308,0
224386_256132,1
224386_247020,0
224386_213280,0
224386_153923,1
224387_271941,0
224387_258281,0
224387_8128,1
224387_197465,1
224387_97039,1
224387_206547,0
224389_268984,0
224389_40130,1
224389_232430,0
224389_152525,1
224389_144942,1
224389_52617,1
224391_239326,1
224391_140159,1
224391_81750,1
224391_195967,0
224391_12901,0
224391_27090,1
224392_186531,1
224392_269685,1
224392_164308,1
224392_261727,0
224392_119734,0
224392_65951,0
224397_295858,0
224397_269227,0
224397_35591,1
224397_40763,0
224397_171850,0
224397_197897,0
224398_185916,1
224398_45579,1
224398_260816,1
224398_74090,1
224398_145437,1
224398_286697,1
224400_230176,0
224400_210399,1
224400_231141,1
224400_257182,0
224400_1779,1
224400_55871,1
224404_13765,1
224404_116470,0
224404_29810,1
224404_117980,1
224404_287625,0
224404_147026,1
224405_108080,1
224405_127288,1
224405_95924,0
224405_176676,0
224405_31263,1
224405_242779,1
224407_259420,0
224407_96841,1
224407_96378,0
224407_153742,1
224407_197919,1
224407_31029,0
224409_105306,1
224409_56429,1
224409_156654,1
224409_177986,1
224409_49793,1
224409_228933,1
224410_10746,0
224410_37154,0
224410_211358,0
224410_149089,0
224410_239189,0
224410_202527,1
224420_20093,1
224420_22533,0
224420_26532,0
224420_250655,1
224420_188481,0
224420_53776,0
224423_109919,1
224423_115145,1
224423_183243,1
224423_193878,0
224423_123323,0
224423_118920,1
224424_291248,0
224424_240717,0
224424_267943,0
224424_18733,1
224424_113702,1
224424_137479,0
224427_284691,1
224427_100017,1
224427_92035,0
224427_89641,0
224427_222892,1
224427_533,1
224428_26727,0
224428_284989,0
224428_190713,0
224428_212389,0
224428_126448,0
224428_58299,0
224433_261372,1
224433_224544,0
224433_229508,1
224433_125944,0
224433_104207,1
224433_292863,1
224434_70637,1
224434_271092,0
224434_34189,0
224434_152574,1
224434_227732,1
224434_228746,1
224436_255143,0
224436_272851,0
224436_120408,1
224436_47771,1
224436_98878,1
224436_153826,1
224437_13043,0
224437_83546,0
224437_24748,1
224437_174308,1
224437_5376,0
224437_54371,1
224443_261450,0
224443_69175,0
224443_289946,0
224443_31286,0
224443_186289,0
224443_93787,1
224445_39783,1
224445_2142,0
224445_121932,0
224445_191225,1
224445_51234,1
224445_150618,0
224446_161718,1
224446_173645,0
224446_239242,0
224446_219973,1
224446_165708,1
224446_198621,0
224448_254769,0
224448_202503,1
224448_103308,1
224448_262346,0
224448_264829,1
224448_135462,1
224452_294724,0
224452_133617,1
224452_37042,1
224452_101494,1
224452_273779,0
224452_225598,0
224457_45900,1
224457_199818,1
224457_144424,0
224457_547,1
224457_185423,1
224457_214382,1
224460_187117,1
224460_275510,0
224460_29228,1
224460_20797,0
224460_125944,1
224460_84557,0
224463_168264,1
224463_52956,1
224463_17245,0
224463_83500,1
224463_149496,1
224463_19530,1
224467_170809,0
224467_45262,0
224467_47666,1
224467_205375,1
224467_164081,0
224467_108175,1
224472_128565,0
224472_61686,1
224472_28718,0
224472_30408,1
224472_206777,1
224472_9898,0
224473_46390,0
224473_255196,0
224473_138862,1
224473_119006,1
224473_256132,1
224473_295396,1
224475_155798,0
224475_202834,0
224475_79723,1
224475_136018,1
224475_273201,0
224475_267161,0
224476_147656,0
224476_19574,1
224476_211280,1
224476_174788,1
224476_221946,1
224476_273185,1
224479_162983,1
224479_235895,0
224479_125944,1
224479_42299,0
224479_77139,0
224479_223536,1
224480_152987,0
224480_40143,0
224480_86038,1
224480_260780,1
224480_213072,1
224480_104542,0
224483_218956,0
224483_176676,1
224483_166193,0
224483_90411,1
224483_244291,1
224483_255048,1
224487_69951,0
224487_165998,1
224487_65362,0
224487_155795,0
224487_113782,0
224487_248271,1
224489_170317,0
224489_294134,0
224489_134456,1
224489_152944,1
224489_118948,0
224489_111323,0
224490_112021,1
224490_108643,1
224490_130023,1
224490_229987,0
224490_19632,1
224490_52853,1
224494_218238,1
224494_192185,1
224494_99448,1
224494_237211,1
224494_122375,0
224494_152797,0
224495_207694,1
224495_118276,0
224495_149377,0
224495_268409,0
224495_149674,0
224495_139572,1
224499_66741,0
224499_7114,1
224499_228912,0
224499_44250,1
224499_227295,0
224499_221371,1
224501_219361,1
224501_104668,1
224501_21988,1
224501_28591,1
224501_113135,1
224501_195967,0
224502_43031,0
224502_97270,0
224502_232024,1
224502_293558,1
224502_241580,1
224502_152347,0
224503_63534,0
224503_226318,1
224503_61004,1
224503_151595,1
224503_148419,0
224503_147380,0
224506_203248,1
224506_9741,1
224506_9719,1
224506_13641,0
224506_134225,1
224506_14432,0
224507_172022,0
224507_223536,0
224507_243512,0
224507_193493,1
224507_107707,1
224507_88123,0
224508_5376,1
224508_93574,0
224508_227365,0
224508_98374,0
224508_201970,1
224508_27804,0
224509_208389,0
224509_159936,1
224509_62052,0
224509_208689,1
224509_2754,1
224509_261559,1
224510_166330,0
224510_247379,1
224510_274715,1
224510_166484,1
224510_192081,1
224510_40857,1
224511_116741,1
224511_203759,0
224511_293310,1
224511_65195,1
224511_140063,1
224511_239926,0
224512_156818,1
224512_287321,0
224512_183917,0
224512_285150,1
224512_148821,1
224512_67386,1
224514_101943,0
224514_198365,1
224514_206779,0
224514_88840,1
224514_106482,1
224514_128855,0
224519_23341,1
224519_90356,0
224519_28276,1
224519_185707,1
224519_59468,1
224519_241553,1
224522_231640,0
224522_163104,1
224522_281349,1
224522_142723,0
224522_219794,0
224522_254567,1
224524_147794,1
224524_137618,0
224524_227158,0
224524_236197,1
224524_154512,1
224524_50473,1
224525_66637,1
224525_48819,0
224525_117605,0
224525_283814,1
224525_49889,0
224525_213415,1
224526_215535,1
224526_214766,0
224526_109020,1
224526_119220,1
224526_18066,1
224526_271849,0
224529_168397,1
224529_134458,1
224529_238892,1
224529_113371,1
224529_22099,1
224529_99448,1
224531_75813,1
224531_190099,1
224531_197524,0
224531_291607,1
224531_33233,1
224531_190802,0
224533_7859,1
224533_258891,1
224533_185962,1
224533_169486,0
224533_6177,0
224533_174862,0
224535_196470,1
224535_242102,0
224535_180759,0
224535_150772,1
224535_210602,1
224535_253858,0
224539_254899,0
224539_35308,0
224539_144718,1
224539_69994,1
224539_259516,0
224539_89527,0
224542_288689,0
224542_50106,0
224542_279943,1
224542_243378,1
224542_234742,0
224542_106892,1
224547_231141,1
224547_173007,1
224547_92770,1
224547_50447,1
224547_175437,0
224547_223164,1
224550_36990,0
224550_142897,1
224550_69887,1
224550_13540,1
224550_17645,0
224550_271459,0
224552_24410,0
224552_257669,1
224552_197901,0
224552_226320,0
224552_40651,0
224552_243160,1
224555_47420,0
224555_232268,1
224555_290841,1
224555_52617,1
224555_216902,1
224555_136832,1
224558_127879,0
224558_217557,1
224558_283098,0
224558_125958,1
224558_100900,1
224558_298,0
224560_273270,1
224560_195223,0
224560_255916,1
224560_64855,1
224560_72486,1
224560_130097,1
224563_38557,1
224563_134774,0
224563_207977,0
224563_267494,0
224563_271794,1
224563_167157,1
224564_150644,1
224564_85596,1
224564_126692,1
224564_203487,1
224564_17790,1
224564_183872,1
224569_228077,1
224569_218956,1
224569_285098,1
224569_33390,1
224569_246593,1
224569_159946,1
224570_25075,1
224570_200132,1
224570_104050,1
224570_103708,0
224570_58178,0
224570_279965,0
224571_133467,1
224571_105749,1
224571_123749,1
224571_134510,0
224571_55408,0
224571_181,0
224572_115398,0
224572_193492,0
224572_73348,1
224572_21911,1
224572_70431,0
224572_70788,1
224574_229062,1
224574_261372,0
224574_221216,0
224574_239557,1
224574_104511,0
224574_283425,0
224575_286452,1
224575_29827,0
224575_52853,1
224575_107959,0
224575_293077,0
224575_25510,1
224579_268984,0
224579_70972,0
224579_136751,1
224579_9663,0
224579_214979,0
224579_188735,1
224580_145554,1
224580_254450,1
224580_105788,0
224580_214897,1
224580_205006,1
224580_25857,1
224583_168127,1
224583_64212,1
224583_47488,1
224583_146286,1
224583_96327,1
224583_3760,1
224591_137479,0
224591_164300,1
224591_211280,1
224591_279527,1
224591_285630,1
224591_111174,1
224592_150618,1
224592_277969,1
224592_293385,0
224592_228114,1
224592_55252,1
224592_141610,1
224593_51122,0
224593_134904,1
224593_51765,0
224593_188926,1
224593_172296,1
224593_22730,1
224594_155964,0
224594_138112,1
224594_245174,0
224594_107049,1
224594_165106,1
224594_32116,0
224596_109069,0
224596_118563,1
224596_225329,0
224596_226835,1
224596_38753,0
224596_24547,1
224597_260350,0
224597_141772,1
224597_288154,1
224597_168585,1
224597_161747,1
224597_11588,1
224598_94461,0
224598_208975,1
224598_227433,1
224598_150120,0
224598_111183,0
224598_291972,0
224600_2020,1
224600_112615,0
224600_52105,1
224600_111746,0
224600_4833,1
224600_16745,1
224602_5207,0
224602_261346,0
224602_224623,1
224602_216902,0
224602_243829,1
224602_101294,1
224603_281815,0
224603_293505,1
224603_269544,0
224603_294724,0
224603_109363,1
224603_246425,1
224606_218124,1
224606_140507,1
224606_45151,0
224606_166608,0
224606_224670,0
224606_226798,1
224610_129811,1
224610_35227,1
224610_183183,1
224610_285573,1
224610_266657,1
224610_20747,0
224612_51612,1
224612_160759,1
224612_50672,0
224612_51016,1
224612_118725,1
224612_120901,1
224618_162205,0
224618_133764,0
224618_208093,0
224618_264454,1
224618_279219,1
224618_107493,1
224620_134160,0
224620_132905,1
224620_24820,0
224620_82931,1
224620_5713,1
224620_275729,0
224623_218432,1
224623_158316,1
224623_132698,1
224623_95934,1
224623_47548,1
224623_116187,1
224625_281404,1
224625_153291,1
224625_196470,1
224625_246130,0
224625_223796,1
224625_218238,0
224627_104348,1
224627_58183,0
224627_191403,0
224627_173094,1
224627_272073,1
224627_193318,0
224631_182279,1
224631_249993,1
224631_65833,0
224631_12048,0
224631_190001,1
224631_69183,1
224636_100634,0
224636_58817,1
224636_229399,0
224636_249331,1
224636_278003,0
224636_134458,1
224638_10062,1
224638_173257,1
224638_125045,0
224638_54982,1
224638_98878,1
224638_274209,0
224641_206496,0
224641_235551,1
224641_41510,1
224641_86807,0
224641_250753,1
224641_223307,0
224644_112936,0
224644_285250,0
224644_136275,0
224644_16801,1
224644_109606,1
224644_240982,0
224647_125810,0
224647_131564,0
224647_36024,1
224647_196882,1
224647_254330,1
224647_126097,0
224648_215635,0
224648_254136,1
224648_134464,0
224648_120665,0
224648_22728,0
224648_190924,0
224650_87732,1
224650_932,0
224650_141628,0
224650_38557,0
224650_139135,1
224650_198994,0
224656_239853,1
224656_72875,1
224656_13641,1
224656_197211,1
224656_253064,1
224656_5207,1
224660_236618,0
224660_254175,0
224660_56820,1
224660_251963,1
224660_293262,0
224660_29273,1
224661_244947,1
224661_204124,0
224661_79655,1
224661_28228,1
224661_247020,0
224661_139135,1
224662_66824,0
224662_153742,1
224662_73557,1
224662_295701,0
224662_64812,1
224662_118886,1
224664_42645,0
224664_182164,0
224664_201235,1
224664_260119,1
224664_273496,0
224664_196720,0
224665_294590,0
224665_11480,0
224665_67669,1
224665_92075,1
224665_124712,1
224665_173627,1
224666_212330,1
224666_22271,1
224666_254496,0
224666_115683,1
224666_203623,0
224666_25635,0
224669_40128,1
224669_83669,1
224669_22633,0
224669_151937,1
224669_12020,0
224669_82017,0
224670_233294,0
224670_239591,1
224670_291128,1
224670_181374,0
224670_273581,1
224670_275514,0
224675_112017,1
224675_175550,1
224675_274533,0
224675_150618,1
224675_175481,1
224675_213072,1
224679_27851,0
224679_172420,1
224679_235159,1
224679_19446,0
224679_222246,1
224679_152095,0
224686_26097,1
224686_140099,0
224686_162257,0
224686_213012,0
224686_270419,0
224686_160036,0
224689_110739,1
224689_203679,1
224689_203180,0
224689_247293,1
224689_262944,1
224689_245818,1
224690_67225,0
224690_212147,1
224690_218,0
224690_267989,1
224690_95709,1
224690_71011,1
224691_189192,1
224691_234891,1
224691_64708,0
224691_122435,0
224691_125164,1
224691_180229,1
224695_214280,0
224695_153923,1
224695_249554,1
224695_108755,1
224695_46661,1
224695_279161,1
224696_207830,1
224696_224135,1
224696_184615,1
224696_185418,1
224696_129467,1
224696_127293,1
224701_207542,1
224701_109399,1
224701_269227,1
224701_65831,0
224701_275559,1
224701_228892,1
224707_20538,0
224707_74714,0
224707_106673,1
224707_103434,0
224707_25395,0
224707_233617,1
224708_240522,0
224708_185584,0
224708_222293,1
224708_262972,0
224708_179502,0
224708_230521,0
224709_80032,1
224709_136736,1
224709_227571,1
224709_104096,1
224709_264286,1
224709_9151,0
224710_126615,1
224710_87378,0
224710_150748,1
224710_65494,1
224710_242142,0
224710_191466,0
224717_21657,0
224717_215789,0
224717_101952,0
224717_172006,0
224717_118725,0
224717_119739,0
224721_218238,1
224721_197462,0
224721_232268,1
224721_227897,0
224721_201216,1
224721_125904,1
224723_205661,0
224723_290562,1
224723_31843,0
224723_99683,0
224723_221223,0
224723_167303,0
224724_110503,1
224724_101697,0
224724_279927,1
224724_258563,1
224724_284299,0
224724_20460,0
224729_64723,1
224729_99582,0
224729_192093,1
224729_54371,0
224729_77209,0
224729_166571,0
224730_7903,0
224730_171706,0
224730_134458,1
224730_144140,0
224730_195439,1
224730_134877,1
224732_289866,1
224732_102844,0
224732_163855,0
224732_253132,1
224732_66253,1
224732_267796,1
224736_261695,1
224736_127122,0
224736_77871,1
224736_67376,1
224736_210069,0
224736_26586,1
224738_187564,1
224738_275201,1
224738_241933,1
224738_12277,0
224738_265891,1
224738_158541,0
224741_180306,1
224741_294825,1
224741_91021,1
224741_109151,1
224741_64855,1
224741_22819,1
224743_192662,0
224743_147822,0
224743_80430,0
224743_158950,1
224743_265051,1
224743_148218,1
224744_70179,0
224744_218956,1
224744_5888,1
224744_125193,1
224744_230194,0
224744_232351,1
224750_82912,1
224750_63674,1
224750_272652,0
224750_96676,1
224750_150186,0
224750_227416,0
224752_119375,0
224752_77677,1
224752_207449,1
224752_36120,0
224752_218206,0
224752_7040,1
224759_251349,0
224759_69048,1
224759_15405,1
224759_233209,0
224759_4027,1
224759_19091,0
224763_130097,1
224763_266274,1
224763_185295,1
224763_129095,1
224763_190835,0
224763_185335,1
224766_158253,1
224766_82265,0
224766_265949,0
224766_194950,0
224766_47591,0
224766_71030,1
224769_21498,1
224769_294698,0
224769_15910,0
224769_180719,0
224769_63386,1
224769_54510,0
224772_39046,1
224772_175481,1
224772_253648,1
224772_6116,0
224772_191267,1
224772_189952,1
224773_239838,0
224773_65938,1
224773_255227,1
224773_66796,1
224773_47124,1
224773_1889,1
224775_95302,0
224775_110256,0
224775_15485,0
224775_87975,0
224775_155138,0
224775_17563,0
224776_124296,1
224776_230358,1
224776_6064,1
224776_32601,1
224776_47770,0
224776_267359,0
224783_56783,1
224783_138333,0
224783_186724,0
224783_144189,0
224783_71294,1
224783_182056,1
224785_249778,0
224785_289052,0
224785_165206,1
224785_263625,1
224785_71402,0
224785_124125,1
224787_210783,1
224787_150433,0
224787_135154,1
224787_214005,0
224787_285025,0
224787_80165,0
224789_213682,1
224789_83157,0
224789_6272,1
224789_165644,1
224789_39693,1
224789_35333,1
224791_283022,1
224791_142715,1
224791_151152,0
224791_56596,0
224791_293379,1
224791_118688,1
224795_283507,1
224795_76512,1
224795_48254,1
224795_32141,0
224795_59789,1
224795_223238,0
224797_55412,1
224797_149786,1
224797_255916,1
224797_292447,0
224797_84012,1
224797_22468,0
224801_151924,0
224801_156328,0
224801_41114,1
224801_7221,0
224801_94309,1
224801_184533,0
224804_4695,0
224804_17943,1
224804_249919,1
224804_205066,0
224804_215129,0
224804_259363,1
224808_266150,0
224808_128254,1
224808_34407,1
224808_75053,1
224808_140381,1
224808_96377,1
224809_259495,0
224809_133906,1
224809_150186,0
224809_224671,0
224809_235453,0
224809_291102,1
224810_261450,1
224810_240827,0
224810_220929,1
224810_104583,0
224810_268462,1
224810_30932,1
224811_166193,0
224811_196733,1
224811_69054,1
224811_68872,1
224811_38945,0
224811_175211,0
224814_236006,1
224814_71809,1
224814_276460,0
224814_215158,1
224814_54645,0
224814_234348,1
224817_29894,1
224817_130063,0
224817_229916,1
224817_158015,0
224817_3725,1
224817_250753,0
224821_92764,1
224821_122568,1
224821_130699,0
224821_66943,1
224821_219813,1
224821_141660,1
224826_119036,1
224826_278582,1
224826_169945,1
224826_56551,1
224826_48351,1
224826_132076,1
224827_177205,1
224827_130540,0
224827_218713,1
224827_293315,1
224827_290926,1
224827_224646,0
224832_16916,1
224832_285993,0
224832_30721,0
224832_43031,1
224832_265963,1
224832_230717,0
224835_110315,1
224835_144253,1
224835_39062,1
224835_166504,1
224835_238630,0
224835_150364,0
224836_206761,0
224836_123305,1
224836_8252,1
224836_15776,0
224836_42313,1
224836_236006,1
224845_214979,1
224845_13991,1
224845_247494,1
224845_118121,1
224845_208113,0
224845_267888,1
224847_247253,1
224847_37562,1
224847_206044,1
224847_93429,0
224847_95871,0
224847_33195,1
224848_109487,1
224848_166209,0
224848_171864,0
224848_76477,1
224848_119229,0
224848_190319,1
224849_256695,0
224849_88958,0
224849_25665,1
224849_40551,1
224849_265918,0
224849_238210,1
224851_210843,1
224851_36641,1
224851_179292,1
224851_26561,0
224851_211138,0
224851_30547,0
224852_269685,0
224852_101871,1
224852_74276,1
224852_50778,1
224852_247859,1
224852_71402,0
224858_58360,0
224858_279398,0
224858_87732,0
224858_291102,1
224858_108612,1
224858_250273,1
224862_3390,1
224862_144024,0
224862_217768,1
224862_59747,0
224862_181496,0
224862_198197,0
224864_49524,0
224864_107155,1
224864_42615,0
224864_15091,1
224864_283805,1
224864_254972,0
224865_73477,1
224865_37686,1
224865_208113,0
224865_73518,1
224865_272341,0
224865_7740,0
224866_189375,1
224866_77875,1
224866_15955,1
224866_101473,1
224866_167880,1
224866_140602,1
224867_291135,0
224867_236044,0
224867_152491,0
224867_220317,0
224867_19615,1
224867_29293,0
224868_139396,1
224868_136827,1
224868_287746,0
224868_262921,1
224868_120246,1
224868_92164,1
224871_148670,0
224871_246130,0
224871_259273,0
224871_128078,0
224871_47343,0
224871_138112,1
224874_17496,1
224874_266181,1
224874_187348,1
224874_247388,1
224874_212515,1
224874_268613,1
224875_209783,1
224875_239369,1
224875_202025,1
224875_290021,0
224875_61530,1
224875_175571,0
224876_108780,0
224876_251839,0
224876_116812,0
224876_129410,0
224876_199331,0
224876_141120,0
224878_109783,0
224878_246593,0
224878_95625,1
224878_53153,1
224878_263647,0
224878_206120,0
224880_252799,1
224880_150707,1
224880_104858,1
224880_196159,1
224880_138112,1
224880_30043,1
224881_37960,1
224881_290774,1
224881_222995,1
224881_288439,0
224881_185523,0
224881_248267,0
224882_8260,1
224882_278582,0
224882_61277,1
224882_289929,1
224882_32226,0
224882_230239,1
224884_152843,0
224884_120880,0
224884_227586,1
224884_219579,1
224884_193419,1
224884_277912,1
224887_108146,1
224887_120519,1
224887_105491,1
224887_290021,0
224887_28714,1
224887_281097,0
224891_104406,0
224891_152732,0
224891_206026,0
224891_142408,1
224891_247634,0
224891_88123,0
224895_215312,1
224895_60205,0
224895_110932,0
224895_153363,1
224895_207830,0
224895_177182,0
224897_5846,0
224897_38059,1
224897_216723,1
224897_166916,1
224897_49668,1
224897_83605,0
224900_290004,1
224900_55488,0
224900_265012,0
224900_166753,1
224900_276596,0
224900_97947,0
224902_20454,1
224902_109148,1
224902_29610,1
224902_91177,0
224902_219232,1
224902_130590,1
224904_276420,1
224904_263937,1
224904_33163,1
224904_257378,0
224904_118499,0
224904_202206,1
224905_121695,1
224905_104207,1
224905_180440,0
224905_256922,1
224905_120246,1
224905_38287,1
224906_32397,1
224906_84521,1
224906_153972,1
224906_17575,1
224906_118690,1
224906_13641,1
224908_238195,0
224908_206096,0
224908_96408,0
224908_280171,0
224908_225426,0
224908_245030,0
224911_285601,0
224911_249213,1
224911_151311,0
224911_19352,1
224911_74002,0
224911_53091,0
224912_130023,1
224912_73043,1
224912_180371,1
224912_287700,0
224912_86733,1
224912_123323,0
224915_46269,1
224915_290018,1
224915_195937,0
224915_26803,0
224915_226946,1
224915_39465,1
224916_248956,0
224916_100174,1
224916_58116,1
224916_230245,1
224916_237275,1
224916_24050,1
224918_254092,0
224918_116601,1
224918_281016,1
224918_178133,1
224918_141772,1
224918_73043,1
224920_159381,0
224920_181167,1
224920_253694,0
224920_229916,0
224920_250637,1
224920_233339,0
224922_113233,1
224922_77871,1
224922_194375,0
224922_24151,1
224922_262796,1
224922_271303,1
224923_242044,0
224923_173677,0
224923_62721,0
224923_207389,1
224923_119532,1
224923_288091,1
224927_12176,0
224927_122086,1
224927_214086,1
224927_254092,1
224927_263828,0
224927_7375,1
224928_76820,1
224928_219379,1
224928_149377,0
224928_295292,1
224928_29587,1
224928_60377,0
224929_60950,1
224929_83737,1
224929_215172,1
224929_96303,1
224929_139384,1
224929_155571,1
224933_51913,0
224933_124461,1
224933_134659,1
224933_157233,0
224933_289978,0
224933_86485,1
224934_12234,0
224934_146570,1
224934_112783,0
224934_125944,0
224934_74296,0
224934_241116,1
224936_133163,0
224936_192396,1
224936_237784,1
224936_93148,0
224936_167108,1
224936_122933,0
224937_262184,1
224937_113135,1
224937_281016,1
224937_53839,0
224937_119376,0
224937_265026,0
224939_257392,0
224939_54093,1
224939_20499,1
224939_98369,0
224939_229743,0
224939_71059,1
224941_109788,1
224941_61617,0
224941_17882,1
224941_256357,0
224941_147573,1
224941_109606,0
224942_126043,0
224942_100608,0
224942_242368,1
224942_45543,1
224942_212606,0
224942_230358,1
224943_290583,1
224943_264742,1
224943_277867,1
224943_44675,1
224943_254937,1
224943_151722,0
224944_224515,1
224944_26154,0
224944_73557,0
224944_148315,0
224944_54650,1
224944_11517,0
224945_134431,1
224945_103121,0
224945_275119,0
224945_103044,1
224945_104050,1
224945_174880,1
224953_34470,1
224953_27480,1
224953_129285,0
224953_228598,1
224953_249860,1
224953_47420,0
224954_120080,0
224954_161955,0
224954_32181,0
224954_70788,1
224954_218019,0
224954_285250,1
224956_257590,1
224956_144191,0
224956_184197,1
224956_268974,1
224956_174387,0
224956_27443,1
224965_89668,1
224965_127880,1
224965_255065,1
224965_288569,1
224965_140360,1
224965_140526,1
224967_262921,0
224967_72527,0
224967_150375,1
224967_140092,0
224967_101816,0
224967_195348,0
224968_2862,1
224968_1124,0
224968_194993,0
224968_35663,1
224968_77788,0
224968_246396,0
224970_223636,1
224970_267651,1
224970_214722,1
224970_45124,1
224970_71038,1
224970_155602,0
224971_107172,0
224971_138863,1
224971_166837,1
224971_278320,1
224971_196047,1
224971_59719,1
224976_266647,0
224976_254008,1
224976_261970,1
224976_41125,1
224976_252371,0
224976_142599,0
224979_101583,1
224979_139393,0
224979_164753,1
224979_74542,1
224979_42073,1
224979_45343,1
224980_89070,0
224980_237561,1
224980_182443,1
224980_255048,1
224980_293368,0
224980_131453,1
224983_243675,1
224983_291338,0
224983_103310,1
224983_84138,1
224983_255523,1
224983_122309,0
224985_182908,0
224985_197975,0
224985_44287,1
224985_292886,1
224985_53873,0
224985_7456,0
224986_118170,1
224986_67881,1
224986_89130,0
224986_63855,1
224986_244657,1
224986_144357,1
224988_56115,1
224988_90106,0
224988_176821,0
224988_39252,1
224988_142781,0
224988_189663,0
224989_4026,1
224989_205263,1
224989_85654,0
224989_166258,0
224989_264582,1
224989_214941,1
224990_135181,1
224990_118847,0
224990_79770,1
224990_33163,1
224990_66637,0
224990_98636,0
224994_266705,1
224994_204836,1
224994_240545,0
224994_37401,1
224994_219726,1
224994_120603,1
224995_223542,1
224995_281113,0
224995_252530,0
224995_133304,1
224995_76394,1
224995_6522,1
224998_251810,1
224998_214726,0
224998_152518,0
224998_38202,1
224998_148067,0
224998_42024,1
225000_216431,0
225000_57954,0
225000_263721,0
225000_42581,0
225000_88839,0
225000_139839,0
225003_20185,0
225003_65230,0
225003_151924,1
225003_234421,1
225003_227487,0
225003_249288,1
225004_137485,0
225004_27608,1
225004_125944,0
225004_158331,0
225004_20206,1
225004_97396,1
225006_293429,0
225006_139698,0
225006_195996,0
225006_233415,1
225006_198498,0
225006_142305,1
225014_76477,1
225014_226321,0
225014_32141,1
225014_190758,1
225014_226244,1
225014_15769,0
225015_271473,0
225015_2518,0
225015_59565,1
225015_195774,1
225015_109094,1
225015_133594,1
225018_118461,1
225018_241421,0
225018_98640,1
225018_169518,1
225018_275223,1
225018_123749,1
225020_230239,0
225020_150618,1
225020_216244,1
225020_53430,1
225020_282294,0
225020_63723,0
225021_81497,1
225021_32226,0
225021_216497,0
225021_29433,1
225021_282493,1
225021_166837,1
225022_45579,0
225022_196883,0
225022_76355,1
225022_221307,0
225022_147456,0
225022_167470,1
225030_50186,0
225030_10628,1
225030_91264,0
225030_134782,1
225030_123618,0
225030_225426,1
225032_259316,1
225032_97303,1
225032_118243,1
225032_102112,1
225032_131698,1
225032_7845,0
225034_105111,1
225034_175981,1
225034_118920,1
225034_184752,1
225034_8260,1
225034_179152,1
225037_5001,0
225037_44328,0
225037_250433,0
225037_50164,0
225037_220393,0
225037_62765,0
225038_144830,0
225038_244732,0
225038_246043,0
225038_85077,1
225038_261018,0
225038_174105,0
225040_288319,1
225040_194950,1
225040_5930,1
225040_110556,1
225040_282136,1
225040_94531,1
225042_288236,0
225042_133001,1
225042_64985,0
225042_76563,0
225042_23922,0
225042_206447,1
225044_159811,1
225044_123562,1
225044_75744,1
225044_63210,1
225044_97887,1
225044_139083,1
225045_67942,0
225045_120403,1
225045_65119,1
225045_116034,0
225045_278648,0
225045_113784,1
225046_236818,0
225046_215325,1
225046_196596,1
225046_48961,0
225046_39072,1
225046_261695,1
225048_210284,0
225048_225647,1
225048_276868,1
225048_72875,0
225048_83125,1
225048_73812,1
225049_268382,0
225049_261609,0
225049_117238,0
225049_243573,0
225049_67509,1
225049_112142,1
225051_239473,0
225051_277294,0
225051_229916,1
225051_96755,0
225051_43114,0
225051_92112,0
225052_60167,1
225052_222749,0
225052_257689,0
225052_254853,0
225052_187619,0
225052_217470,0
225056_228615,0
225056_222969,0
225056_92328,0
225056_30843,0
225056_43593,0
225056_5030,0
225057_120563,0
225057_152732,1
225057_76677,1
225057_76986,0
225057_53743,0
225057_179540,1
225059_214851,0
225059_196554,0
225059_24876,0
225059_294419,0
225059_224380,0
225059_250048,0
225061_85999,1
225061_84818,1
225061_59566,1
225061_44854,1
225061_79140,0
225061_244616,1
225062_22944,0
225062_104324,0
225062_287963,0
225062_100831,0
225062_116741,0
225062_229916,0
225063_178224,0
225063_256675,1
225063_152885,1
225063_133981,1
225063_259598,1
225063_221867,1
225065_231592,1
225065_77237,1
225065_220102,1
225065_16545,1
225065_24629,0
225065_78524,1
225066_141638,0
225066_280025,0
225066_275379,1
225066_104463,1
225066_41843,0
225066_77834,1
225067_106378,0
225067_228077,0
225067_6294,1
225067_271586,1
225067_44525,1
225067_105779,1
225074_119772,1
225074_232167,0
225074_95068,1
225074_126746,1
225074_136724,0
225074_122424,1
225075_244443,0
225075_43889,1
225075_215287,1
225075_102237,1
225075_175274,1
225075_265599,1
225076_151534,1
225076_219933,1
225076_155631,0
225076_176795,1
225076_244768,1
225076_89152,1
225077_138319,1
225077_108853,0
225077_131710,0
225077_109336,0
225077_262921,1
225077_49111,0
225078_161797,1
225078_150712,1
225078_148158,1
225078_118296,1
225078_264414,1
225078_13371,1
225079_74203,0
225079_130276,1
225079_210063,0
225079_145146,1
225079_94893,1
225079_108850,0
225080_117309,1
225080_8439,1
225080_190204,0
225080_131390,1
225080_246583,1
225080_71454,1
225083_290787,0
225083_56679,0
225083_145097,0
225083_248745,1
225083_286499,0
225083_170427,0
225086_150250,1
225086_264835,0
225086_119358,1
225086_198297,1
225086_135537,1
225086_171682,0
225089_167292,0
225089_252250,1
225089_253614,1
225089_97522,1
225089_187121,1
225089_133617,1
225092_256232,1
225092_247777,0
225092_134456,0
225092_219422,1
225092_226692,1
225092_243829,1
225094_275595,1
225094_1321,1
225094_221736,0
225094_45461,1
225094_274712,0
225094_31433,1
225096_137715,0
225096_17790,0
225096_159002,1
225096_253463,0
225096_226430,0
225096_214306,0
225106_22974,1
225106_272768,1
225106_238023,0
225106_151809,1
225106_107811,1
225106_252936,0
225108_73384,1
225108_185243,1
225108_126532,0
225108_199682,0
225108_154833,0
225108_276868,0
225109_44675,1
225109_14086,0
225109_119772,1
225109_47528,0
225109_45044,0
225109_83417,1
225112_154842,1
225112_129601,0
225112_229894,1
225112_21487,1
225112_271623,1
225112_202681,0
225116_183733,1
225116_244135,1
225116_174809,1
225116_10397,1
225116_271100,1
225116_250273,1
225117_288091,1
225117_6898,0
225117_176515,1
225117_181556,1
225117_165800,0
225117_84033,1
225119_163695,1
225119_27427,1
225119_67487,1
225119_64470,1
225119_170812,0
225119_167756,1
225120_259256,0
225120_57763,0
225120_204153,1
225120_161444,1
225120_251914,0
225120_246923,1
225127_204462,0
225127_165178,0
225127_288510,1
225127_31583,0
225127_221998,0
225127_200574,0
225130_167302,0
225130_110738,0
225130_219330,0
225130_98977,0
225130_10891,1
225130_47550,1
225132_252470,0
225132_232669,1
225132_254917,1
225132_173374,1
225132_165708,1
225132_20895,1
225134_98851,1
225134_243273,1
225134_264575,1
225134_197995,1
225134_200433,1
225134_69797,1
225136_237580,1
225136_218496,0
225136_36734,1
225136_241167,1
225136_63963,0
225136_172639,0
225138_194986,1
225138_195575,0
225138_151942,0
225138_202385,0
225138_283018,1
225138_124029,0
225141_253231,0
225141_122020,0
225141_7596,0
225141_98681,0
225141_25600,0
225141_292863,1
225142_106038,1
225142_92770,1
225142_189985,1
225142_85914,1
225142_66359,1
225142_2518,1
225144_78365,1
225144_80841,1
225144_139764,0
225144_266424,0
225144_9812,1
225144_178146,1
225149_227165,0
225149_20416,0
225149_210642,1
225149_5565,1
225149_198218,0
225149_34014,1
225158_111022,1
225158_209545,1
225158_289059,1
225158_228486,1
225158_238604,1
225158_220864,1
225162_286863,0
225162_142163,0
225162_46679,0
225162_150938,0
225162_214296,0
225162_279318,0
225163_7740,1
225163_272201,0
225163_21365,1
225163_118690,1
225163_206195,0
225163_132003,1
225167_217825,1
225167_185330,1
225167_73284,1
225167_242821,1
225167_98977,0
225167_162975,1
225169_143033,1
225169_98487,0
225169_190001,0
225169_267796,0
225169_77348,1
225169_94919,0
225177_187117,1
225177_190852,1
225177_58433,1
225177_932,1
225177_276760,0
225177_270507,1
225179_66439,1
225179_105904,1
225179_31258,1
225179_2157,1
225179_186891,1
225179_77295,1
225181_70744,1
225181_13690,0
225181_119453,1
225181_230558,1
225181_261609,1
225181_123323,0
225182_227009,1
225182_123160,0
225182_147111,1
225182_99538,0
225182_262074,1
225182_147036,0
225184_157129,1
225184_83093,1
225184_170578,1
225184_219946,1
225184_223238,0
225184_227051,0
225186_157129,1
225186_66230,1
225186_41843,0
225186_42899,1
225186_144499,0
225186_87732,0
225190_23629,1
225190_216894,1
225190_72969,0
225190_31026,1
225190_5414,0
225190_217058,0
225192_169773,1
225192_154638,0
225192_261335,0
225192_74494,0
225192_169090,0
225192_178008,0
225194_70346,1
225194_258741,0
225194_280192,1
225194_144919,1
225194_210192,0
225194_129684,0
225198_3380,1
225198_252114,0
225198_278513,0
225198_295831,0
225198_17926,1
225198_280410,1
225199_77739,0
225199_84192,1
225199_117056,1
225199_60276,1
225199_67942,0
225199_247584,1
225201_2515,0
225201_271072,1
225201_236674,1
225201_20211,0
225201_255897,0
225201_165800,1
225203_83656,1
225203_131453,0
225203_72875,1
225203_83258,0
225203_193341,0
225203_1353,1
225204_271623,1
225204_66248,0
225204_169025,1
225204_52852,1
225204_113234,1
225204_131901,0
225208_163907,0
225208_181902,0
225208_273105,1
225208_123997,0
225208_139815,1
225208_229425,1
225210_55303,0
225210_227268,1
225210_31960,1
225210_163258,1
225210_135278,1
225210_251785,0
225212_183787,0
225212_151710,0
225212_196860,1
225212_197997,1
225212_268019,0
225212_52617,1
225213_34397,1
225213_275682,1
225213_95501,1
225213_145867,1
225213_288488,1
225213_243020,0
225214_275315,0
225214_245818,1
225214_134774,0
225214_62049,1
225214_101871,1
225214_38525,1
225216_224617,0
225216_142898,0
225216_173089,0
225216_255647,0
225216_26847,1
225216_95965,0
225217_72334,1
225217_102089,0
225217_248692,1
225217_180704,0
225217_275507,1
225217_174078,1
225219_12848,1
225219_38525,1
225219_102306,1
225219_145082,1
225219_288204,1
225219_74933,1
225220_252703,0
225220_14306,1
225220_73557,0
225220_235118,1
225220_66392,1
225220_144325,1
225224_39046,0
225224_104668,1
225224_140060,0
225224_146446,1
225224_248084,1
225224_214845,0
225225_132628,0
225225_126645,0
225225_265704,1
225225_252150,1
225225_143164,0
225225_11437,0
225226_265278,1
225226_71455,1
225226_17302,1
225226_149710,1
225226_207961,1
225226_109148,1
225227_128416,0
225227_268019,0
225227_32310,1
225227_135348,0
225227_82662,0
225227_58573,0
225230_100831,1
225230_267824,1
225230_64123,1
225230_119233,1
225230_45340,1
225230_8544,1
225234_285724,1
225234_152202,1
225234_221953,1
225234_70541,1
225234_136273,1
225234_148978,1
225235_191418,0
225235_28347,0
225235_85596,1
225235_39577,1
225235_45942,0
225235_62418,0
225237_172024,0
225237_15187,1
225237_114635,1
225237_173909,0
225237_265195,0
225237_230846,1
225238_101404,1
225238_42395,1
225238_176676,0
225238_191169,1
225238_250665,0
225238_146507,0
225240_185584,0
225240_294196,1
225240_80621,0
225240_125193,0
225240_147585,1
225240_150618,1
225244_98142,1
225244_214304,0
225244_51675,1
225244_218019,1
225244_271100,1
225244_137592,0
225247_122769,1
225247_177370,1
225247_235321,0
225247_139562,1
225247_47805,1
225247_159506,1
225248_285547,0
225248_69464,1
225248_41592,0
225248_120535,0
225248_181901,0
225248_203139,0
225249_260040,1
225249_31310,1
225249_102452,0
225249_293332,1
225249_136327,1
225249_161687,1
225250_146732,1
225250_92591,1
225250_109148,1
225250_100077,0
225250_97179,1
225250_17245,0
225251_75469,1
225251_206638,1
225251_235761,1
225251_198927,0
225251_145057,1
225251_193003,1
225255_82299,1
225255_203676,1
225255_37183,1
225255_281650,1
225255_83355,0
225255_81434,1
225257_9240,0
225257_142618,1
225257_83187,0
225257_5888,1
225257_204859,1
225257_160262,1
225261_208504,1
225261_185599,0
225261_81421,0
225261_221220,1
225261_204960,0
225261_254453,1
225262_165643,0
225262_206538,0
225262_94498,1
225262_225530,1
225262_120563,0
225262_75598,0
225263_270735,1
225263_213528,1
225263_161244,0
225263_251212,1
225263_143570,1
225263_285196,1
225264_148460,0
225264_212192,0
225264_62037,0
225264_202503,0
225264_42510,0
225264_289249,1
225265_86430,0
225265_75813,0
225265_23945,0
225265_94723,1
225265_117159,0
225265_153924,1
225266_148932,0
225266_67454,0
225266_39762,1
225266_124029,0
225266_155781,1
225266_134106,1
225267_80674,1
225267_3222,0
225267_26040,0
225267_12821,1
225267_52885,1
225267_61351,1
225271_89346,0
225271_244394,1
225271_64461,1
225271_198994,1
225271_125742,1
225271_9342,0
225275_291947,0
225275_269539,0
225275_165993,0
225275_21229,0
225275_180282,1
225275_235048,1
225277_166349,1
225277_259598,1
225277_233112,1
225277_92449,0
225277_106510,1
225277_107959,1
225281_17245,0
225281_191312,0
225281_107238,1
225281_102780,1
225281_97283,0
225281_223276,0
225283_261413,1
225283_106102,0
225283_31945,1
225283_129410,1
225283_240854,1
225283_15759,1
225286_252625,0
225286_76921,0
225286_174722,0
225286_191,0
225286_135278,0
225286_58082,0
225287_244528,0
225287_215325,1
225287_206241,0
225287_157434,1
225287_152525,0
225287_136453,0
225288_190213,1
225288_93808,1
225288_64855,1
225288_99868,1
225288_28489,1
225288_259983,1
225291_238906,1
225291_109352,1
225291_292109,0
225291_159670,1
225291_85388,1
225291_6457,0
225293_115478,0
225293_166101,0
225293_93620,1
225293_261346,1
225293_34948,1
225293_272073,0
225294_104463,1
225294_34397,1
225294_20797,1
225294_217557,1
225294_9373,0
225294_143081,1
225296_123686,0
225296_280033,1
225296_124005,1
225296_21365,0
225296_204340,0
225296_110637,1
225298_181408,0
225298_107089,0
225298_81085,1
225298_155905,1
225298_93425,1
225298_113390,1
225300_276208,1
225300_251253,1
225300_276334,0
225300_207491,0
225300_225414,0
225300_118536,0
225301_262955,1
225301_188023,0
225301_201288,0
225301_173257,1
225301_251798,1
225301_64451,1
225302_38792,0
225302_50020,1
225302_253858,0
225302_237073,1
225302_76605,1
225302_190988,1
225303_139775,1
225303_272166,1
225303_235743,1
225303_162631,0
225303_267763,1
225303_221232,0
225304_280675,0
225304_22096,1
225304_255065,0
225304_254020,1
225304_220518,0
225304_98643,1
225309_256132,1
225309_139386,1
225309_261743,1
225309_287949,1
225309_37684,0
225309_7413,1
225310_213436,0
225310_245110,0
225310_125944,1
225310_163853,1
225310_6916,0
225310_187050,1
225313_272332,1
225313_271416,1
225313_293167,1
225313_24434,0
225313_92770,0
225313_66519,0
225329_175622,0
225329_278874,0
225329_184785,0
225329_229929,0
225329_20538,0
225329_244608,0
225336_281016,1
225336_207542,0
225336_161182,0
225336_262921,1
225336_246923,1
225336_159976,0
225337_89776,0
225337_220488,0
225337_124185,0
225337_27613,1
225337_135514,0
225337_125041,0
225340_113233,0
225340_32226,0
225340_92628,0
225340_163853,1
225340_239573,0
225340_131080,0
225341_142715,0
225341_13495,0
225341_198833,0
225341_166598,0
225341_72875,0
225341_294808,0
225345_8631,0
225345_136794,0
225345_271783,1
225345_118244,1
225345_104542,1
225345_132523,0
225353_193774,1
225353_124016,1
225353_53839,1
225353_85375,0
225353_140381,1
225353_129113,1
225355_94498,1
225355_283891,1
225355_144350,1
225355_162840,0
225355_21548,0
225355_245041,0
225358_84907,0
225358_212755,1
225358_113933,1
225358_189192,1
225358_63737,0
225358_122532,1
225359_169575,1
225359_100342,1
225359_292483,0
225359_41649,1
225359_45905,0
225359_153923,0
225361_160958,0
225361_113683,0
225361_239656,1
225361_253793,1
225361_169889,0
225361_124079,1
225364_7740,0
225364_96378,0
225364_261743,0
225364_160584,0
225364_115145,1
225364_79419,1
225371_128479,1
225371_79362,0
225371_285795,1
225371_250279,1
225371_237367,0
225371_28850,0
225374_254329,1
225374_52044,1
225374_104207,1
225374_267632,1
225374_78677,0
225374_249778,1
225379_57728,0
225379_287377,1
225379_277370,0
225379_228298,0
225379_94829,0
225379_244947,1
225382_271496,0
225382_8401,0
225382_221441,0
225382_109024,0
225382_122791,0
225382_21853,0
225383_112874,1
225383_150113,1
225383_151926,1
225383_13875,0
225383_179502,1
225383_17882,1
225384_97883,1
225384_263559,0
225384_115056,1
225384_187933,1
225384_206616,1
225384_275559,1
225386_39504,1
225386_15598,0
225386_250851,1
225386_247578,0
225386_20097,0
225386_21811,0
225388_238633,0
225388_22755,1
225388_233614,0
225388_39341,1
225388_271287,0
225388_223661,1
225391_51783,0
225391_66359,1
225391_154584,0
225391_161474,0
225391_9595,1
225391_34351,0
225392_284554,1
225392_198617,1
225392_234157,1
225392_27708,1
225392_270633,0
225392_279408,0
225395_41535,0
225395_157320,1
225395_60428,1
225395_287001,0
225395_82772,1
225395_182452,1
225396_128756,1
225396_10032,1
225396_136453,1
225396_79670,1
225396_227102,1
225396_270430,1
225397_271161,1
225397_62714,1
225397_21487,0
225397_184316,1
225397_150675,1
225397_241735,0
225399_191327,1
225399_1693,1
225399_100995,1
225399_26097,1
225399_223,1
225399_108969,1
225401_46562,0
225401_280823,1
225401_83491,1
225401_134918,1
225401_126189,0
225401_91444,0
225402_146309,1
225402_292975,1
225402_295594,1
225402_263513,1
225402_104542,1
225402_157760,0
225404_172499,1
225404_114932,0
225404_197962,0
225404_33163,0
225404_152525,0
225404_187847,0
225406_181664,1
225406_209183,0
225406_179271,1
225406_176879,1
225406_274875,1
225406_188639,1
225408_250273,1
225408_63216,1
225408_72875,1
225408_84488,0
225408_226320,0
225408_173982,1
225409_1511,1
225409_197336,0
225409_78317,0
225409_225363,1
225409_210990,0
225409_28649,1
225412_157155,1
225412_228844,0
225412_226320,1
225412_251252,0
225412_89212,1
225412_155571,1
225414_42147,0
225414_230857,1
225414_128541,1
225414_75566,1
225414_132901,1
225414_152820,1
225417_220488,1
225417_247317,0
225417_269489,1
225417_186590,1
225417_65831,1
225417_102495,0
225420_225477,0
225420_34658,0
225420_61359,0
225420_156112,0
225420_230358,1
225420_235014,1
225426_256347,1
225426_34397,1
225426_101465,1
225426_211670,1
225426_35132,0
225426_292938,0
225427_211233,0
225427_62665,0
225427_163845,0
225427_43031,0
225427_236695,1
225427_181455,0
225428_177728,0
225428_242716,1
225428_81919,0
225428_247427,0
225428_144771,0
225428_78684,0
225430_152491,1
225430_89946,1
225430_258828,0
225430_144357,1
225430_245304,0
225430_205449,1
225431_18515,0
225431_161719,1
225431_227732,1
225431_113118,0
225431_237679,1
225431_151926,1
225433_290233,1
225433_93899,1
225433_239950,0
225433_205185,0
225433_5207,1
225433_255916,1
225435_114812,1
225435_242650,1
225435_89403,1
225435_1357,1
225435_10197,1
225435_37300,1
225438_190001,1
225438_118243,0
225438_246102,1
225438_40437,1
225438_274209,1
225438_233916,1
225439_89432,0
225439_101548,1
225439_119229,0
225439_100342,1
225439_69726,0
225439_89719,0
225441_98116,0
225441_92770,1
225441_34084,0
225441_6064,1
225441_291068,0
225441_120734,1
225445_176639,0
225445_291538,1
225445_96885,0
225445_35591,0
225445_182465,0
225445_194648,1
225447_159686,1
225447_82468,1
225447_79655,0
225447_106968,1
225447_110181,1
225447_231815,0
225448_51312,1
225448_34612,1
225448_237211,1
225448_253533,1
225448_184644,0
225448_99832,1
225450_150570,1
225450_234502,1
225450_224611,1
225450_26902,1
225450_222314,1
225450_49155,0
225451_51468,1
225451_165520,1
225451_174669,1
225451_248665,0
225451_9514,1
225451_278582,1
225456_140063,0
225456_123542,1
225456_183079,1
225456_178645,0
225456_198941,1
225456_131938,0
225458_66655,0
225458_281016,1
225458_141772,1
225458_77330,1
225458_189674,0
225458_189345,0
225460_123997,1
225460_47008,0
225460_186800,0
225460_149859,1
225460_26561,1
225460_107931,0
225466_262770,1
225466_5473,0
225466_18273,1
225466_178807,0
225466_132780,1
225466_29988,1
225467_200744,1
225467_131564,0
225467_246755,1
225467_252285,0
225467_230260,0
225467_31932,1
225469_287252,1
225469_169576,1
225469_109496,0
225469_206395,1
225469_134774,0
225469_60994,0
225475_154321,1
225475_169325,1
225475_254008,0
225475_60285,1
225475_130747,0
225475_82772,1
225478_161024,0
225478_161398,1
225478_256169,1
225478_205006,0
225478_94441,1
225478_1514,1
225479_53964,0
225479_232937,0
225479_218782,0
225479_38990,1
225479_263595,1
225479_61517,0
225480_91718,1
225480_223009,0
225480_68559,0
225480_9342,0
225480_128011,1
225480_63009,1
225488_235495,0
225488_261205,1
225488_29585,1
225488_218832,1
225488_82109,1
225488_211896,1
225490_287365,0
225490_78977,1
225490_120970,1
225490_64402,1
225490_79099,0
225490_249701,1
225491_153972,0
225491_220787,0
225491_26044,0
225491_269238,0
225491_271128,0
225491_244360,0
225497_252547,1
225497_52753,1
225497_123998,1
225497_261910,1
225497_152033,0
225497_162967,0
225507_225426,1
225507_285322,1
225507_148036,0
225507_43031,1
225507_78910,0
225507_130747,1
225508_227719,1
225508_240567,1
225508_242808,0
225508_273152,1
225508_162728,1
225508_46756,1
225511_145210,1
225511_260175,0
225511_248267,1
225511_54690,0
225511_199099,1
225511_58433,0
225514_149515,0
225514_123687,0
225514_125452,1
225514_294418,0
225514_54683,0
225514_176497,1
225520_277867,1
225520_108855,1
225520_83057,1
225520_23104,1
225520_242030,1
225520_134160,1
225523_114185,0
225523_65729,0
225523_158671,0
225523_160253,1
225523_267955,0
225523_118935,1
225525_233117,0
225525_15951,0
225525_110181,0
225525_174817,0
225525_65731,0
225525_195447,0
225526_292161,0
225526_172876,1
225526_74096,0
225526_171233,1
225526_65494,1
225526_173474,0
225528_274649,0
225528_183723,1
225528_99125,1
225528_173874,0
225528_48523,1
225528_206582,1
225529_42036,0
225529_122086,1
225529_273258,1
225529_201658,1
225529_90168,0
225529_106788,0
225532_62665,1
225532_133421,0
225532_268293,0
225532_217666,0
225532_254917,0
225532_205163,0
225534_104292,1
225534_136273,1
225534_12127,0
225534_243356,1
225534_248385,1
225534_212253,1
225538_220171,1
225538_241006,1
225538_179858,1
225538_205533,1
225538_97167,1
225538_1498,1
225544_288329,1
225544_56173,0
225544_45712,1
225544_234652,1
225544_85659,0
225544_568,1
225545_248452,1
225545_26097,0
225545_10628,1
225545_57539,0
225545_178108,0
225545_203088,1
225546_122369,0
225546_22070,1
225546_255196,1
225546_61050,1
225546_58922,1
225546_271384,1
225547_246372,0
225547_98908,1
225547_239282,1
225547_282423,1
225547_55505,1
225547_152239,1
225548_225472,1
225548_82713,1
225548_228077,1
225548_251918,1
225548_206846,1
225548_207449,1
225551_175651,0
225551_15876,0
225551_113457,1
225551_194060,1
225551_90722,1
225551_49860,1
225552_14583,0
225552_55047,0
225552_284632,0
225552_108120,0
225552_122380,0
225552_209776,0
225554_267297,1
225554_191169,1
225554_9924,0
225554_25635,1
225554_64402,1
225554_5030,1
225555_15876,1
225555_157049,1
225555_117790,1
225555_215390,0
225555_273400,1
225555_267581,0
225556_241290,0
225556_107923,0
225556_222443,1
225556_33768,0
225556_135525,1
225556_167750,1
225561_98374,1
225561_213196,1
225561_63532,0
225561_49463,0
225561_269227,1
225561_69435,0
225562_212783,0
225562_218326,1
225562_177409,1
225562_268462,1
225562_194950,1
225562_98509,1
225567_77577,1
225567_165431,1
225567_268130,0
225567_53364,0
225567_108957,1
225567_294590,1
225569_291933,1
225569_18308,0
225569_79655,1
225569_7618,1
225569_162259,1
225569_244210,0
225571_79396,1
225571_69571,1
225571_181208,1
225571_164760,1
225571_272608,0
225571_77645,1
225572_252517,0
225572_195000,1
225572_239100,0
225572_187117,1
225572_135799,1
225572_236755,0
225584_78316,0
225584_201442,0
225584_177489,0
225584_254494,0
225584_223859,1
225584_225426,1
225585_67942,1
225585_116828,0
225585_120535,0
225585_224550,1
225585_268388,1
225585_150766,1
225591_139135,1
225591_50577,0
225591_198846,1
225591_218238,0
225591_89403,1
225591_110829,1
225592_193635,0
225592_181720,0
225592_48329,1
225592_240392,1
225592_242495,0
225592_222395,1
225593_271192,1
225593_246593,1
225593_78627,0
225593_11166,1
225593_286639,1
225593_196883,1
225595_56154,0
225595_176639,0
225595_192439,1
225595_264575,1
225595_45051,0
225595_5791,1
225599_219189,0
225599_156682,0
225599_11480,0
225599_181316,0
225599_213443,0
225599_159936,1
225602_245995,0
225602_154294,1
225602_40540,1
225602_57264,1
225602_52670,1
225602_235551,0
225604_15171,1
225604_163346,0
225604_86451,1
225604_180848,0
225604_157155,1
225604_206697,1
225608_204113,1
225608_92310,0
225608_148103,0
225608_80308,0
225608_227578,1
225608_161398,1
225610_279394,1
225610_229589,1
225610_104535,0
225610_62347,1
225610_112875,0
225610_202459,1
225612_110262,0
225612_171605,0
225612_187771,1
225612_189021,0
225612_163963,0
225612_266293,1
225613_126581,0
225613_114251,1
225613_222519,0
225613_31440,1
225613_163853,1
225613_77705,1
225616_232937,0
225616_146971,0
225616_264861,0
225616_198994,0
225616_150186,0
225616_237679,1
225619_143570,1
225619_20206,0
225619_184982,0
225619_10644,0
225619_10628,0
225619_72517,0
225620_237718,1
225620_251449,1
225620_66741,1
225620_98748,1
225620_233934,1
225620_246874,0
225624_152033,1
225624_139254,1
225624_21914,1
225624_49784,0
225624_144775,1
225624_269205,0
225631_66741,1
225631_179979,0
225631_56845,1
225631_228140,0
225631_90319,0
225631_289553,1
225634_249717,0
225634_259770,0
225634_103870,0
225634_47697,0
225634_271100,0
225634_233845,0
225636_215980,1
225636_108183,0
225636_229074,0
225636_176515,0
225636_259950,0
225636_86865,0
225638_248475,1
225638_6241,1
225638_32361,1
225638_153086,1
225638_115774,0
225638_80021,1
225639_175250,0
225639_97364,1
225639_291675,0
225639_78564,1
225639_269056,0
225639_60326,0
225642_34535,1
225642_33329,0
225642_203796,1
225642_51958,1
225642_200132,1
225642_247020,1
225643_260780,1
225643_243454,0
225643_294420,1
225643_203711,0
225643_165847,1
225643_131564,1
225644_107897,0
225644_99536,0
225644_2579,0
225644_135619,0
225644_234846,0
225644_134414,0
225645_291783,1
225645_59870,1
225645_145184,1
225645_226314,1
225645_63843,0
225645_91248,0
225647_225414,0
225647_215322,0
225647_61829,0
225647_209370,0
225647_287603,1
225647_295174,1
225651_85221,0
225651_227105,1
225651_244418,0
225651_20564,0
225651_181900,1
225651_139645,0
225655_93881,1
225655_214420,1
225655_9636,0
225655_225329,0
225655_133107,0
225655_146193,1
225659_20952,1
225659_80952,1
225659_216947,1
225659_236695,0
225659_22495,1
225659_37183,1
225663_119044,1
225663_74987,0
225663_284441,0
225663_138809,1
225663_201147,1
225663_13279,1
225664_82617,1
225664_113233,1
225664_268444,1
225664_173001,1
225664_97283,0
225664_202046,1
225665_85861,1
225665_64595,1
225665_191565,1
225665_26863,0
225665_194264,1
225665_8164,1
225666_168,0
225666_55749,0
225666_224488,0
225666_204457,0
225666_55682,1
225666_246058,1
225669_172449,0
225669_239083,1
225669_287260,0
225669_241415,0
225669_245726,1
225669_20867,0
225670_94760,1
225670_151101,1
225670_160012,0
225670_95444,0
225670_2538,1
225670_194339,0
225671_29308,1
225671_295828,0
225671_133378,0
225671_258408,0
225671_208113,0
225671_90335,1
225672_72034,0
225672_277645,0
225672_21072,1
225672_145667,0
225672_222234,1
225672_148651,1
225674_163520,1
225674_176507,1
225674_89966,1
225674_130272,1
225674_183448,0
225674_288033,1
225676_109601,1
225676_153216,0
225676_238389,1
225676_274374,1
225676_230563,1
225676_113801,0
225678_156913,1
225678_138503,0
225678_245801,1
225678_3649,1
225678_269483,1
225678_154498,1
225680_135953,1
225680_192100,1
225680_220578,1
225680_127791,1
225680_211240,0
225680_82837,0
225683_213552,1
225683_126022,1
225683_21582,1
225683_241272,1
225683_268382,1
225683_15759,1
225685_159881,1
225685_4578,0
225685_153923,0
225685_47420,0
225685_244746,0
225685_195566,0
225686_187714,1
225686_193857,1
225686_282136,1
225686_82914,0
225686_39063,0
225686_132290,0
225691_3569,1
225691_188397,0
225691_210661,1
225691_16585,1
225691_15776,1
225691_47084,0
225692_11687,0
225692_136234,0
225692_38775,0
225692_3205,0
225692_3295,0
225692_11805,0
225694_143179,0
225694_54390,0
225694_261547,1
225694_201032,0
225694_96812,0
225694_264668,1
225697_271159,1
225697_154509,1
225697_175325,0
225697_166599,0
225697_247922,1
225697_220223,1
225698_64835,1
225698_21853,1
225698_75861,1
225698_27259,1
225698_200777,1
225698_35583,1
225699_130547,0
225699_42334,1
225699_250768,1
225699_159452,1
225699_168602,0
225699_163910,1
225701_134254,1
225701_105487,1
225701_58361,1
225701_9758,1
225701_44251,1
225701_183204,1
225702_188312,0
225702_110814,0
225702_89879,0
225702_185997,0
225702_213447,0
225702_39581,0
225705_67784,0
225705_40792,0
225705_62721,0
225705_147585,1
225705_207656,0
225705_35669,1
225706_208914,1
225706_1199,0
225706_179502,0
225706_1158,1
225706_208656,1
225706_67687,1
225707_199310,1
225707_18858,1
225707_128855,1
225707_94066,0
225707_130614,1
225707_32651,1
225708_49270,0
225708_200803,1
225708_1087,0
225708_276973,1
225708_283234,0
225708_227848,1
225709_10133,1
225709_216012,1
225709_68853,0
225709_29935,0
225709_256132,0
225709_173982,1
225710_67907,0
225710_115550,1
225710_263727,0
225710_292612,0
225710_179537,0
225710_179048,0
225712_59850,1
225712_226946,1
225712_40439,0
225712_118948,1
225712_119528,0
225712_273747,1
225713_22466,0
225713_253463,0
225713_266729,0
225713_228857,1
225713_87671,1
225713_40877,0
225718_173320,1
225718_205438,0
225718_78024,1
225718_103663,0
225718_133304,1
225718_295719,0
225720_149658,1
225720_189192,0
225720_202835,0
225720_107762,1
225720_232679,0
225720_249195,1
225721_11350,1
225721_245725,0
225721_230309,1
225721_206582,1
225721_268477,0
225721_210390,0
225725_123019,1
225725_7596,0
225725_238372,0
225725_107847,1
225725_246135,1
225725_12401,0
225728_274071,0
225728_25866,0
225728_65958,1
225728_124080,0
225728_232857,1
225728_26131,1
225729_47481,1
225729_246102,1
225729_54551,1
225729_137615,1
225729_170280,1
225729_172616,1
225733_162913,1
225733_38433,1
225733_229030,1
225733_94441,1
225733_5929,1
225733_209918,1
225734_22597,0
225734_139002,1
225734_172954,1
225734_20818,0
225734_26560,0
225734_65451,0
225735_165532,1
225735_139586,1
225735_234322,1
225735_16991,0
225735_213880,1
225735_92770,0
225740_151283,0
225740_249323,0
225740_273041,1
225740_92279,1
225740_136018,1
225740_122442,0
225742_1693,0
225742_252306,0
225742_149502,0
225742_225893,1
225742_167873,0
225742_26677,1
225743_21493,1
225743_25107,0
225743_269171,1
225743_189954,1
225743_178370,0
225743_246966,1
225744_33709,0
225744_263500,0
225744_286375,0
225744_185423,0
225744_145121,0
225744_196056,0
225746_177029,0
225746_282498,1
225746_85372,1
225746_165948,1
225746_63541,1
225746_116597,0
225747_229754,0
225747_269846,1
225747_3687,1
225747_182805,1
225747_214156,0
225747_80443,1
225750_102944,0
225750_227913,1
225750_50889,1
225750_214729,0
225750_218392,0
225750_287979,0
225753_269647,0
225753_45171,1
225753_195921,1
225753_33495,1
225753_257888,0
225753_265824,1
225754_218715,1
225754_277180,1
225754_55455,1
225754_198112,1
225754_255320,1
225754_225319,1
225755_21320,1
225755_287137,1
225755_85946,0
225755_276635,1
225755_12922,1
225755_187451,0
225757_5016,0
225757_32312,1
225757_295939,1
225757_214955,0
225757_23323,0
225757_162749,1
225758_34084,0
225758_282123,1
225758_63902,1
225758_249673,1
225758_61539,1
225758_237622,0
225760_278513,1
225760_134315,0
225760_18191,1
225760_46308,0
225760_114620,1
225760_225329,0
225761_183591,1
225761_117449,0
225761_38875,1
225761_225414,1
225761_292830,1
225761_6339,0
225762_219726,1
225762_54636,1
225762_158358,0
225762_146735,0
225762_273080,1
225762_142563,0
225763_143789,1
225763_148982,0
225763_72771,1
225763_17912,1
225763_206282,0
225763_241191,1
225765_292863,1
225765_129114,1
225765_251830,1
225765_119532,1
225765_245572,0
225765_14349,1
225773_114723,1
225773_180331,0
225773_160120,1
225773_41254,0
225773_195489,1
225773_94595,0
225774_71299,0
225774_251403,0
225774_112337,0
225774_243026,0
225774_164965,1
225774_140691,1
225777_264094,0
225777_123920,0
225777_289185,0
225777_29816,0
225777_113797,1
225777_116597,0
225778_143565,1
225778_71455,0
225778_161474,0
225778_204161,0
225778_230460,1
225778_96935,0
225779_96034,0
225779_270071,1
225779_128066,0
225779_26185,0
225779_188589,1
225779_187117,1
225780_257872,1
225780_45942,0
225780_139135,1
225780_64855,1
225780_87515,0
225780_188408,1
225782_92874,0
225782_223864,1
225782_225874,1
225782_258283,1
225782_249638,1
225782_81739,1
225783_131564,1
225783_65096,1
225783_270504,1
225783_200518,0
225783_283261,0
225783_219742,0
225786_189385,0
225786_104467,0
225786_118737,1
225786_194030,0
225786_85690,0
225786_126166,1
225788_237561,1
225788_73675,1
225788_169596,0
225788_50804,1
225788_244957,0
225788_53910,1
225789_48781,1
225789_152239,1
225789_157233,1
225789_364,1
225789_128370,1
225789_10317,0
225792_89641,0
225792_5937,1
225792_159622,0
225792_193003,0
225792_131669,0
225792_184219,0
225797_273336,0
225797_275268,0
225797_48440,0
225797_239269,0
225797_15699,0
225797_188753,1
225799_7113,1
225799_17183,0
225799_125958,1
225799_198673,0
225799_104928,1
225799_101360,0
225801_253553,0
225801_106619,0
225801_112566,1
225801_132777,0
225801_96927,1
225801_125902,0
225802_139745,1
225802_180232,0
225802_36224,0
225802_261372,1
225802_100184,1
225802_48874,0
225805_192605,1
225805_2518,1
225805_208284,1
225805_290150,1
225805_44622,0
225805_99585,0
225808_135968,0
225808_35669,0
225808_6394,0
225808_81191,1
225808_15032,0
225808_223542,1
225809_103026,1
225809_8409,0
225809_185252,1
225809_275660,1
225809_273854,1
225809_132003,1
225810_249257,1
225810_181505,0
225810_155061,1
225810_187725,0
225810_45511,1
225810_254559,1
225812_97011,0
225812_93197,1
225812_130635,1
225812_190659,0
225812_230810,0
225812_154189,1
225813_25778,1
225813_71728,0
225813_119532,1
225813_138008,0
225813_188676,1
225813_274209,1
225815_201060,0
225815_75369,1
225815_294196,1
225815_267297,0
225815_66450,0
225815_49162,1
225816_67021,0
225816_87217,0
225816_23103,0
225816_227869,0
225816_76222,0
225816_111130,0
225820_81055,1
225820_278357,0
225820_260399,0
225820_134484,0
225820_3099,1
225820_137613,0
225825_17404,0
225825_234029,0
225825_106640,1
225825_155587,0
225825_66741,0
225825_239772,1
225828_108966,0
225828_256008,0
225828_267078,1
225828_213584,0
225828_262075,0
225828_159936,0
225830_142897,1
225830_113233,0
225830_122219,1
225830_23945,0
225830_165512,1
225830_214856,1
225831_277404,0
225831_117055,1
225831_213015,0
225831_150337,0
225831_88205,1
225831_255099,1
225832_92696,1
225832_267065,0
225832_198804,0
225832_161470,1
225832_24210,1
225832_271496,1
225833_120519,1
225833_217536,1
225833_197439,1
225833_79069,1
225833_227959,0
225833_125952,1
225835_31162,1
225835_110942,0
225835_58862,0
225835_223414,1
225835_249717,1
225835_108161,1
225837_54225,1
225837_39533,1
225837_115230,0
225837_232373,1
225837_3309,1
225837_267796,0
225839_92699,1
225839_22185,0
225839_246902,0
225839_95524,1
225839_7114,1
225839_100807,0
225845_153565,0
225845_64888,0
225845_195223,0
225845_171935,0
225845_181901,0
225845_41616,0
225847_157507,1
225847_139039,0
225847_112760,1
225847_138156,0
225847_143084,1
225847_220276,0
225850_68095,1
225850_38230,1
225850_45526,0
225850_24366,0
225850_295729,1
225850_276964,0
225852_62677,1
225852_118268,1
225852_51200,0
225852_164055,1
225852_163599,0
225852_34930,0
225853_136234,1
225853_235311,1
225853_37977,1
225853_205006,0
225853_1844,0
225853_212782,0
225855_110001,1
225855_134774,0
225855_110067,0
225855_104584,0
225855_166423,0
225855_75750,0
225859_241266,0
225859_63219,1
225859_225499,1
225859_43391,1
225859_32271,0
225859_82591,1
225860_66741,0
225860_161474,0
225860_234719,0
225860_82186,1
225860_84501,0
225860_26185,0
225861_34717,1
225861_283018,1
225861_131585,1
225861_218180,1
225861_172279,0
225861_10628,1
225862_270909,1
225862_19985,0
225862_170148,0
225862_163489,0
225862_273291,1
225862_33350,1
225863_253265,1
225863_84207,1
225863_21415,1
225863_113707,1
225863_230019,0
225863_204679,1
225871_233616,1
225871_293385,1
225871_89158,1
225871_240024,0
225871_295323,1
225871_4670,0
225872_48627,0
225872_63855,1
225872_21765,1
225872_7859,1
225872_248870,1
225872_193475,1
225876_56137,1
225876_152602,1
225876_131101,0
225876_277645,0
225876_66413,1
225876_94713,0
225877_13426,0
225877_274931,1
225877_21604,1
225877_243871,1
225877_212592,0
225877_217785,1
225878_37304,1
225878_110784,1
225878_292863,1
225878_201735,0
225878_262191,1
225878_200803,1
225888_10139,0
225888_14119,0
225888_26225,1
225888_257899,1
225888_295957,1
225888_222443,0
225889_256675,1
225889_291338,1
225889_203592,0
225889_234708,0
225889_46661,1
225889_285227,1
225890_214409,1
225890_68162,0
225890_183872,0
225890_253216,1
225890_138809,1
225890_146791,1
225891_192661,0
225891_165847,0
225891_236914,0
225891_14357,0
225891_88271,0
225891_257899,1
225892_641,0
225892_134456,1
225892_144819,1
225892_247218,0
225892_32792,1
225892_268289,0
225893_78158,0
225893_288530,0
225893_62493,1
225893_228298,0
225893_148889,1
225893_41181,1
225894_268936,1
225894_138277,0
225894_117281,0
225894_108748,1
225894_15250,1
225894_146764,0
225898_28872,0
225898_5573,1
225898_199315,1
225898_244960,0
225898_19985,0
225898_108780,1
225901_210352,0
225901_259437,1
225901_262075,1
225901_282768,1
225901_188655,1
225901_87932,0
225911_110099,0
225911_141686,0
225911_244925,0
225911_16661,0
225911_60816,0
225911_34450,0
225913_226792,0
225913_249352,0
225913_261294,0
225913_101954,1
225913_79392,0
225913_263592,1
225914_186327,1
225914_88726,0
225914_147920,1
225914_203820,0
225914_267033,1
225914_104685,0
225915_140047,0
225915_189967,0
225915_109393,0
225915_150818,0
225915_269395,0
225915_173538,0
225916_137794,0
225916_108755,1
225916_245787,1
225916_288162,0
225916_246679,0
225916_110129,1
225920_210733,0
225920_24566,1
225920_32404,0
225920_261844,1
225920_79068,1
225920_256821,0
225927_5791,1
225927_180246,1
225927_267359,1
225927_28428,1
225927_285170,1
225927_6695,1
225929_45145,0
225929_101265,0
225929_283299,0
225929_20196,1
225929_102735,0
225929_186507,0
225930_285302,1
225930_290879,0
225930_67942,0
225930_262438,0
225930_280336,1
225930_41535,1
225933_115550,1
225933_174375,0
225933_95726,1
225933_179429,0
225933_146376,1
225933_24408,0
225939_244768,0
225939_177509,0
225939_38282,0
225939_51924,0
225939_116722,0
225939_9977,0
225940_287144,1
225940_203422,1
225940_109877,1
225940_47430,0
225940_288091,0
225940_24793,0
225943_10422,1
225943_204679,1
225943_115955,1
225943_144251,1
225943_150658,0
225943_63415,0
225944_60735,1
225944_73311,1
225944_183140,1
225944_235716,1
225944_250807,1
225944_36342,1
225947_31200,1
225947_103612,1
225947_59909,0
225947_157457,0
225947_64179,0
225947_130771,1
225950_92711,0
225950_25046,0
225950_172976,0
225950_18967,0
225950_37711,0
225950_55772,0
225951_94007,1
225951_56811,1
225951_189734,0
225951_139002,0
225951_221371,1
225951_115436,1
225952_22605,1
225952_36172,1
225952_53007,1
225952_176676,0
225952_131863,1
225952_14388,1
225957_46152,0
225957_224427,0
225957_137479,0
225957_126692,1
225957_6852,0
225957_198197,0
225958_5704,0
225958_179127,0
225958_197914,0
225958_30742,0
225958_250601,0
225958_81902,0
225963_251387,1
225963_18151,0
225963_230521,0
225963_19219,0
225963_114723,0
225963_149670,1
225964_162550,1
225964_101603,0
225964_235673,0
225964_128640,0
225964_78483,1
225964_9390,0
225965_201449,0
225965_280991,0
225965_152151,1
225965_58132,1
225965_17790,1
225965_42246,0
225966_90962,1
225966_143872,0
225966_264789,1
225966_159282,1
225966_151503,0
225966_83180,0
225967_91526,0
225967_229579,1
225967_143789,1
225967_243041,1
225967_109576,0
225967_273164,1
225969_239157,0
225969_103055,0
225969_267382,0
225969_124275,1
225969_226318,0
225969_229029,1
225970_3380,1
225970_213418,0
225970_558,0
225970_232225,0
225970_182496,0
225970_239829,1
225973_208714,0
225973_274556,0
225973_178342,1
225973_254679,1
225973_54636,0
225973_15900,1
225974_77976,1
225974_295721,0
225974_33761,1
225974_150618,1
225974_260943,1
225974_78184,1
225975_198105,1
225975_268100,0
225975_225874,0
225975_251729,0
225975_196987,1
225975_218868,1
225977_291024,1
225977_29580,0
225977_139427,1
225977_199132,1
225977_255553,1
225977_190363,1
225980_34470,1
225980_199100,0
225980_230065,1
225980_5844,1
225980_128118,0
225980_138384,1
225982_138809,1
225982_69556,1
225982_113923,1
225982_44290,1
225982_102516,0
225982_29214,1
225983_47249,1
225983_160274,0
225983_261695,1
225983_35308,1
225983_50411,1
225983_162334,1
225984_109544,0
225984_75564,1
225984_69860,0
225984_20867,0
225984_21493,0
225984_225414,0
225989_145507,0
225989_273608,1
225989_82931,1
225989_137128,1
225989_228746,1
225989_207148,0
225993_202972,1
225993_154672,1
225993_80198,0
225993_51826,0
225993_286109,1
225993_25981,0
225995_174832,1
225995_16621,1
225995_255924,1
225995_44290,0
225995_270469,1
225995_193934,1
225998_223164,1
225998_191501,0
225998_101119,1
225998_220488,0
225998_119394,1
225998_142770,1
225999_270071,1
225999_233974,1
225999_72785,0
225999_91819,1
225999_39046,1
225999_109877,1
226002_219713,1
226002_119617,0
226002_113233,1
226002_120563,1
226002_48584,0
226002_109893,1
226003_267898,0
226003_133617,1
226003_60913,1
226003_200793,1
226003_103047,0
226003_186785,1
226005_224615,1
226005_99448,1
226005_43415,1
226005_91859,0
226005_188064,1
226005_152980,1
226009_42724,0
226009_105491,1
226009_73015,0
226009_225105,1
226009_169325,1
226009_24582,1
226010_189306,1
226010_189516,1
226010_250798,1
226010_36223,1
226010_170459,0
226010_53715,1
226014_286777,0
226014_159743,1
226014_230489,1
226014_271628,1
226014_244504,0
226014_235019,0
226016_234755,0
226016_266465,1
226016_278854,1
226016_92164,0
226016_177986,0
226016_242808,0
226033_8637,1
226033_30096,1
226033_280792,0
226033_244768,1
226033_161513,1
226033_68816,1
226034_108116,0
226034_105061,1
226034_176909,0
226034_285262,1
226034_89979,0
226034_286863,1
226035_36510,1
226035_1414,0
226035_114880,0
226035_220276,0
226035_79730,1
226035_98040,1
226036_29228,0
226036_28787,1
226036_220374,0
226036_31587,1
226036_221924,1
226036_80583,0
226037_37202,1
226037_166592,1
226037_197518,1
226037_209370,1
226037_158912,1
226037_287475,0
226039_268269,0
226039_144640,0
226039_260980,0
226039_17348,0
226039_41843,0
226039_192960,0
226042_88858,0
226042_211836,0
226042_73557,1
226042_123525,0
226042_61949,1
226042_111746,1
226045_291238,1
226045_14949,1
226045_56334,1
226045_60285,0
226045_68469,1
226045_85777,1
226046_13188,0
226046_45399,1
226046_258064,1
226046_65332,0
226046_273867,1
226046_43989,0
226047_200500,1
226047_243427,0
226047_61999,1
226047_19037,1
226047_18152,0
226047_68233,1
226048_8229,1
226048_198094,1
226048_137615,0
226048_240635,0
226048_184982,0
226048_46423,0
226049_212369,1
226049_175622,1
226049_182181,1
226049_274439,0
226049_130828,1
226049_268877,1
226054_171935,1
226054_153923,0
226054_93088,0
226054_230867,1
226054_69178,0
226054_189610,1
226057_52044,1
226057_14907,0
226057_281079,1
226057_131080,0
226057_121503,0
226057_249233,0
226058_197214,0
226058_207791,0
226058_292073,1
226058_109625,1
226058_151424,1
226058_285578,0
226060_157139,1
226060_67424,0
226060_245984,0
226060_195362,1
226060_2398,1
226060_71877,1
226061_88805,0
226061_40736,0
226061_122109,0
226061_74622,1
226061_290701,1
226061_21548,0
226064_216698,0
226064_188137,1
226064_102349,0
226064_78372,1
226064_130154,1
226064_63208,0
226065_55618,1
226065_88686,1
226065_227866,1
226065_8691,0
226065_11769,0
226065_79141,1
226071_177097,0
226071_65836,0
226071_4486,0
226071_170809,0
226071_21102,0
226071_249335,0
226072_261345,0
226072_277309,0
226072_106602,0
226072_211324,0
226072_179298,1
226072_23611,1
226073_166209,0
226073_199231,0
226073_152134,1
226073_161813,0
226073_9193,1
226073_158431,1
226075_293562,1
226075_266412,1
226075_19823,0
226075_83403,1
226075_215155,1
226075_178606,1
226076_142747,0
226076_273185,1
226076_178786,1
226076_33761,0
226076_62493,1
226076_273563,0
226079_89512,0
226079_284110,0
226079_196169,1
226079_182671,0
226079_286228,0
226079_241662,0
226080_38717,0
226080_282197,1
226080_248033,0
226080_207604,1
226080_36048,1
226080_46992,1
226081_5577,1
226081_109952,1
226081_143913,1
226081_276805,0
226081_114431,0
226081_294948,0
226083_5323,0
226083_150618,1
226083_248405,1
226083_228598,1
226083_42193,1
226083_248087,0
226086_64402,0
226086_107137,0
226086_47787,1
226086_200378,0
226086_277483,0
226086_188682,1
226087_279943,1
226087_54719,1
226087_119772,0
226087_71604,0
226087_12647,1
226087_107740,0
226091_89746,1
226091_131275,0
226091_237232,0
226091_274943,0
226091_93510,1
226091_192050,1
226094_225510,1
226094_208698,1
226094_178153,0
226094_76804,0
226094_184807,1
226094_140526,1
226099_19130,1
226099_221835,1
226099_153035,0
226099_143734,1
226099_36887,0
226099_21593,0
226100_214279,0
226100_51133,1
226100_29945,1
226100_38632,1
226100_32746,1
226100_92064,1
226104_131101,0
226104_230460,1
226104_41924,0
226104_208113,1
226104_72875,1
226104_206582,0
226110_188655,0
226110_41082,0
226110_6898,0
226110_126576,0
226110_168065,0
226110_243378,0
226111_163511,0
226111_131921,0
226111_270487,0
226111_44659,0
226111_184792,0
226111_161472,0
226112_132631,0
226112_140524,1
226112_237564,1
226112_278428,1
226112_140991,1
226112_142844,1
226114_243070,0
226114_284781,0
226114_42639,1
226114_292782,0
226114_13651,1
226114_42246,0
226117_82912,1
226117_170810,1
226117_223164,0
226117_128974,1
226117_84189,1
226117_66586,0
226118_127053,0
226118_196159,0
226118_255065,1
226118_34948,1
226118_120535,0
226118_172745,1
226126_201987,0
226126_75915,1
226126_79942,0
226126_213397,1
226126_33540,0
226126_21197,0
226128_188312,0
226128_271560,0
226128_14595,1
226128_73203,1
226128_136271,0
226128_158912,1
226131_214588,1
226131_144456,1
226131_252612,1
226131_69262,0
226131_171423,0
226131_236920,1
226132_23822,0
226132_123749,1
226132_136791,0
226132_36192,1
226132_228522,0
226132_143447,0
226134_131921,1
226134_194072,1
226134_193866,0
226134_128785,1
226134_236750,1
226134_29189,1
226135_291080,0
226135_251785,0
226135_34397,0
226135_20989,1
226135_92994,0
226135_57625,1
226139_153877,0
226139_210865,1
226139_46341,1
226139_71155,0
226139_284022,1
226139_231806,1
226140_268900,1
226140_132003,1
226140_44796,1
226140_100682,1
226140_168602,0
226140_276791,1
226145_20695,0
226145_173548,0
226145_80916,0
226145_37202,0
226145_81750,0
226145_169929,0
226146_28078,0
226146_142764,0
226146_248934,1
226146_85777,1
226146_239570,1
226146_201431,0
226148_107768,0
226148_66831,1
226148_179540,1
226148_167873,0
226148_142164,0
226148_248440,0
226151_80075,1
226151_123148,1
226151_46412,0
226151_93084,1
226151_87040,0
226151_25107,1
226153_264699,0
226153_272838,1
226153_212024,1
226153_104892,1
226153_199068,0
226153_211192,0
226154_113065,0
226154_232273,0
226154_26532,1
226154_52853,1
226154_177038,0
226154_278717,1
226155_98818,1
226155_186137,0
226155_19918,1
226155_39352,1
226155_41733,0
226155_118463,1
226158_239573,1
226158_203266,0
226158_219726,1
226158_3032,1
226158_191169,1
226158_281483,1
226161_205466,0
226161_123796,0
226161_185734,0
226161_220511,0
226161_248936,0
226161_179432,0
226163_37748,1
226163_100831,1
226163_293232,1
226163_41022,0
226163_253333,1
226163_121695,1
226164_49889,1
226164_281831,0
226164_127407,0
226164_48705,1
226164_25012,1
226164_133121,0
226166_133685,0
226166_270004,0
226166_136967,0
226166_200381,1
226166_277827,1
226166_125863,1
226168_236554,0
226168_276334,1
226168_253801,1
226168_294240,0
226168_132021,1
226168_5888,0
226171_234567,1
226171_289719,1
226171_194810,0
226171_169538,0
226171_2958,1
226171_11855,1
226173_225622,0
226173_191459,0
226173_248081,0
226173_67232,0
226173_102816,0
226173_286258,0
226176_95521,0
226176_212592,1
226176_33015,1
226176_136449,0
226176_38526,1
226176_136164,1
226178_76780,0
226178_252202,1
226178_114634,0
226178_221201,0
226178_33942,1
226178_222892,0
226179_246530,1
226179_33784,1
226179_9786,1
226179_178996,1
226179_18558,1
226179_169722,0
226182_79296,0
226182_283804,0
226182_117111,0
226182_7235,0
226182_264522,0
226182_16579,0
226185_266887,1
226185_22236,1
226185_1176,0
226185_6769,0
226185_130315,0
226185_243895,1
226186_209860,0
226186_183557,1
226186_77794,1
226186_214729,1
226186_146288,0
226186_48460,0
226187_231236,0
226187_259598,0
226187_209355,0
226187_243041,1
226187_250273,0
226187_185389,0
226188_115054,1
226188_85777,1
226188_175571,0
226188_23195,0
226188_93173,0
226188_147450,1
226189_169929,0
226189_167345,1
226189_275636,0
226189_100831,1
226189_139175,1
226189_40055,0
226190_201981,1
226190_118891,0
226190_53123,0
226190_149602,0
226190_2518,1
226190_6457,0
226191_133764,0
226191_206576,1
226191_73273,0
226191_47196,1
226191_24794,0
226191_92516,1
226192_258533,0
226192_52384,1
226192_42331,1
226192_181941,1
226192_35669,1
226192_18356,1
226193_51958,1
226193_227397,1
226193_189306,1
226193_135271,0
226193_165708,1
226193_36627,0
226194_12875,0
226194_55613,1
226194_48889,1
226194_120670,1
226194_240369,1
226194_67003,1
226195_104207,1
226195_70523,1
226195_119232,0
226195_214873,0
226195_74714,1
226195_218525,1
226197_144572,0
226197_93808,0
226197_194950,0
226197_169698,0
226197_193350,0
226197_88313,0
226201_127967,1
226201_188029,0
226201_38644,1
226201_33116,1
226201_46797,0
226201_194506,0
226202_6064,1
226202_130023,0
226202_268237,0
226202_183872,1
226202_67832,0
226202_38942,1
226204_247270,0
226204_167688,1
226204_140019,1
226204_91021,1
226204_206044,1
226204_22156,0
226206_45355,1
226206_23275,1
226206_216403,0
226206_272900,1
226206_52347,0
226206_191323,0
226211_220453,0
226211_253373,0
226211_206815,0
226211_64888,1
226211_142351,1
226211_159936,1
226214_185295,1
226214_110055,1
226214_285060,0
226214_8931,1
226214_292863,1
226214_73985,0
226215_130388,0
226215_35447,1
226215_130811,0
226215_58268,0
226215_242405,1
226215_14919,0
226217_130074,1
226217_187953,1
226217_32226,0
226217_68159,0
226217_177998,0
226217_194944,1
226219_227012,1
226219_137380,0
226219_183375,1
226219_19464,1
226219_83714,0
226219_167470,1
226220_226077,0
226220_248440,0
226220_50150,1
226220_61673,0
226220_105709,1
226220_97916,0
226222_63737,1
226222_9508,1
226222_103742,0
226222_139963,0
226222_152024,0
226222_109589,1
226225_97426,1
226225_100077,1
226225_161399,0
226225_89943,1
226225_237172,1
226225_289640,0
226227_132728,1
226227_105828,0
226227_260521,0
226227_287949,0
226227_72875,0
226227_292224,1
226228_169325,1
226228_26727,0
226228_85010,1
226228_113212,1
226228_94845,1
226228_236793,1
226231_207401,1
226231_85740,1
226231_216343,1
226231_194986,1
226231_246898,1
226231_246255,1
226232_261844,1
226232_100077,1
226232_222119,0
226232_26513,0
226232_85844,0
226232_188408,1
226234_112449,0
226234_118688,0
226234_81577,1
226234_21220,1
226234_146605,1
226234_76493,0
226236_49790,0
226236_46430,1
226236_125907,1
226236_54339,1
226236_160169,1
226236_98305,0
226237_219602,0
226237_269531,1
226237_54263,1
226237_271377,1
226237_55735,1
226237_129253,1
226240_49367,1
226240_212065,1
226240_159936,1
226240_246261,0
226240_264505,1
226240_68647,1
226243_63877,0
226243_16928,0
226243_276147,1
226243_9608,1
226243_211931,1
226243_166417,0
226246_178806,0
226246_120822,0
226246_225279,0
226246_216961,0
226246_274010,0
226246_270072,0
226247_225893,1
226247_121931,1
226247_129684,1
226247_290018,1
226247_8252,1
226247_243041,1
226248_88123,0
226248_101871,1
226248_59211,1
226248_286168,0
226248_210352,1
226248_279455,1
226251_290260,0
226251_272206,0
226251_129265,0
226251_240451,1
226251_139405,1
226251_289911,1
226253_277404,1
226253_177986,0
226253_263500,0
226253_120537,0
226253_285630,1
226253_81561,1
226261_64402,1
226261_10046,0
226261_124046,1
226261_192250,1
226261_56811,0
226261_225426,0
226266_122268,0
226266_249638,1
226266_264558,1
226266_263346,1
226266_85914,1
226266_74714,1
226269_82454,0
226269_206024,1
226269_174604,0
226269_72332,1
226269_280405,0
226269_45712,1
226271_162606,0
226271_103055,1
226271_238977,1
226271_130523,0
226271_152390,0
226271_186722,1
226275_3786,0
226275_264668,1
226275_73792,0
226275_261450,1
226275_123637,0
226275_225128,0
226276_60276,1
226276_97461,0
226276_255919,0
226276_252291,1
226276_176586,0
226276_59749,0
226279_31836,1
226279_52658,1
226279_70870,0
226279_288267,1
226279_20542,1
226279_116496,1
226280_266427,1
226280_168889,1
226280_228686,0
226280_123323,0
226280_18066,0
226280_115550,0
226282_275953,0
226282_99381,1
226282_30271,0
226282_8980,0
226282_189892,0
226282_33203,1
226283_182869,1
226283_122027,1
226283_174887,1
226283_252271,1
226283_208012,1
226283_157780,0
226284_157843,1
226284_224515,1
226284_12003,1
226284_41013,0
226284_205314,1
226284_11845,0
226286_74688,1
226286_8596,1
226286_276334,1
226286_137357,1
226286_273520,1
226286_108669,1
226290_225047,1
226290_14896,0
226290_71685,1
226290_38282,1
226290_105410,0
226290_212347,0
226298_249136,0
226298_153923,1
226298_200939,1
226298_183592,0
226298_147802,1
226298_264575,1
226300_174432,0
226300_106179,0
226300_205063,0
226300_147002,1
226300_224482,0
226300_171151,0
226301_9366,1
226301_138056,0
226301_13495,1
226301_271133,1
226301_218874,1
226301_21593,0
226303_78595,1
226303_29894,1
226303_139745,1
226303_61277,1
226303_56549,0
226303_286855,0
226304_36297,0
226304_263851,0
226304_54371,1
226304_197375,1
226304_97127,1
226304_158946,0
226305_223693,0
226305_182009,1
226305_103080,1
226305_125210,1
226305_221268,0
226305_267889,0
226309_176462,0
226309_269685,1
226309_284429,1
226309_196860,0
226309_209157,0
226309_254625,1
226312_124329,0
226312_94441,0
226312_244697,0
226312_97059,0
226312_189909,0
226312_291582,0
226313_80165,1
226313_11502,1
226313_5376,1
226313_239699,0
226313_5207,1
226313_134510,1
226316_289365,0
226316_53085,1
226316_150758,0
226316_274293,0
226316_125579,1
226316_38990,1
226317_3569,1
226317_179641,1
226317_145462,1
226317_259598,0
226317_136813,0
226317_57311,0
226318_145991,0
226318_181256,0
226318_253265,0
226318_10892,0
226318_82934,0
226318_64402,0
226319_269227,1
226319_92075,1
226319_88933,1
226319_228235,1
226319_52044,1
226319_250687,1
226320_46390,1
226320_233221,1
226320_94893,1
226320_273164,1
226320_264236,0
226320_201191,0
226321_103111,0
226321_291135,0
226321_111346,0
226321_10445,1
226321_46063,0
226321_142462,0
226323_39465,1
226323_78078,1
226323_140281,0
226323_282709,0
226323_102133,0
226323_202025,1
226324_66593,0
226324_6174,0
226324_284016,1
226324_122681,1
226324_289704,1
226324_160238,1
226326_119229,1
226326_260846,1
226326_288536,0
226326_247946,1
226326_87853,0
226326_139059,0
226327_101360,1
226327_291003,0
226327_146981,1
226327_178269,0
226327_187839,0
226327_153661,1
226330_80283,1
226330_6860,0
226330_268310,0
226330_83688,1
226330_46661,0
226330_34744,0
226333_271783,0
226333_185900,0
226333_180910,0
226333_153595,0
226333_163700,0
226333_252011,1
226338_116769,0
226338_254917,1
226338_188873,0
226338_227576,0
226338_57209,1
226338_13495,0
226340_238108,1
226340_107425,0
226340_288091,1
226340_179184,1
226340_212449,0
226340_139002,1
226343_237211,1
226343_145607,0
226343_75994,1
226343_116601,0
226343_260278,1
226343_80193,0
226347_7039,0
226347_228327,0
226347_93453,0
226347_122167,1
226347_98697,1
226347_149507,1
226354_143570,1
226354_152229,1
226354_229992,1
226354_187289,1
226354_288520,1
226354_167710,1
226355_3387,0
226355_277517,0
226355_57491,1
226355_61621,1
226355_119232,1
226355_131228,1
226360_88110,1
226360_92008,0
226360_88927,0
226360_46710,0
226360_81395,1
226360_278454,1
226361_153551,1
226361_59296,0
226361_21136,0
226361_196393,1
226361_193524,0
226361_121550,1
226362_83159,1
226362_46377,1
226362_173674,0
226362_280988,0
226362_84688,0
226362_167627,1
226363_52881,1
226363_225025,1
226363_288607,0
226363_26233,1
226363_176821,1
226363_187382,1
226367_101871,1
226367_6507,1
226367_26588,1
226367_216133,1
226367_109024,1
226367_198368,0
226368_81191,0
226368_228267,1
226368_219744,1
226368_231614,1
226368_40504,0
226368_105249,0
226369_179993,0
226369_168215,0
226369_294931,0
226369_46116,0
226369_86354,0
226369_150168,0
226370_62048,1
226370_97755,0
226370_230725,0
226370_117833,1
226370_279943,0
226370_291782,0
226371_155,1
226371_44251,1
226371_33227,0
226371_128588,0
226371_56642,0
226371_124046,1
226374_18910,0
226374_38990,1
226374_181701,0
226374_129903,1
226374_85716,1
226374_213129,0
226375_284909,0
226375_70993,1
226375_232124,1
226375_78728,1
226375_242840,1
226375_183335,1
226376_254777,0
226376_154668,0
226376_214678,1
226376_69317,1
226376_203274,0
226376_113147,0
226377_170578,1
226377_186256,1
226377_114321,1
226377_261070,1
226377_236777,0
226377_36934,1
226382_201256,1
226382_98748,1
226382_198197,1
226382_98205,0
226382_294420,0
226382_285660,0
226383_230125,1
226383_207571,0
226383_249335,0
226383_249753,0
226383_250817,0
226383_295536,1
226384_135665,0
226384_182781,0
226384_286290,1
226384_51665,1
226384_218301,1
226384_25235,1
226386_91565,1
226386_12003,1
226386_148843,0
226386_41008,0
226386_84512,1
226386_50020,0
226387_270831,1
226387_21072,1
226387_43031,1
226387_20834,1
226387_158554,0
226387_196693,0
226389_32112,1
226389_194720,1
226389_155,1
226389_92711,1
226389_66673,0
226389_7596,1
226392_292660,1
226392_134160,1
226392_213415,0
226392_144357,1
226392_44123,1
226392_247065,1
226393_39046,0
226393_170678,0
226393_92995,0
226393_10062,0
226393_249323,0
226393_17790,1
226395_98027,0
226395_282237,1
226395_269227,1
226395_45900,0
226395_287341,1
226395_29894,1
226396_126928,0
226396_86266,1
226396_42036,1
226396_74024,1
226396_132003,1
226396_185571,0
226399_200013,1
226399_16601,0
226399_144100,0
226399_234091,0
226399_214851,0
226399_224337,0
226406_2904,0
226406_28311,1
226406_13446,1
226406_178546,0
226406_262193,1
226406_100077,1
226407_66943,0
226407_202393,0
226407_45945,1
226407_152229,1
226407_86132,1
226407_34152,0
226409_161072,1
226409_220488,1
226409_54690,0
226409_37562,0
226409_194053,1
226409_170625,1
226410_292446,0
226410_202648,1
226410_113464,1
226410_172215,1
226410_173299,1
226410_17459,1
226411_63975,1
226411_18500,1
226411_22772,1
226411_27071,1
226411_155825,1
226411_115335,1
226415_180177,0
226415_133065,0
226415_62498,0
226415_150958,0
226415_239774,0
226415_216047,0
226416_249432,0
226416_124080,1
226416_278233,0
226416_71325,1
226416_250851,1
226416_281818,1
226418_28414,0
226418_119394,1
226418_274796,0
226418_71866,0
226418_183872,0
226418_255452,0
226421_87224,0
226421_264894,0
226421_59604,0
226421_75564,0
226421_168712,0
226421_224197,0
226423_132159,1
226423_280884,1
226423_222128,0
226423_29214,1
226423_197858,1
226423_216514,0
226430_57158,0
226430_245970,0
226430_237211,1
226430_76321,1
226430_151647,0
226430_271488,1
226435_46152,1
226435_127970,1
226435_183425,1
226435_285196,0
226435_52010,0
226435_137664,1
226438_30979,1
226438_248814,1
226438_52869,1
226438_277222,1
226438_161598,1
226438_269731,0
226441_179502,1
226441_234900,0
226441_20523,0
226441_98751,1
226441_227860,1
226441_236406,0
226444_112142,0
226444_214767,0
226444_179152,1
226444_14297,0
226444_120124,1
226444_91385,1
226445_21853,0
226445_175560,1
226445_119294,0
226445_18356,0
226445_221820,0
226445_249320,0
226446_227619,1
226446_289727,1
226446_25635,1
226446_235341,0
226446_215813,0
226446_292266,0
226447_144993,0
226447_236120,0
226447_8964,0
226447_121881,0
226447_281330,0
226447_20124,0
226453_57144,1
226453_168641,0
226453_17981,0
226453_93005,0
226453_131620,1
226453_276615,1
226455_65484,1
226455_117116,1
226455_234268,0
226455_249570,1
226455_105839,1
226455_235725,0
226459_163682,1
226459_31310,1
226459_269616,1
226459_125450,1
226459_162728,1
226459_270549,1
226460_247578,1
226460_12095,1
226460_117516,0
226460_129695,1
226460_272131,0
226460_124049,1
226464_18075,0
226464_8669,1
226464_240431,1
226464_127339,1
226464_253028,1
226464_113233,0
226466_249638,1
226466_239490,1
226466_185252,1
226466_15270,0
226466_205018,1
226466_21472,1
226471_46756,0
226471_137307,0
226471_107155,0
226471_210428,0
226471_295221,0
226471_256821,0
226472_278514,0
226472_3620,1
226472_145737,1
226472_218715,1
226472_294604,1
226472_211184,1
226475_65881,0
226475_221543,1
226475_135885,0
226475_124028,1
226475_50958,1
226475_77834,1
226476_249195,1
226476_235716,0
226476_117529,1
226476_7837,0
226476_126448,1
226476_123814,0
226477_3506,0
226477_216569,0
226477_206716,0
226477_236289,0
226477_146981,0
226477_38990,0
226478_55599,0
226478_189214,0
226478_204462,1
226478_189306,0
226478_273041,1
226478_153316,0
226479_17764,1
226479_211681,0
226479_261844,1
226479_59870,1
226479_210655,0
226479_224337,0
226481_291135,0
226481_103861,0
226481_140475,0
226481_262075,0
226481_3307,0
226481_107923,0
226482_80649,1
226482_236465,0
226482_282017,0
226482_153700,0
226482_99258,0
226482_264691,0
226488_36508,0
226488_237747,1
226488_274320,0
226488_202127,1
226488_266710,0
226488_156387,0
226490_234317,0
226490_208389,1
226490_144357,0
226490_7859,1
226490_45596,0
226490_61473,0
226495_271092,0
226495_13189,0
226495_211816,1
226495_260542,0
226495_293581,0
226495_127195,1
226496_7055,0
226496_170370,0
226496_180346,1
226496_57738,0
226496_217220,0
226496_4460,0
226499_155798,0
226499_158877,0
226499_263909,0
226499_274158,0
226499_287756,1
226499_38282,0
226506_289823,1
226506_254725,1
226506_103269,1
226506_99602,1
226506_274931,1
226506_232268,1
226509_77069,0
226509_280434,1
226509_21593,0
226509_42199,1
226509_17595,1
226509_144993,0
226510_225881,1
226510_210682,0
226510_294630,1
226510_68625,1
226510_17790,1
226510_228594,1
226511_124712,1
226511_221522,1
226511_244691,0
226511_9885,1
226511_215149,0
226511_292800,1
226512_239795,1
226512_176676,0
226512_233247,0
226512_62493,0
226512_166837,1
226512_189627,1
226514_24864,1
226514_242201,0
226514_252009,1
226514_94531,1
226514_264802,0
226514_53054,1
226516_281079,1
226516_273604,1
226516_126141,0
226516_212247,0
226516_262192,1
226516_266566,0
226522_72876,0
226522_253265,1
226522_201611,1
226522_141713,1
226522_150469,1
226522_257812,1
226523_293735,1
226523_191266,1
226523_249686,0
226523_95460,1
226523_21536,1
226523_133617,1
226525_104997,0
226525_219915,0
226525_195546,1
226525_52931,0
226525_139194,0
226525_204550,0
226529_151659,1
226529_238401,0
226529_51218,0
226529_216221,1
226529_127880,0
226529_277539,1
226534_136430,0
226534_223264,0
226534_284554,1
226534_176888,0
226534_72729,0
226534_100608,0
226546_222071,0
226546_73519,1
226546_250695,1
226546_20115,0
226546_218174,1
226546_90670,0
226556_128056,0
226556_68745,0
226556_197553,0
226556_185599,0
226556_293581,0
226556_51965,0
226558_92667,1
226558_81349,1
226558_87388,1
226558_190713,0
226558_255924,0
226558_43886,0
226564_81165,0
226564_183731,1
226564_33495,0
226564_52855,0
226564_286329,1
226564_108780,0
226565_111767,1
226565_282355,0
226565_290946,0
226565_172292,0
226565_24992,1
226565_262763,1
226566_29042,1
226566_105788,0
226566_195508,1
226566_208477,1
226566_232205,1
226566_76140,0
226567_144055,0
226567_13636,1
226567_158276,1
226567_89892,1
226567_292304,1
226567_253373,1
226570_151474,1
226570_153410,1
226570_250838,1
226570_240094,1
226570_100174,1
226570_212582,1
226571_188988,1
226571_119229,1
226571_118129,1
226571_140418,0
226571_275881,1
226571_72527,1
226574_150502,0
226574_283904,0
226574_17302,1
226574_289137,0
226574_144325,1
226574_69262,0
226576_123305,1
226576_77957,0
226576_89756,0
226576_199777,1
226576_181316,1
226576_168075,0
226582_293335,0
226582_99831,0
226582_126448,1
226582_141610,1
226582_270004,1
226582_51112,0
226584_260175,0
226584_178488,0
226584_212379,0
226584_176639,0
226584_83184,0
226584_220358,0
226586_184751,0
226586_226576,0
226586_36479,0
226586_72895,0
226586_73094,1
226586_112994,0
226587_86354,1
226587_270329,1
226587_207904,1
226587_81603,0
226587_94288,1
226587_173100,1
226588_44368,1
226588_221422,1
226588_3116,0
226588_84126,0
226588_201726,1
226588_12977,0
226591_20636,0
226591_200139,1
226591_25397,0
226591_128829,0
226591_204738,1
226591_252071,1
226604_276872,0
226604_148499,0
226604_108162,0
226604_105984,0
226604_130547,0
226604_165215,0
226606_141656,1
226606_236066,1
226606_41874,1
226606_221569,0
226606_70709,0
226606_261372,1
226607_234826,1
226607_10944,0
226607_109937,0
226607_269648,0
226607_116844,0
226607_238869,0
226609_113520,1
226609_100077,1
226609_252774,1
226609_228792,1
226609_172855,0
226609_82392,1
226612_51122,1
226612_251785,0
226612_146003,0
226612_225439,1
226612_281402,1
226612_20655,0
226614_115656,0
226614_164064,0
226614_31440,1
226614_176004,0
226614_87576,0
226614_45215,1
226615_32878,1
226615_987,1
226615_12913,0
226615_37825,0
226615_74010,1
226615_95942,1
226616_100831,1
226616_200797,1
226616_39046,1
226616_111971,1
226616_91595,1
226616_133883,1
226617_249743,0
226617_82186,1
226617_24607,1
226617_108120,1
226617_117482,0
226617_282212,1
226618_55554,0
226618_88839,0
226618_272332,0
226618_59891,1
226618_134241,0
226618_50265,1
226619_92193,0
226619_62260,0
226619_224349,1
226619_149755,0
226619_255048,1
226619_8665,1
226623_185423,1
226623_286583,0
226623_95134,0
226623_10177,1
226623_110391,0
226623_87596,1
226630_1040,0
226630_267639,0
226630_262193,1
226630_256780,1
226630_278320,0
226630_194805,0
226631_179328,0
226631_284693,1
226631_3759,1
226631_247533,1
226631_93899,1
226631_18084,1
226633_286290,0
226633_295221,0
226633_201032,0
226633_24589,0
226633_60277,1
226633_87478,0
226634_285228,1
226634_123677,0
226634_288593,1
226634_7596,1
226634_134456,1
226634_195870,1
226636_23138,1
226636_90712,0
226636_122442,0
226636_189325,1
226636_170773,0
226636_199248,1
226637_70082,0
226637_142715,1
226637_31378,1
226637_204462,1
226637_108546,1
226637_243829,1
226639_213072,1
226639_129672,0
226639_130023,1
226639_141921,1
226639_85366,0
226639_170078,1
226640_92147,1
226640_73978,0
226640_46295,0
226640_122410,1
226640_279240,0
226640_138631,1
226641_215325,1
226641_126836,1
226641_266872,1
226641_46539,1
226641_80165,1
226641_177409,1
226643_16733,0
226643_156387,1
226643_151623,0
226643_5888,0
226643_31423,0
226643_30865,1
226644_201341,1
226644_256567,0
226644_277360,1
226644_290959,1
226644_42936,1
226644_159622,1
226647_26620,1
226647_191777,1
226647_129015,1
226647_30892,0
226647_104526,1
226647_251962,0
226650_269065,1
226650_111605,0
226650_55667,1
226650_34142,1
226650_62492,1
226650_255943,0
226651_252021,1
226651_127681,1
226651_230617,1
226651_137451,1
226651_247626,1
226651_55958,1
226653_197975,1
226653_210854,1
226653_107247,1
226653_271163,1
226653_225438,1
226653_99683,0
226658_192040,1
226658_224222,1
226658_89877,0
226658_12798,0
226658_115324,1
226658_148157,1
226659_45553,0
226659_82729,1
226659_87181,1
226659_60843,1
226659_98777,0
226659_152298,1
226660_74296,1
226660_213480,0
226660_194450,0
226660_159622,0
226660_239948,0
226660_82365,0
226663_204679,0
226663_242047,0
226663_206796,0
226663_122900,0
226663_140602,1
226663_134383,1
226664_163591,1
226664_203759,1
226664_276782,0
226664_238053,1
226664_38436,1
226664_230239,1
226670_98570,0
226670_177296,1
226670_266431,0
226670_276189,1
226670_109336,1
226670_30877,0
226671_213716,1
226671_228086,1
226671_221417,1
226671_207239,1
226671_171217,1
226671_275574,0
226672_41324,0
226672_175877,0
226672_9812,1
226672_142463,1
226672_235014,1
226672_183723,0
226674_264485,1
226674_236750,1
226674_168072,1
226674_19780,1
226674_3295,1
226674_41735,0
226675_146046,0
226675_127691,1
226675_295066,0
226675_17316,1
226675_190099,0
226675_272652,1
226676_134944,0
226676_107317,0
226676_294732,0
226676_258233,0
226676_185243,0
226676_198762,0
226679_126448,1
226679_294403,1
226679_42334,1
226679_34188,1
226679_166380,1
226679_244657,1
226680_169613,0
226680_295199,1
226680_169894,0
226680_71402,1
226680_222443,1
226680_29228,1
226682_196860,1
226682_277249,1
226682_119791,0
226682_85840,0
226682_124387,1
226682_44509,1
226683_243030,1
226683_183669,1
226683_259552,0
226683_65672,1
226683_170574,1
226683_166,0
226684_24284,0
226684_234866,0
226684_148053,1
226684_11492,0
226684_125944,1
226684_37517,1
226689_139152,1
226689_8244,1
226689_291848,1
226689_179530,0
226689_144357,1
226689_270515,1
226690_76069,1
226690_13566,1
226690_245189,0
226690_155158,0
226690_273691,0
226690_270907,1
226691_293108,1
226691_294724,0
226691_133470,1
226691_293574,1
226691_29189,1
226691_111718,1
226695_154737,1
226695_289013,0
226695_36027,0
226695_249742,1
226695_285250,1
226695_15617,1
226696_279253,0
226696_95709,0
226696_49416,1
226696_101473,0
226696_82564,0
226696_169945,1
226698_9948,0
226698_239263,0
226698_239429,0
226698_104424,1
226698_244319,0
226698_86449,1
226699_170175,0
226699_23037,0
226699_9411,1
226699_203891,0
226699_100831,1
226699_68360,1
226704_209044,1
226704_70122,1
226704_225329,1
226704_67023,1
226704_153183,1
226704_288806,1
226705_246485,0
226705_114265,1
226705_76408,1
226705_195944,1
226705_19305,0
226705_213017,1
226706_170331,1
226706_264002,1
226706_152820,1
226706_117621,1
226706_186913,1
226706_87647,1
226707_56154,0
226707_1193,1
226707_24714,1
226707_39763,1
226707_239394,0
226707_28714,1
226714_87382,0
226714_84620,0
226714_46736,1
226714_15685,1
226714_282349,1
226714_42530,0
226715_273201,0
226715_266225,0
226715_109148,0
226715_140439,0
226715_293332,0
226715_200314,0
226717_260488,0
226717_147975,1
226717_205890,1
226717_92043,1
226717_122086,1
226717_216497,1
226720_236695,1
226720_28276,1
226720_290850,1
226720_201611,1
226720_92030,1
226720_104190,1
226722_3619,0
226722_45343,0
226722_118642,0
226722_129190,1
226722_105760,1
226722_18515,1
226723_124186,0
226723_65569,0
226723_293496,1
226723_63298,1
226723_113219,1
226723_22398,0
226727_127822,1
226727_157372,1
226727_13400,1
226727_219793,0
226727_170608,0
226727_57259,1
226728_243829,1
226728_192661,0
226728_261228,1
226728_268060,0
226728_37436,0
226728_2924,1
226738_250097,0
226738_33778,1
226738_212460,0
226738_221599,0
226738_21652,1
226738_123285,0
226739_185697,1
226739_21911,1
226739_35213,0
226739_156139,0
226739_54031,0
226739_18152,1
226740_260230,1
226740_168950,0
226740_252571,1
226740_55599,0
226740_8229,1
226740_91237,1
226746_14964,0
226746_172601,0
226746_185569,1
226746_136523,0
226746_68044,0
226746_205361,0
226749_229157,1
226749_136122,0
226749_94441,1
226749_101548,1
226749_122180,0
226749_213971,0
226752_107707,1
226752_259393,1
226752_31836,1
226752_82256,0
226752_149464,1
226752_250817,0
226754_244372,0
226754_235507,1
226754_209136,0
226754_274209,0
226754_160239,0
226754_190758,0
226759_263958,0
226759_103557,1
226759_188633,0
226759_138698,1
226759_274209,0
226759_225329,1
226760_38896,1
226760_26458,1
226760_77154,0
226760_44453,0
226760_266108,1
226760_230891,0
226764_294236,1
226764_86807,1
226764_147012,0
226764_52659,1
226764_129684,1
226764_73477,1
226766_165847,0
226766_81750,0
226766_86123,0
226766_269431,0
226766_266412,1
226766_75469,0
226769_139532,0
226769_283698,0
226769_111357,0
226769_72969,1
226769_190519,0
226769_286423,0
226771_116588,0
226771_19727,1
226771_2421,0
226771_244029,1
226771_269302,1
226771_53578,1
226774_171654,0
226774_117889,0
226774_165368,1
226774_259710,0
226774_73524,0
226774_160180,0
226782_10062,1
226782_13754,0
226782_26259,1
226782_93036,1
226782_141772,0
226782_39013,0
226786_92770,1
226786_230725,0
226786_121244,0
226786_137768,0
226786_23103,1
226786_26097,0
226789_83078,0
226789_181917,1
226789_151239,1
226789_116706,0
226789_78689,1
226789_136255,0
226792_254275,1
226792_187888,1
226792_150355,0
226792_109069,0
226792_142920,0
226792_30125,0
226793_227329,0
226793_84806,1
226793_70869,1
226793_105813,0
226793_184139,1
226793_265963,1
226794_133594,0
226794_258087,1
226794_51319,1
226794_12479,1
226794_29894,1
226794_52041,1
226803_257239,0
226803_173538,0
226803_176528,0
226803_290204,0
226803_21657,1
226803_174466,0
226813_77132,0
226813_267126,0
226813_112339,1
226813_228095,1
226813_48703,0
226813_116777,0
226814_13796,0
226814_260399,0
226814_94893,0
226814_64386,0
226814_102550,0
226814_23895,0
226816_204734,0
226816_268917,0
226816_295741,0
226816_166203,0
226816_246114,0
226816_230312,0
226820_200797,1
226820_293108,1
226820_265026,0
226820_142747,1
226820_225750,0
226820_121450,1
226823_281141,1
226823_11469,1
226823_236985,1
226823_179389,1
226823_103548,1
226823_101467,1
226827_38990,1
226827_236256,0
226827_116566,0
226827_129811,1
226827_130097,0
226827_280494,1
226829_11430,0
226829_166108,0
226829_26131,0
226829_271243,1
226829_157901,0
226829_281521,1
226830_175651,1
226830_138706,0
226830_267766,0
226830_156293,1
226830_103888,0
226830_164892,0
226831_176916,1
226831_78940,1
226831_199331,0
226831_244319,1
226831_112903,0
226831_134155,1
226832_286329,1
226832_182685,0
226832_151964,1
226832_224795,1
226832_106788,1
226832_25692,1
226833_279128,0
226833_290150,1
226833_102017,0
226833_260175,1
226833_173538,1
226833_111988,0
226835_255961,1
226835_110001,1
226835_116227,0
226835_103557,1
226835_284632,0
226835_15776,1
226836_92589,1
226836_249136,1
226836_113727,1
226836_245076,1
226836_260860,0
226836_246418,0
226840_187050,1
226840_91665,1
226840_194748,0
226840_94706,1
226840_219794,0
226840_215843,0
226841_207855,1
226841_213090,0
226841_220913,1
226841_279878,0
226841_166700,0
226841_117728,1
226843_292630,1
226843_75434,0
226843_5791,0
226843_122621,1
226843_110707,0
226843_85914,0
226847_38708,1
226847_34597,1
226847_177332,0
226847_55747,0
226847_28837,1
226847_292510,1
226850_6760,1
226850_115467,1
226850_90219,0
226850_47677,1
226850_57311,1
226850_123490,0
226853_187151,1
226853_101872,1
226853_42557,0
226853_114634,1
226853_122442,0
226853_39063,1
226856_286893,1
226856_262654,1
226856_109963,0
226856_160014,1
226856_197063,1
226856_197797,1
226857_247370,1
226857_203929,1
226857_269223,1
226857_13262,0
226857_25412,0
226857_211530,1
226860_246149,0
226860_98878,1
226860_200714,1
226860_197970,1
226860_137615,1
226860_179502,1
226861_20788,0
226861_132300,1
226861_7859,0
226861_170565,0
226861_200778,0
226861_178806,1
226862_110918,0
226862_160169,1
226862_31522,0
226862_247862,0
226862_39465,1
226862_204259,1
226863_272691,0
226863_146361,0
226863_252608,1
226863_285806,1
226863_63542,1
226863_282540,1
226868_239473,1
226868_197507,1
226868_80319,1
226868_96672,0
226868_45302,1
226868_204617,1
226869_104121,0
226869_215158,1
226869_9514,0
226869_131633,1
226869_210679,1
226869_9758,1
226871_67870,1
226871_188670,0
226871_73666,0
226871_44675,1
226871_213953,1
226871_160103,1
226872_127587,0
226872_125003,1
226872_235161,1
226872_112017,1
226872_92498,1
226872_281815,1
226875_147550,0
226875_187416,0
226875_277476,1
226875_181489,0
226875_132199,1
226875_250816,1
226880_182188,0
226880_262010,0
226880_96298,0
226880_110928,0
226880_19518,0
226880_97908,0
226883_118762,0
226883_221237,0
226883_191327,1
226883_195923,1
226883_198595,1
226883_126688,1
226884_15821,1
226884_274427,1
226884_32224,1
226884_278582,0
226884_160988,1
226884_119920,1
226885_196155,1
226885_226831,0
226885_152626,0
226885_176907,1
226885_12896,1
226885_47387,0
226891_83500,1
226891_149181,0
226891_214159,1
226891_8669,0
226891_280192,1
226891_151539,1
226894_55182,0
226894_157716,0
226894_59089,0
226894_2996,0
226894_229894,1
226894_216047,1
226897_214826,1
226897_20240,1
226897_191051,1
226897_171217,1
226897_244902,1
226897_190594,1
226898_266829,1
226898_280365,0
226898_50668,0
226898_279408,0
226898_49677,0
226898_233358,0
226900_1108,0
226900_165126,0
226900_8827,1
226900_117904,1
226900_223164,1
226900_143894,1
226905_223414,1
226905_113792,0
226905_108078,0
226905_211790,1
226905_214781,1
226905_76429,1
226909_248171,0
226909_17790,1
226909_268877,1
226909_262438,1
226909_140622,1
226909_281443,0
226911_88839,1
226911_178555,1
226911_5234,1
226911_49962,1
226911_41814,1
226911_275953,1
226914_236519,1
226914_122434,1
226914_173887,1
226914_289727,1
226914_253498,0
226914_162260,1
226916_99051,0
226916_254251,0
226916_211030,0
226916_208997,1
226916_253591,1
226916_37469,0
226918_11927,1
226918_44084,1
226918_74026,1
226918_85568,1
226918_237564,0
226918_149850,0
226919_294577,0
226919_238906,1
226919_144463,0
226919_85372,1
226919_116996,0
226919_159757,1
226920_105949,1
226920_198573,1
226920_292261,0
226920_244074,1
226920_175059,1
226920_40579,1
226924_208243,0
226924_124561,1
226924_108161,0
226924_249735,0
226924_214851,0
226924_92770,0
226928_143242,1
226928_249320,1
226928_126806,1
226928_179993,1
226928_235236,1
226928_112472,0
226932_197897,1
226932_211324,0
226932_140692,1
226932_257897,1
226932_150748,1
226932_30193,0
226936_173627,1
226936_229340,0
226936_230472,1
226936_271466,0
226936_92843,1
226936_178547,1
226939_241669,1
226939_71865,0
226939_204604,1
226939_214979,1
226939_120986,0
226939_136546,1
226945_232268,1
226945_23585,0
226945_257449,1
226945_160012,1
226945_255666,0
226945_293411,0
226947_283450,0
226947_225086,0
226947_183045,0
226947_249195,0
226947_49288,0
226947_14145,0
226949_1214,0
226949_249828,0
226949_66359,1
226949_134116,1
226949_152765,0
226949_224289,1
226952_125110,0
226952_289919,0
226952_178272,0
226952_99830,0
226952_262632,1
226952_63140,0
226953_123398,1
226953_214804,1
226953_173662,1
226953_183331,1
226953_173963,1
226953_190407,1
226955_100997,1
226955_150329,1
226955_80534,1
226955_60623,1
226955_112579,1
226955_115569,1
226956_222763,1
226956_184670,1
226956_82535,0
226956_47732,1
226956_108415,1
226956_86103,1
226957_116529,1
226957_56855,1
226957_261450,1
226957_269227,1
226957_187117,1
226957_213293,1
226959_42246,0
226959_152274,0
226959_115272,0
226959_170773,1
226959_201216,1
226959_9441,0
226963_3597,1
226963_11786,1
226963_210390,1
226963_219846,0
226963_196733,1
226963_13014,0
226969_58471,1
226969_135716,0
226969_35240,0
226969_32866,0
226969_10062,1
226969_166,0
226973_135317,1
226973_136847,0
226973_107424,1
226973_295516,1
226973_81503,1
226973_7273,0
226975_188657,1
226975_3222,1
226975_128541,1
226975_277054,1
226975_94829,0
226975_11535,1
226976_105788,1
226976_29292,0
226976_85021,1
226976_145165,0
226976_149496,1
226976_51602,0
226979_117503,1
226979_276451,1
226979_93729,1
226979_82722,1
226979_126376,0
226979_187771,1
226981_212675,0
226981_231811,0
226981_200497,0
226981_120652,0
226981_76222,1
226981_36934,1
226983_219451,0
226983_225625,0
226983_250768,0
226983_62682,0
226983_168000,0
226983_107923,0
226989_152384,0
226989_241401,1
226989_125465,0
226989_32141,1
226989_293600,1
226989_87523,1
226997_46756,1
226997_63706,1
226997_83139,1
226997_153652,0
226997_6575,1
226997_200166,1
226998_277600,1
226998_282136,1
226998_190491,0
226998_228746,1
226998_284429,0
226998_17567,1
227001_292135,1
227001_118690,1
227001_2121,1
227001_184929,1
227001_203294,1
227001_124333,0
227007_11404,1
227007_42870,0
227007_286238,0
227007_60913,1
227007_203707,1
227007_278311,1
227008_255092,1
227008_153382,1
227008_132909,1
227008_262193,1
227008_237896,1
227008_283814,1
227010_270707,1
227010_47551,1
227010_56811,1
227010_131598,1
227010_125210,1
227010_74490,0
227011_208559,1
227011_164950,1
227011_257260,1
227011_289727,1
227011_216902,1
227011_208185,1
227012_172209,1
227012_64402,1
227012_161772,1
227012_294233,1
227012_257088,1
227012_153274,0
227013_52853,1
227013_138455,0
227013_272694,0
227013_6550,1
227013_198607,0
227013_87701,0
227017_191504,1
227017_84202,0
227017_238083,0
227017_156563,1
227017_126615,1
227017_23138,1
227018_73628,0
227018_144672,1
227018_56023,1
227018_202385,0
227018_215434,0
227018_268382,1
227023_205918,0
227023_105714,1
227023_259598,1
227023_79118,0
227023_10555,0
227023_109671,0
227025_144686,1
227025_87505,0
227025_154128,0
227025_10794,1
227025_72514,0
227025_179405,1
227026_260518,1
227026_107137,1
227026_144424,1
227026_245726,0
227026_198951,0
227026_96327,1
227028_34912,1
227028_75521,0
227028_230802,1
227028_204427,1
227028_284734,1
227028_164398,1
227037_19347,0
227037_6133,0
227037_63310,0
227037_265669,0
227037_122933,0
227037_92910,0
227040_186289,0
227040_242675,0
227040_165106,1
227040_138683,0
227040_206321,1
227040_274123,0
227044_31066,1
227044_192454,1
227044_124643,1
227044_275284,1
227044_24357,0
227044_287678,0
227045_52881,1
227045_57485,1
227045_36749,1
227045_204867,0
227045_59158,1
227045_74142,1
227047_120020,0
227047_23275,0
227047_86732,0
227047_223859,0
227047_200132,0
227047_187117,1
227048_10872,1
227048_227907,0
227048_31498,0
227048_73903,1
227048_239728,1
227048_29404,1
227052_117640,0
227052_268019,1
227052_242761,1
227052_206024,1
227052_245668,0
227052_279906,1
227055_53396,1
227055_172184,0
227055_9234,0
227055_180773,1
227055_101875,1
227055_186394,0
227057_46605,1
227057_33411,0
227057_202787,1
227057_205720,1
227057_33662,1
227057_174266,1
227058_123546,1
227058_156913,1
227058_258828,0
227058_155463,0
227058_171935,1
227058_280460,1
227064_220347,0
227064_27786,0
227064_207395,1
227064_106649,1
227064_23725,1
227064_228550,0
227066_292688,1
227066_225816,1
227066_24798,0
227066_225510,0
227066_36641,1
227066_295639,1
227067_293579,0
227067_102363,1
227067_182313,0
227067_210064,1
227067_180759,0
227067_191729,0
227068_94220,1
227068_183872,1
227068_14306,1
227068_251785,0
227068_38219,0
227068_94288,1
227069_138272,0
227069_55900,1
227069_160632,1
227069_275749,1
227069_123164,0
227069_162348,1
227072_204462,0
227072_19138,0
227072_277586,0
227072_249905,0
227072_89641,0
227072_260619,0
227074_128407,1
227074_73818,1
227074_141575,1
227074_166556,1
227074_240893,0
227074_228925,1
227075_211856,1
227075_231522,1
227075_82423,1
227075_122580,0
227075_88643,0
227075_191494,1
227081_21157,0
227081_34930,0
227081_258828,0
227081_113707,0
227081_97902,0
227081_172876,0
227082_177539,1
227082_159622,1
227082_275346,1
227082_40374,1
227082_92589,0
227082_151751,0
227084_16367,1
227084_274773,0
227084_47420,0
227084_158477,0
227084_54881,0
227084_225426,1
227086_287816,1
227086_186259,1
227086_20669,0
227086_102183,1
227086_195967,1
227086_245308,0
227088_65337,1
227088_94777,0
227088_232415,0
227088_199015,1
227088_250539,1
227088_277769,0
227089_284554,0
227089_219711,0
227089_277006,0
227089_92874,0
227089_158908,0
227089_133950,0
227091_191694,1
227091_26712,1
227091_29164,0
227091_148792,1
227091_224508,0
227091_288063,1
227092_221861,1
227092_227587,1
227092_224410,0
227092_70431,1
227092_59840,1
227092_218432,0
227097_192093,1
227097_108612,0
227097_135825,1
227097_131863,1
227097_138809,1
227097_203598,1
227098_230358,1
227098_70778,0
227098_191269,1
227098_169325,1
227098_242638,0
227098_211872,1
227106_267135,0
227106_12038,0
227106_179061,0
227106_39072,1
227106_11464,0
227106_101649,0
227107_80893,1
227107_127897,1
227107_222766,0
227107_281848,0
227107_51235,0
227107_257260,0
227108_94800,1
227108_199231,0
227108_91743,0
227108_127547,0
227108_176547,0
227108_281177,0
227110_94777,0
227110_157543,0
227110_110001,1
227110_113179,1
227110_246583,0
227110_137780,1
227119_187117,1
227119_250843,1
227119_188589,1
227119_154086,1
227119_6582,1
227119_61374,1
227126_294863,0
227126_84997,0
227126_30318,0
227126_163189,1
227126_78526,1
227126_83688,1
227127_50079,0
227127_270430,0
227127_284406,1
227127_268787,1
227127_87854,0
227127_20747,1
227128_125502,0
227128_121340,0
227128_254473,0
227128_94285,0
227128_184999,0
227128_193322,1
227130_212592,1
227130_278157,0
227130_137860,1
227130_161830,1
227130_24547,1
227130_143817,0
227131_118714,0
227131_14481,1
227131_20019,0
227131_274607,1
227131_2694,1
227131_152347,1
227132_90219,1
227132_162196,1
227132_64394,0
227132_23883,0
227132_288907,0
227132_71004,1
227133_127254,0
227133_130023,0
227133_15405,1
227133_47591,0
227133_290805,0
227133_65195,1
227134_137357,1
227134_185349,0
227134_55682,1
227134_169538,1
227134_129940,1
227134_80053,1
227136_5273,0
227136_34829,0
227136_29189,1
227136_145985,1
227136_155081,1
227136_37517,0
227137_164568,1
227137_193774,1
227137_175884,1
227137_42730,1
227137_229755,1
227137_275294,0
227139_44782,1
227139_150850,1
227139_270515,0
227139_290953,0
227139_187494,0
227139_63340,1
227141_61924,0
227141_143125,0
227141_238506,0
227141_10129,0
227141_150469,0
227141_59189,0
227144_36379,0
227144_154323,0
227144_195853,0
227144_249357,0
227144_12556,1
227144_120083,0
227147_160503,0
227147_239109,1
227147_134802,0
227147_149813,0
227147_25434,0
227147_54974,0
227149_168855,0
227149_30297,0
227149_237561,1
227149_183079,1
227149_154498,1
227149_97093,1
227151_106052,0
227151_150186,0
227151_13069,0
227151_208755,0
227151_244553,0
227151_255820,1
227159_268550,0
227159_275714,0
227159_141350,0
227159_187533,1
227159_224611,1
227159_112163,1
227160_21493,1
227160_132780,0
227160_246593,1
227160_39840,0
227160_61277,1
227160_214191,1
227161_126992,0
227161_99683,1
227161_251337,0
227161_213206,0
227161_273400,0
227161_80308,0
227162_182197,0
227162_3328,0
227162_57964,1
227162_30324,1
227162_188352,1
227162_140217,1
227163_271061,1
227163_263187,0
227163_156784,1
227163_159078,0
227163_97127,1
227163_249611,0
227164_263687,0
227164_232784,0
227164_149602,0
227164_8313,0
227164_170214,1
227164_260501,0
227167_19643,1
227167_242681,0
227167_31714,1
227167_110276,1
227167_73666,1
227167_294577,1
227168_29894,1
227168_257869,0
227168_13151,1
227168_226946,1
227168_31059,0
227168_248001,0
227171_51342,1
227171_149840,0
227171_134165,0
227171_75053,0
227171_54683,0
227171_31552,1
227172_144736,1
227172_32868,1
227172_216785,0
227172_20754,1
227172_119428,0
227172_164423,0
227176_160262,1
227176_165215,1
227176_192960,0
227176_112894,0
227176_65901,0
227176_197189,1
227178_259944,1
227178_27090,1
227178_228023,0
227178_2298,1
227178_87734,0
227178_101916,1
227181_140615,0
227181_73818,1
227181_203816,0
227181_212418,1
227181_110553,1
227181_51812,1
227182_196733,1
227182_285419,0
227182_222669,1
227182_90451,1
227182_284073,1
227182_151250,0
227183_101190,0
227183_56551,0
227183_157155,0
227183_26251,0
227183_180792,0
227183_254626,0
227185_139953,1
227185_147919,0
227185_61031,1
227185_136802,1
227185_92413,1
227185_36734,1
227188_290340,0
227188_19108,0
227188_208284,0
227188_100831,1
227188_227846,0
227188_172855,1
227189_87886,0
227189_233053,0
227189_143385,0
227189_269657,0
227189_3307,0
227189_266872,0
227193_163570,1
227193_21652,1
227193_271904,1
227193_256040,1
227193_208227,1
227193_148365,1
227196_37842,1
227196_122532,1
227196_36652,1
227196_161578,1
227196_63625,0
227196_19092,0
227199_258342,0
227199_228218,1
227199_60889,1
227199_51665,1
227199_9297,1
227199_268662,1
227200_208271,1
227200_36203,0
227200_199310,0
227200_53498,0
227200_96095,0
227200_124387,0
227203_57272,0
227203_195025,1
227203_204932,1
227203_48707,1
227203_247162,1
227203_221949,1
227204_261547,1
227204_68960,1
227204_162213,0
227204_24748,1
227204_238000,1
227204_201962,1
227205_192296,0
227205_129805,0
227205_187843,0
227205_191683,1
227205_119199,0
227205_131564,1
227212_199799,1
227212_159712,0
227212_70565,1
227212_159603,1
227212_292341,0
227212_126748,0
227214_188035,1
227214_19770,0
227214_262534,0
227214_247355,1
227214_260846,1
227214_164892,0
227217_150929,0
227217_177612,1
227217_105649,0
227217_279943,1
227217_137768,1
227217_200483,0
227218_177502,1
227218_276411,1
227218_149859,0
227218_166186,1
227218_112961,0
227218_25244,1
227222_277867,1
227222_283599,1
227222_281016,1
227222_153923,1
227222_166108,0
227222_147878,0
227223_261501,0
227223_158804,1
227223_24769,0
227223_169987,1
227223_32461,0
227223_239485,1
227226_249993,0
227226_66741,1
227226_152028,1
227226_129467,0
227226_58898,1
227226_11996,1
227231_192891,0
227231_81154,0
227231_107089,0
227231_46314,0
227231_204954,0
227231_161398,0
227238_11901,0
227238_168525,0
227238_126976,1
227238_245015,0
227238_109289,0
227238_182161,1
227239_248870,1
227239_165372,1
227239_249728,0
227239_21607,0
227239_161,1
227239_198770,0
227243_187117,1
227243_278582,1
227243_5844,0
227243_246504,0
227243_272223,0
227243_1414,0
227244_39143,0
227244_34351,0
227244_137720,0
227244_70122,0
227244_196720,0
227244_204887,0
227245_45204,0
227245_177339,1
227245_73704,1
227245_112582,0
227245_163106,1
227245_9766,1
227246_274917,1
227246_224222,1
227246_932,1
227246_209398,1
227246_10001,1
227246_64239,0
227247_106515,0
227247_230125,1
227247_285212,1
227247_252389,0
227247_226834,1
227247_132414,0
227250_264668,1
227250_162550,1
227250_206197,1
227250_124791,0
227250_62665,1
227250_85549,1
227251_204241,0
227251_253231,1
227251_158483,1
227251_12760,0
227251_167292,1
227251_70945,0
227252_102876,0
227252_129775,1
227252_26404,1
227252_50676,0
227252_285811,0
227252_207830,0
227255_206044,1
227255_53925,0
227255_113895,0
227255_86602,0
227255_44782,1
227255_98915,1
227256_209370,0
227256_273164,1
227256_211816,0
227256_170625,1
227256_272073,0
227256_261844,1
227261_131680,1
227261_182254,0
227261_71132,0
227261_37498,0
227261_237416,0
227261_209340,0
227263_218880,0
227263_247218,1
227263_128128,0
227263_130807,1
227263_267297,1
227263_33985,0
227265_252250,1
227265_177230,0
227265_283805,1
227265_107923,1
227265_21493,1
227265_116492,0
227268_33109,1
227268_274820,0
227268_200013,1
227268_196393,1
227268_261346,0
227268_136701,0
227270_141945,0
227270_5357,1
227270_267879,1
227270_52384,0
227270_58976,1
227270_141548,1
227274_253068,1
227274_23885,1
227274_174682,0
227274_108247,0
227274_30048,0
227274_275559,0
227276_287033,0
227276_177831,0
227276_46922,1
227276_262804,0
227276_82732,1
227276_158059,0
227277_221618,0
227277_205353,1
227277_52881,0
227277_100076,0
227277_286609,1
227277_118202,1
227279_232354,1
227279_202500,1
227279_47784,0
227279_12419,0
227279_178702,0
227279_51707,1
227284_160012,1
227284_40893,0
227284_6173,0
227284_285468,1
227284_61557,0
227284_158665,1
227286_23752,1
227286_244219,1
227286_55241,1
227286_225185,0
227286_91604,1
227286_263044,1
227287_259770,0
227287_190122,0
227287_21140,0
227287_72709,0
227287_56105,0
227287_43391,0
227288_237660,0
227288_53332,1
227288_266176,0
227288_83057,0
227288_52865,0
227288_231363,0
227291_48189,0
227291_217037,1
227291_237249,1
227291_285328,0
227291_264668,0
227291_218586,0
227293_63580,0
227293_131453,1
227293_219838,1
227293_21830,1
227293_24210,1
227293_181295,0
227297_295274,1
227297_101467,0
227297_148222,1
227297_237801,1
227297_115145,1
227297_49147,1
227302_119643,0
227302_32503,0
227302_91610,1
227302_235076,1
227302_174798,0
227302_244041,0
227304_150074,1
227304_80138,1
227304_107026,1
227304_241941,1
227304_48277,1
227304_33495,1
227305_5791,1
227305_94774,1
227305_289946,0
227305_81561,1
227305_258368,0
227305_62536,0
227310_116546,1
227310_214851,1
227310_145050,0
227310_268715,1
227310_133304,1
227310_292863,1
227311_163568,1
227311_164158,1
227311_215927,0
227311_198994,1
227311_174482,1
227311_250725,1
227313_221307,1
227313_149335,1
227313_100605,1
227313_249919,1
227313_136336,1
227313_272509,1
227315_89173,1
227315_82931,1
227315_42292,1
227315_224337,1
227315_119772,1
227315_61277,1
227318_234425,0
227318_243309,1
227318_231957,0
227318_295555,0
227318_26561,1
227318_70268,1
227324_47084,1
227324_150797,1
227324_261844,1
227324_136007,0
227324_182224,1
227324_246882,1
227327_236989,1
227327_289948,0
227327_207853,0
227327_134837,0
227327_228676,1
227327_136209,0
227328_255769,1
227328_201314,0
227328_162975,1
227328_24607,1
227328_41698,1
227328_50515,1
227329_14432,1
227329_257054,0
227329_131453,1
227329_265026,1
227329_186244,0
227329_56811,1
227330_149881,1
227330_81530,0
227330_234906,1
227330_169308,0
227330_12003,1
227330_111102,1
227332_71716,0
227332_277404,1
227332_81061,1
227332_181496,1
227332_113476,1
227332_107104,0
227335_92064,0
227335_95669,1
227335_145284,1
227335_189929,1
227335_49671,0
227335_225593,1
227336_97921,1
227336_104199,1
227336_218916,1
227336_146932,1
227336_254944,0
227336_151262,1
227337_17790,1
227337_238023,0
227337_258899,0
227337_10628,0
227337_248440,0
227337_211231,0
227342_232322,0
227342_20431,0
227342_149391,0
227342_45596,0
227342_36093,0
227342_72875,1
227344_134932,1
227344_49233,1
227344_10743,0
227344_194520,1
227344_247057,0
227344_16374,1
227349_5704,1
227349_177509,1
227349_179201,1
227349_115637,0
227349_127061,1
227349_92910,1
227352_6686,1
227352_169824,1
227352_63911,0
227352_139809,0
227352_217557,0
227352_14042,1
227355_176919,1
227355_238633,1
227355_242078,1
227355_18433,1
227355_56154,0
227355_568,1
227356_21425,0
227356_242816,0
227356_195174,1
227356_39581,0
227356_261547,1
227356_39545,1
227360_166323,0
227360_222892,0
227360_145661,1
227360_76367,1
227360_281190,1
227360_134456,1
227364_146308,1
227364_86732,1
227364_208656,1
227364_155463,1
227364_98977,0
227364_165099,1
227369_50150,0
227369_164152,0
227369_262628,1
227369_87244,1
227369_225225,0
227369_273164,0
227374_20999,0
227374_173257,0
227374_252530,1
227374_88839,0
227374_52853,1
227374_406,0
227379_255065,1
227379_267297,1
227379_52495,1
227379_110697,1
227379_220478,1
227379_128815,0
227380_261346,1
227380_41843,1
227380_127884,1
227380_211211,0
227380_105520,0
227380_241497,1
227382_87063,0
227382_177346,1
227382_293957,0
227382_152558,1
227382_207796,1
227382_40055,1
227383_124029,1
227383_259393,1
227383_208241,1
227383_48584,0
227383_245608,1
227383_144430,0
227387_146720,0
227387_199284,0
227387_242955,0
227387_106071,0
227387_137128,1
227387_282136,0
227388_98343,1
227388_69951,1
227388_86007,0
227388_115502,1
227388_159808,1
227388_160985,0
227396_58100,1
227396_52721,0
227396_224201,0
227396_228598,1
227396_188590,0
227396_81309,1
227398_234348,1
227398_178370,1
227398_208765,0
227398_239829,1
227398_230864,1
227398_19101,0
227399_257520,1
227399_70223,1
227399_125004,1
227399_55412,0
227399_4993,1
227399_265691,1
227404_85388,1
227404_144317,1
227404_158740,0
227404_194857,0
227404_283511,0
227404_264826,1
227407_283022,0
227407_234884,1
227407_17278,0
227407_118104,0
227407_145554,1
227407_56525,1
227409_104050,1
227409_136234,0
227409_239604,0
227409_146336,1
227409_262191,1
227409_254917,0
227410_238430,1
227410_293108,0
227410_122096,1
227410_260057,1
227410_262193,1
227410_76376,0
227411_90284,0
227411_176867,0
227411_11404,1
227411_239737,1
227411_218763,0
227411_156149,1
227412_116510,1
227412_9613,1
227412_128705,1
227412_70788,1
227412_81715,0
227412_143565,0
227414_262955,0
227414_74774,1
227414_111694,1
227414_202938,1
227414_126368,0
227414_265932,0
227415_223032,1
227415_188408,1
227415_251766,1
227415_163576,0
227415_154752,0
227415_143562,0
227419_146857,1
227419_192257,1
227419_11480,0
227419_267088,1
227419_140019,1
227419_2185,0
227420_280047,0
227420_51807,1
227420_21593,1
227420_41871,1
227420_199765,1
227420_10679,0
227422_35198,1
227422_279208,0
227422_294537,1
227422_245668,1
227422_251907,0
227422_26956,0
227423_29404,1
227423_52827,0
227423_121299,1
227423_78910,1
227423_219041,0
227423_293788,0
227426_164737,1
227426_154323,1
227426_79199,0
227426_17348,1
227426_2940,1
227426_280823,0
227427_212105,0
227427_48624,1
227427_144650,0
227427_141542,1
227427_247494,1
227427_139377,0
227430_45900,0
227430_205419,1
227430_84186,1
227430_208511,0
227430_216857,0
227430_157403,0
227437_166498,0
227437_72878,0
227437_209370,1
227437_13065,0
227437_153065,0
227437_161719,1
227441_3220,1
227441_287063,1
227441_291570,0
227441_73127,1
227441_4379,0
227441_131241,0
227449_292185,1
227449_3597,1
227449_232268,0
227449_105839,0
227449_151905,1
227449_175274,0
227451_26588,0
227451_49270,0
227451_182009,1
227451_129503,1
227451_10944,1
227451_163317,1
227453_204152,1
227453_116187,0
227453_294591,1
227453_136186,0
227453_230725,0
227453_255830,1
227454_31936,0
227454_261389,0
227454_59773,0
227454_210044,1
227454_151520,0
227454_259598,0
227459_21621,0
227459_111151,1
227459_96488,1
227459_277404,1
227459_268917,0
227459_23611,0
227460_128084,1
227460_128217,1
227460_78499,1
227460_238967,1
227460_234986,0
227460_198304,0
227461_21478,0
227461_54109,0
227461_218572,1
227461_136234,0
227461_102026,0
227461_239284,1
227462_18585,1
227462_266143,0
227462_172175,0
227462_10024,1
227462_47734,0
227462_126775,1
227463_280583,1
227463_126713,1
227463_92096,1
227463_281696,1
227463_10062,1
227463_103031,1
227472_208543,0
227472_29806,0
227472_205700,0
227472_245693,0
227472_162550,0
227472_48703,0
227474_141921,1
227474_125958,1
227474_278717,1
227474_87671,1
227474_25713,1
227474_168647,1
227475_12927,1
227475_241352,1
227475_163839,1
227475_24356,0
227475_183347,1
227475_278725,1
227477_170480,1
227477_37037,0
227477_3222,1
227477_31186,1
227477_165106,1
227477_218916,1
227480_138343,1
227480_165078,0
227480_84099,0
227480_32503,1
227480_210307,1
227480_125958,1
227484_123280,0
227484_239582,0
227484_159255,0
227484_147486,1
227484_291305,0
227484_251403,0
227485_207542,0
227485_83293,1
227485_85681,0
227485_110556,1
227485_27623,0
227485_218117,1
227486_34061,1
227486_275057,1
227486_61865,0
227486_284794,1
227486_103575,1
227486_4279,1
227487_40302,1
227487_8736,0
227487_123981,0
227487_229744,0
227487_257899,1
227487_191430,1
227488_86615,0
227488_204124,0
227488_244624,0
227488_16976,0
227488_235981,1
227488_254191,0
227490_205664,0
227490_10785,0
227490_15043,1
227490_248798,1
227490_174436,0
227490_197522,0
227491_105974,0
227491_275505,1
227491_87423,1
227491_88533,0
227491_26539,1
227491_133234,1
227493_51591,1
227493_176274,1
227493_134845,1
227493_174005,0
227493_103080,0
227493_204963,1
227494_45124,1
227494_139221,1
227494_279394,1
227494_187048,1
227494_34597,0
227494_34118,1
227496_151964,1
227496_13641,1
227496_121586,1
227496_92585,0
227496_256185,0
227496_295097,1
227497_173488,1
227497_170159,1
227497_179358,1
227497_74313,0
227497_116613,0
227497_287761,1
227498_272707,0
227498_114595,0
227498_284540,0
227498_37183,1
227498_242358,0
227498_143233,0
227499_31369,0
227499_52956,0
227499_76693,0
227499_244101,1
227499_293313,1
227499_25417,0
227500_194648,0
227500_51104,0
227500_63870,0
227500_56334,0
227500_176919,0
227500_287940,0
227503_229053,1
227503_244449,1
227503_261970,1
227503_70188,1
227503_94601,1
227503_100608,1
227504_23885,1
227504_245349,0
227504_66439,1
227504_154321,1
227504_166911,0
227504_40296,0
227508_125926,1
227508_121782,1
227508_244108,0
227508_260780,1
227508_104247,0
227508_262715,0
227510_52670,1
227510_133121,1
227510_260780,1
227510_194060,0
227510_17790,1
227510_31836,1
227512_289150,0
227512_166071,1
227512_275280,1
227512_59470,1
227512_96691,0
227512_52659,0
227514_73520,1
227514_144357,0
227514_128732,0
227514_51895,1
227514_158666,1
227514_129750,0
227515_111346,0
227515_142897,0
227515_121993,0
227515_131989,0
227515_175800,0
227515_294289,0
227516_143734,1
227516_152491,1
227516_203540,1
227516_118732,0
227516_96976,0
227516_17790,1
227518_246057,0
227518_213424,1
227518_161731,1
227518_287910,0
227518_22004,1
227518_17901,0
227519_72969,0
227519_55871,0
227519_100768,1
227519_113485,1
227519_149420,1
227519_103174,0
227524_7130,0
227524_19879,1
227524_283206,1
227524_264002,1
227524_114167,0
227524_99785,1
227525_265682,1
227525_15776,1
227525_28818,0
227525_286721,0
227525_27573,1
227525_150772,0
227527_218238,0
227527_283354,1
227527_216012,0
227527_37960,0
227527_13390,0
227527_262438,0
227528_52339,1
227528_173907,1
227528_130436,0
227528_112840,1
227528_139386,1
227528_131620,1
227530_62456,1
227530_46541,0
227530_58294,0
227530_250280,0
227530_226948,1
227530_260383,0
227531_251160,0
227531_80679,0
227531_26315,1
227531_8113,0
227531_229654,1
227531_262596,0
227533_12492,0
227533_256559,0
227533_167404,0
227533_56132,1
227533_55795,1
227533_247218,1
227535_267023,1
227535_135223,0
227535_257931,1
227535_284781,0
227535_108059,0
227535_22256,1
227538_141283,1
227538_290463,0
227538_153742,1
227538_76467,1
227538_146031,1
227538_294419,1
227543_109064,0
227543_196825,1
227543_143464,0
227543_141945,0
227543_12836,1
227543_153924,1
227545_23635,1
227545_245044,0
227545_92874,1
227545_178080,0
227545_258137,1
227545_85903,1
227547_197161,0
227547_98631,1
227547_193003,1
227547_204462,1
227547_9923,0
227547_249735,1
227548_287290,0
227548_224601,1
227548_51685,1
227548_196476,1
227548_24681,1
227548_248857,1
227552_168465,1
227552_137074,0
227552_101639,0
227552_278938,0
227552_104543,1
227552_58555,1
227554_190001,0
227554_99089,0
227554_291853,0
227554_248452,1
227554_141875,1
227554_191802,0
227555_154365,0
227555_251902,0
227555_50676,1
227555_200132,1
227555_186377,0
227555_152401,1
227557_85490,0
227557_107707,1
227557_52855,1
227557_26594,1
227557_180440,0
227557_149469,0
227561_19964,1
227561_151320,0
227561_14293,1
227561_289357,0
227561_118035,1
227561_127552,0
227565_112384,1
227565_15876,0
227565_250364,1
227565_199581,1
227565_39740,0
227565_191790,0
227572_101129,1
227572_134774,1
227572_1285,1
227572_157147,0
227572_30490,0
227572_218206,0
227573_246130,1
227573_205676,1
227573_68864,1
227573_252693,0
227573_293717,1
227573_77246,1
227574_137485,1
227574_144653,0
227574_181795,1
227574_90652,1
227574_161735,1
227574_232322,0
227576_76685,0
227576_243732,1
227576_224851,0
227576_253108,1
227576_197082,0
227576_89990,1
227578_210062,0
227578_278043,1
227578_243956,0
227578_8809,1
227578_101871,1
227578_42907,1
227586_118122,1
227586_201449,1
227586_138863,1
227586_13566,0
227586_3569,0
227586_112645,1
227591_29894,1
227591_141144,0
227591_285194,1
227591_268388,1
227591_62250,0
227591_209398,1
227594_43524,0
227594_50712,0
227594_158082,0
227594_158358,1
227594_146214,0
227594_267135,1
227597_197418,0
227597_156060,1
227597_293792,0
227597_175495,1
227597_261909,1
227597_169945,1
227598_24632,1
227598_49186,1
227598_62157,1
227598_151647,0
227598_3569,0
227598_22257,1
227601_253265,1
227601_6383,1
227601_207422,1
227601_260175,1
227601_246882,1
227601_225812,1
227602_115419,0
227602_21813,0
227602_128370,1
227602_39465,1
227602_229193,0
227602_246467,1
227608_186399,1
227608_295555,1
227608_242020,1
227608_231243,1
227608_246114,0
227608_18135,1
227612_208755,0
227612_65495,0
227612_292852,1
227612_50889,0
227612_150922,0
227612_110099,0
227614_271499,0
227614_192453,1
227614_278694,0
227614_234652,0
227614_146618,1
227614_27573,1
227615_204655,1
227615_241059,0
227615_203707,0
227615_130332,1
227615_166592,0
227615_209544,1
227616_46036,1
227616_246022,0
227616_44677,1
227616_241116,0
227616_260982,0
227616_278582,1
227617_117628,0
227617_219917,0
227617_76401,1
227617_201984,0
227617_101872,0
227617_49236,0
227618_95808,0
227618_146732,0
227618_94705,1
227618_3618,0
227618_181830,1
227618_210068,0
227625_131585,1
227625_69315,1
227625_125976,1
227625_204340,1
227625_209302,0
227625_221738,0
227626_116703,1
227626_57983,1
227626_174698,0
227626_263479,0
227626_292073,1
227626_215961,0
227627_180875,1
227627_279176,1
227627_8834,0
227627_209370,1
227627_118317,0
227627_119532,0
227629_171204,0
227629_14141,0
227629_224077,1
227629_247851,0
227629_189498,1
227629_91372,0
227633_260070,0
227633_146536,1
227633_19153,0
227633_193711,1
227633_119006,0
227633_88693,1
227635_150618,1
227635_285010,0
227635_145624,1
227635_261824,1
227635_1618,1
227635_17302,1
227641_60864,1
227641_149859,1
227641_144942,1
227641_233519,0
227641_93119,1
227641_63394,1
227642_83452,0
227642_205175,1
227642_42715,1
227642_140622,0
227642_151926,1
227642_223276,1
227644_233616,1
227644_107986,1
227644_206026,0
227644_161719,0
227644_242397,0
227644_181547,1
227648_166101,1
227648_288945,0
227648_269227,0
227648_198043,0
227648_211324,0
227648_15208,0
227649_220478,1
227649_80487,0
227649_286633,1
227649_148053,1
227649_271794,0
227649_212572,1
227651_150998,0
227651_222069,1
227651_70637,1
227651_235345,0
227651_249719,1
227651_188838,0
227652_219947,1
227652_263127,0
227652_286439,1
227652_118241,1
227652_99494,0
227652_30315,0
227657_290018,1
227657_79801,0
227657_9514,1
227657_67942,1
227657_15839,1
227657_116925,1
227658_272332,1
227658_194986,1
227658_285658,0
227658_160686,0
227658_106861,0
227658_261029,0
227661_35591,1
227661_215390,0
227661_167672,0
227661_138794,1
227661_286426,1
227661_51122,0
227662_138726,1
227662_190089,0
227662_236989,0
227662_259486,1
227662_9280,0
227662_8244,1
227663_143536,0
227663_85861,0
227663_154949,0
227663_122620,0
227663_188676,0
227663_56836,0
227664_240035,0
227664_154016,1
227664_113233,1
227664_278861,1
227664_34693,0
227664_246583,1
227665_134751,1
227665_25624,1
227665_29611,0
227665_141724,1
227665_24896,1
227665_211152,1
227667_262804,0
227667_109475,1
227667_257899,0
227667_29676,0
227667_213512,1
227667_265912,1
227669_210286,1
227669_98734,1
227669_69797,1
227669_201673,0
227669_124029,1
227669_78885,0
227671_26097,1
227671_88612,1
227671_268110,1
227671_235658,0
227671_99316,1
227671_32226,0
227675_166729,1
227675_240664,0
227675_83050,0
227675_245021,1
227675_287168,1
227675_74535,1
227677_264668,1
227677_262022,1
227677_116439,1
227677_274200,0
227677_189325,0
227677_178895,0
227678_69843,0
227678_85151,0
227678_282075,0
227678_21244,0
227678_73710,0
227678_197418,0
227683_87655,1
227683_285785,0
227683_79309,1
227683_252421,1
227683_200132,1
227683_216988,0
227685_84462,1
227685_278764,1
227685_27068,1
227685_126638,1
227685_187714,1
227685_121777,1
227686_79640,0
227686_250229,0
227686_162260,0
227686_3737,0
227686_123640,0
227686_129410,0
227692_62157,1
227692_72875,1
227692_190224,1
227692_70971,1
227692_105339,1
227692_11047,0
227693_143852,0
227693_154010,1
227693_238977,0
227693_96391,1
227693_38285,1
227693_133751,1
227702_78132,0
227702_138809,1
227702_232563,1
227702_107383,1
227702_220488,1
227702_286001,0
227703_198817,1
227703_29597,0
227703_223064,0
227703_186315,1
227703_215219,1
227703_26363,0
227705_231661,1
227705_152377,1
227705_95580,0
227705_13469,1
227705_114421,0
227705_109907,0
227706_34658,1
227706_35514,0
227706_216901,0
227706_184644,1
227706_184634,1
227706_7596,1
227709_57282,0
227709_201966,1
227709_88072,1
227709_134774,0
227709_85021,0
227709_256091,0
227712_244657,0
227712_71294,1
227712_72796,1
227712_157583,0
227712_251235,1
227712_11343,0
227715_243934,1
227715_17789,0
227715_79224,0
227715_184702,0
227715_262207,1
227715_293537,0
227716_208348,1
227716_261492,0
227716_204282,1
227716_43031,1
227716_39699,1
227716_155413,0
227717_128974,1
227717_158554,0
227717_228300,0
227717_138706,0
227717_203139,0
227717_31440,1
227718_185153,0
227718_185658,0
227718_254092,0
227718_112907,0
227718_92449,0
227718_1618,0
227722_109336,0
227722_228499,0
227722_136234,0
227722_143966,0
227722_143929,0
227722_187117,0
227724_111746,0
227724_170163,1
227724_197270,0
227724_147585,0
227724_244834,1
227724_60706,0
227728_38202,1
227728_84528,1
227728_83269,1
227728_258690,0
227728_89332,1
227728_233102,1
227730_249798,1
227730_165285,1
227730_103381,0
227730_255413,1
227730_196307,1
227730_205620,1
227731_136449,0
227731_161473,1
227731_25147,0
227731_178008,1
227731_165847,1
227731_185571,1
227732_260905,1
227732_201735,0
227732_268019,1
227732_24136,0
227732_83125,0
227732_148821,1
227734_87989,1
227734_193475,0
227734_107645,1
227734_45651,1
227734_247107,0
227734_207919,1
227736_36331,0
227736_85927,0
227736_61832,0
227736_46992,0
227736_16374,0
227736_45900,1
227737_285150,0
227737_219463,1
227737_249868,0
227737_33827,1
227737_248405,0
227737_249764,1
227742_184644,1
227742_290725,0
227742_31223,0
227742_31836,1
227742_69158,1
227742_23323,1
227743_96378,1
227743_177625,0
227743_192339,1
227743_277020,1
227743_121591,0
227743_40198,1
227744_180704,1
227744_95203,0
227744_79396,1
227744_227982,1
227744_109544,1
227744_219934,1
227745_70268,0
227745_241331,0
227745_196431,0
227745_155069,0
227745_160262,1
227745_45483,0
227747_215223,0
227747_13575,0
227747_292863,1
227747_266141,0
227747_223164,1
227747_130614,0
227752_40034,0
227752_97256,1
227752_279208,1
227752_97527,1
227752_256944,1
227752_54741,0
227755_212057,1
227755_232898,1
227755_267798,0
227755_287047,1
227755_104324,1
227755_86038,1
227760_69192,1
227760_242782,1
227760_261186,1
227760_295329,0
227760_104207,0
227760_229818,1
227766_43258,0
227766_1657,0
227766_127879,0
227766_20101,0
227766_155189,0
227766_112017,0
227768_263647,1
227768_5933,1
227768_144618,0
227768_175604,1
227768_203152,1
227768_224283,0
227771_200907,1
227771_143789,0
227771_137986,1
227771_175553,1
227771_159976,1
227771_52853,1
227772_218564,0
227772_242416,1
227772_76499,0
227772_139745,0
227772_169233,1
227772_31223,1
227774_230910,1
227774_145121,1
227774_267064,0
227774_104463,1
227774_94926,0
227774_72499,0
227784_135875,0
227784_118206,0
227784_118769,0
227784_212019,0
227784_166525,0
227784_187772,0
227786_195948,1
227786_32112,1
227786_137615,1
227786_99683,1
227786_120899,1
227786_193774,1
227788_64393,0
227788_213017,1
227788_183431,1
227788_178370,1
227788_70268,0
227788_90731,0
227790_148821,0
227790_160831,1
227790_119836,0
227790_218238,1
227790_9514,1
227790_47179,1
227793_2924,0
227793_77875,1
227793_214979,1
227793_262852,1
227793_131901,1
227793_238633,1
227794_26533,0
227794_235968,0
227794_31303,1
227794_23097,0
227794_217242,1
227794_9464,1
227795_161072,0
227795_101074,0
227795_157001,1
227795_45285,0
227795_268462,0
227795_236929,1
227800_174880,1
227800_172087,1
227800_139333,1
227800_182824,0
227800_112118,1
227800_183431,1
227801_18362,1
227801_78631,0
227801_265260,0
227801_44110,1
227801_138488,0
227801_218241,1
227806_150651,1
227806_208528,1
227806_32854,0
227806_293549,0
227806_39237,0
227806_163069,1
227807_120972,0
227807_78217,1
227807_19214,1
227807_220014,0
227807_80225,1
227807_88927,0
227809_245668,1
227809_55222,1
227809_277360,1
227809_8229,1
227809_217583,1
227809_234343,1
227810_223859,1
227810_224696,1
227810_171549,1
227810_235063,1
227810_6311,1
227810_31075,1
227811_261088,0
227811_98544,0
227811_256132,0
227811_218491,0
227811_150811,0
227811_149844,0
227813_176830,0
227813_253468,0
227813_205954,0
227813_101294,1
227813_59089,0
227813_200186,0
227814_56688,0
227814_286586,1
227814_293358,1
227814_131564,1
227814_247936,1
227814_231286,1
227825_185235,1
227825_135126,0
227825_227848,0
227825_185707,0
227825_45916,1
227825_147896,1
227829_111157,1
227829_200378,1
227829_134261,1
227829_151596,1
227829_163198,1
227829_197751,1
227831_143429,1
227831_163902,0
227831_277328,0
227831_209044,0
227831_285864,1
227831_180058,1
227833_205311,1
227833_6681,0
227833_45646,1
227833_97281,1
227833_31122,1
227833_26712,1
227836_66796,1
227836_228799,1
227836_182478,1
227836_256922,1
227836_187716,0
227836_247129,1
227838_164793,1
227838_125105,1
227838_187188,0
227838_283599,1
227838_8040,1
227838_198204,0
227841_231332,1
227841_172745,1
227841_189966,0
227841_230358,1
227841_162611,0
227841_138706,0
227844_23885,1
227844_86028,0
227844_143481,0
227844_6270,0
227844_285630,1
227844_78187,1
227849_263145,1
227849_278103,1
227849_161010,0
227849_286001,0
227849_230904,1
227849_270004,0
227850_66180,1
227850_142095,1
227850_206618,1
227850_294183,0
227850_142577,1
227850_156375,0
227851_79723,0
227851_136415,0
227851_162471,0
227851_35663,0
227851_198890,0
227851_118248,0
227854_134310,1
227854_197533,1
227854_219338,0
227854_122580,1
227854_269273,1
227854_246114,1
227855_113895,1
227855_264826,1
227855_275733,1
227855_245693,0
227855_204169,1
227855_235011,1
227856_165708,1
227856_82169,1
227856_64855,1
227856_147896,0
227856_258520,1
227856_139002,1
227857_200472,0
227857_114730,0
227857_78157,1
227857_161182,1
227857_248385,1
227857_122604,0
227858_35652,0
227858_237896,0
227858_106671,1
227858_234437,1
227858_103870,0
227858_86427,1
227859_54509,0
227859_276415,1
227859_111474,1
227859_35391,1
227859_162716,0
227859_268004,1
227860_252013,1
227860_228469,1
227860_119419,1
227860_80820,0
227860_164591,1
227860_67156,1
227861_147903,1
227861_271623,1
227861_260243,1
227861_75564,1
227861_109387,1
227861_281826,1
227864_188301,0
227864_143092,0
227864_38570,0
227864_293974,0
227864_29161,0
227864_43517,0
227865_241006,0
227865_284211,1
227865_130276,1
227865_107724,0
227865_285775,1
227865_8691,1
227867_200468,0
227867_171700,0
227867_164737,1
227867_60994,0
227867_148406,0
227867_38282,1
227869_207602,0
227869_68502,1
227869_35752,0
227869_209304,0
227869_134853,1
227869_35986,1
227870_281300,0
227870_32738,0
227870_122574,0
227870_190245,1
227870_139259,0
227870_168889,0
227871_273209,0
227871_228615,0
227871_257202,0
227871_249638,0
227871_15366,0
227871_277946,0
227873_276189,1
227873_187355,0
227873_189246,1
227873_145785,0
227873_149377,1
227873_86354,0
227875_69387,1
227875_257785,0
227875_29655,0
227875_264496,1
227875_39997,0
227875_73704,0
227876_239923,0
227876_108460,1
227876_244850,0
227876_22677,0
227876_263667,1
227876_186602,1
227882_53887,0
227882_6137,0
227882_70346,1
227882_195796,1
227882_236914,1
227882_76477,1
227885_38708,0
227885_244768,0
227885_34011,0
227885_63142,1
227885_59291,1
227885_126743,0
227888_235716,1
227888_125458,0
227888_112564,1
227888_169945,0
227888_171918,0
227888_237718,1
227889_139365,1
227889_232263,0
227889_108781,1
227889_150766,1
227889_76408,1
227889_138137,1
227891_275104,0
227891_250273,0
227891_191995,0
227891_208103,1
227891_72387,1
227891_204708,0
227893_36836,0
227893_191236,1
227893_239014,1
227893_68144,1
227893_126528,0
227893_148762,1
227894_6453,1
227894_96424,0
227894_111704,0
227894_129903,0
227894_246966,0
227894_58443,1
227897_124783,1
227897_77706,1
227897_225024,1
227897_87732,1
227897_235536,0
227897_60913,0
227898_236185,0
227898_4422,0
227898_161182,1
227898_176004,1
227898_57209,1
227898_159496,1
227899_54690,1
227899_274534,0
227899_140221,1
227899_189909,1
227899_219751,1
227899_101816,1
227901_281844,1
227901_62536,1
227901_218022,1
227901_57201,0
227901_70738,1
227901_101255,1
227908_98818,1
227908_24823,1
227908_257899,0
227908_143734,1
227908_41049,0
227908_30000,0
227909_271384,1
227909_269768,0
227909_59720,1
227909_112929,1
227909_77053,0
227909_190995,1
227913_135968,1
227913_88839,1
227913_175571,0
227913_274078,1
227913_73946,0
227913_169308,0
227914_103342,0
227914_111746,1
227914_7180,0
227914_274169,0
227914_24534,1
227914_84919,0
227917_14303,1
227917_130771,1
227917_110928,0
227917_56551,1
227917_157116,1
227917_115665,0
227918_166940,1
227918_141560,1
227918_32435,1
227918_225207,1
227918_232731,1
227918_275091,0
227920_61826,1
227920_99000,1
227920_119375,0
227920_137768,0
227920_267088,1
227920_150375,1
227924_30449,1
227924_136917,0
227924_143734,1
227924_289153,1
227924_175164,0
227924_31714,0
227925_71685,1
227925_185900,0
227925_187480,1
227925_182887,0
227925_72878,1
227925_25772,1
227926_136563,0
227926_147260,0
227926_101652,1
227926_42375,1
227926_165413,1
227926_200651,1
227935_149413,0
227935_99867,0
227935_123708,0
227935_35947,0
227935_265210,0
227935_254612,0
227937_262307,0
227937_184139,1
227937_38570,1
227937_281139,1
227937_9209,1
227937_53766,0
227938_29091,1
227938_49492,1
227938_173259,0
227938_292800,0
227938_244584,1
227938_39252,1
227940_230358,1
227940_29827,1
227940_34658,0
227940_26561,1
227940_248814,1
227940_46294,0
227941_268974,1
227941_268900,1
227941_228799,0
227941_237679,1
227941_220908,1
227941_134225,0
227946_117942,0
227946_43077,1
227946_3032,1
227946_130276,1
227946_29228,1
227946_10382,0
227947_2443,1
227947_53806,1
227947_217880,1
227947_200804,1
227947_222024,1
227947_249483,1
227949_236347,0
227949_135071,0
227949_47639,0
227949_290356,0
227949_103861,0
227949_213072,1
227951_119044,0
227951_113233,1
227951_271496,0
227951_35669,0
227951_183731,1
227951_41843,0
227955_144218,0
227955_291840,0
227955_273701,1
227955_115579,1
227955_231146,1
227955_112455,1
227956_39388,0
227956_116680,1
227956_177654,0
227956_92030,0
227956_159936,1
227956_259770,0
227957_124080,1
227957_157708,1
227957_133701,1
227957_185036,1
227957_16674,0
227957_258274,0
227963_93084,0
227963_245725,1
227963_48676,1
227963_243306,0
227963_108507,1
227963_259862,1
227964_119355,1
227964_229623,0
227964_64099,1
227964_41171,1
227964_187382,0
227964_216012,0
227965_176446,1
227965_254114,0
227965_218101,1
227965_47905,0
227965_217479,1
227965_282514,0
227972_104584,1
227972_190154,1
227972_3219,0
227972_158582,0
227972_152491,1
227972_72824,0
227975_236433,1
227975_115702,1
227975_270329,0
227975_190154,1
227975_267020,0
227975_79874,0
227976_137071,0
227976_227335,1
227976_72517,1
227976_194861,0
227976_144511,1
227976_270004,0
227979_177982,1
227979_159936,0
227979_120225,0
227979_113233,0
227979_248870,0
227979_278149,0
227980_115743,0
227980_114704,0
227980_67602,0
227980_280853,1
227980_241580,0
227980_62224,0
227984_25866,1
227984_71059,0
227984_251581,0
227984_254917,0
227984_106,0
227984_173300,0
227986_111916,0
227986_126573,1
227986_263,0
227986_191176,0
227986_29983,1
227986_165532,0
227992_232820,0
227992_226320,0
227992_293957,0
227992_200621,1
227992_3109,1
227992_231030,1
227995_289330,1
227995_275932,0
227995_183612,0
227995_122020,1
227995_45900,1
227995_111720,1
227996_129122,1
227996_67995,1
227996_190154,0
227996_129684,1
227996_92147,0
227996_235282,0
227997_33542,0
227997_154942,0
227997_44210,0
227997_52399,1
227997_269239,1
227997_110410,1
227999_162965,1
227999_123825,0
227999_133421,1
227999_126448,1
227999_238961,1
227999_137933,1
228002_79051,0
228002_109069,0
228002_200472,1
228002_165136,1
228002_42774,0
228002_63414,1
228003_244712,1
228003_215933,0
228003_43077,1
228003_189088,0
228003_97320,1
228003_140230,1
228005_230909,1
228005_224283,1
228005_250195,0
228005_163081,0
228005_184217,1
228005_205676,0
228006_196802,1
228006_266391,0
228006_83093,1
228006_29189,1
228006_4393,1
228006_263661,1
228009_276489,1
228009_159746,0
228009_201550,1
228009_97236,1
228009_116908,0
228009_37503,1
228011_103595,0
228011_239212,1
228011_295091,0
228011_92588,1
228011_31665,1
228011_109606,1
228012_225261,1
228012_264668,1
228012_34084,1
228012_3569,1
228012_289948,1
228012_274758,0
228013_91997,0
228013_103181,0
228013_24556,1
228013_137818,0
228013_71316,0
228013_209699,0
228015_249827,0
228015_99060,0
228015_288329,1
228015_67942,1
228015_78259,0
228015_64763,1
228018_73524,1
228018_172740,0
228018_173038,1
228018_235471,1
228018_242681,1
228018_217536,1
228019_255925,1
228019_182840,1
228019_150146,1
228019_184969,1
228019_146361,0
228019_152649,1
228020_244947,1
228020_164591,1
228020_225799,0
228020_131921,1
228020_130023,0
228020_30008,0
228023_92449,0
228023_13947,0
228023_140348,0
228023_275024,0
228023_172449,0
228023_61015,0
228024_181083,1
228024_115449,1
228024_161123,1
228024_261450,1
228024_132159,1
228024_222892,1
228025_249611,1
228025_232760,1
228025_262942,1
228025_59211,1
228025_138963,0
228025_104483,1
228026_2073,0
228026_103870,1
228026_7031,1
228026_92112,1
228026_285353,0
228026_72192,0
228028_121210,0
228028_170773,0
228028_64402,0
228028_190549,0
228028_119532,0
228028_181505,0
228030_151866,1
228030_210744,1
228030_54718,0
228030_167873,1
228030_229415,1
228030_97613,1
228036_66685,1
228036_59487,0
228036_293108,1
228036_115342,0
228036_90778,0
228036_72818,1
228037_5844,0
228037_212582,1
228037_29894,1
228037_61846,0
228037_82749,1
228037_250988,1
228044_246924,1
228044_151926,1
228044_111746,0
228044_206561,0
228044_194798,0
228044_250838,0
228045_50755,1
228045_62239,0
228045_208301,0
228045_17790,0
228045_244317,0
228045_41744,0
228046_211236,0
228046_62094,0
228046_132003,0
228046_1414,0
228046_189973,0
228046_59009,0
228048_153606,0
228048_90414,0
228048_167873,0
228048_261596,0
228048_26851,1
228048_124791,0
228050_192439,0
228050_227397,0
228050_82563,0
228050_25353,0
228050_59674,1
228050_292763,1
228053_243646,0
228053_233832,0
228053_41484,0
228053_293535,0
228053_89746,0
228053_268382,0
228054_186259,0
228054_208182,0
228054_235584,1
228054_3795,1
228054_162728,1
228054_67994,0
228055_148463,1
228055_275559,1
228055_291750,1
228055_250816,1
228055_56564,1
228055_80757,1
228056_55505,1
228056_203679,1
228056_106415,0
228056_218836,0
228056_184467,0
228056_86733,1
228057_40326,0
228057_84462,1
228057_225510,0
228057_63542,1
228057_50079,0
228057_8192,0
228060_99683,1
228060_224482,0
228060_263847,0
228060_176125,1
228060_187907,1
228060_93412,0
228064_151924,1
228064_240586,1
228064_35987,0
228064_59510,1
228064_110114,1
228064_249416,0
228069_123209,0
228069_29894,1
228069_97281,0
228069_164388,0
228069_117898,0
228069_272332,0
228075_2425,1
228075_228366,0
228075_168387,1
228075_208165,0
228075_125054,1
228075_211710,1
228079_206241,1
228079_247777,1
228079_133701,1
228079_86692,1
228079_45150,1
228079_189827,1
228080_185216,1
228080_121769,1
228080_266594,0
228080_181995,0
228080_69369,1
228080_252291,0
228082_214408,0
228082_178162,0
228082_283579,1
228082_153442,0
228082_285380,0
228082_75469,0
228083_5566,1
228083_225800,0
228083_86427,1
228083_123416,1
228083_23851,0
228083_15891,0
228088_246594,1
228088_81470,1
228088_284911,0
228088_140783,1
228088_48891,1
228088_88839,1
228089_194662,1
228089_186266,1
228089_44166,1
228089_187321,1
228089_121579,0
228089_186068,1
228090_278582,1
228090_91475,1
228090_291783,1
228090_122086,0
228090_196949,1
228090_269227,1
228091_91604,0
228091_154168,1
228091_261695,0
228091_16079,0
228091_217337,1
228091_55822,1
228092_171077,1
228092_142764,0
228092_168462,1
228092_107707,1
228092_168347,0
228092_262191,1
228094_159339,0
228094_169120,1
228094_126274,0
228094_260603,0
228094_225495,1
228094_158989,0
228095_29273,0
228095_190555,1
228095_159073,1
228095_236248,1
228095_74096,1
228095_84014,1
228096_171839,1
228096_288091,1
228096_41728,1
228096_213952,1
228096_247777,1
228096_100831,1
228097_166203,0
228097_233728,1
228097_148365,1
228097_221221,1
228097_265735,0
228097_128659,1
228098_68144,0
228098_155188,0
228098_243337,0
228098_279427,0
228098_133906,1
228098_294437,0
228099_119376,0
228099_104422,0
228099_64855,0
228099_188156,0
228099_110928,0
228099_25820,0
228103_283670,1
228103_133957,1
228103_260928,1
228103_172450,1
228103_169120,1
228103_197016,0
228106_196828,0
228106_74642,0
228106_184620,0
228106_190617,1
228106_149815,1
228106_92761,1
228114_74096,1
228114_287390,1
228114_270426,0
228114_249611,1
228114_157348,0
228114_237172,1
228116_191277,0
228116_12106,0
228116_279246,1
228116_19550,1
228116_182284,0
228116_102049,0
228119_79073,0
228119_8379,0
228119_151182,0
228119_215215,1
228119_62824,1
228119_93036,0
228120_96327,0
228120_62869,1
228120_75756,1
228120_116703,1
228120_151190,0
228120_179669,1
228121_149204,1
228121_225862,1
228121_234120,1
228121_112030,1
228121_196133,0
228121_86862,1
228122_12542,1
228122_91788,1
228122_126847,1
228122_53153,1
228122_61843,1
228122_93620,1
228125_39139,0
228125_215158,1
228125_180081,1
228125_85462,1
228125_165097,1
228125_128266,0
228130_71634,1
228130_114804,1
228130_212408,0
228130_155771,1
228130_23480,1
228130_14408,1
228131_152323,0
228131_17156,1
228131_168351,1
228131_225506,0
228131_246946,1
228131_173627,1
228137_116750,0
228137_182596,1
228137_210522,1
228137_96636,0
228137_50721,0
228137_29013,0
228138_206251,0
228138_42927,0
228138_53103,0
228138_272332,0
228138_225319,0
228138_256229,0
228139_78499,1
228139_142747,1
228139_251829,1
228139_197975,1
228139_97283,0
228139_106982,1
228141_96757,1
228141_134456,1
228141_102716,0
228141_75833,1
228141_271287,1
228141_263641,1
228142_108903,1
228142_284320,1
228142_121306,0
228142_220478,1
228142_134788,0
228142_130023,1
228143_264790,0
228143_259141,1
228143_31487,1
228143_171529,0
228143_77871,1
228143_85056,0
228144_201793,1
228144_288422,1
228144_10844,0
228144_189259,1
228144_250809,0
228144_131078,1
228145_85618,0
228145_294233,1
228145_28284,0
228145_145554,1
228145_22755,0
228145_167328,1
228147_173513,0
228147_197858,1
228147_47528,1
228147_7845,1
228147_184514,0
228147_183073,0
228150_110347,1
228150_79713,1
228150_289737,1
228150_14421,0
228150_178502,0
228150_7596,1
228153_244114,1
228153_13482,1
228153_188545,0
228153_37376,1
228153_292630,0
228153_129274,1
228154_233634,0
228154_263584,0
228154_50721,0
228154_91787,0
228154_114465,0
228154_106428,1
228156_295130,1
228156_293798,1
228156_22572,1
228156_77267,0
228156_290701,1
228156_272919,1
228159_210390,0
228159_207239,0
228159_15807,0
228159_218155,0
228159_36048,0
228159_49398,0
228162_151846,1
228162_268974,1
228162_156375,0
228162_11076,1
228162_16818,1
228162_158436,0
228163_287416,1
228163_139514,1
228163_245984,1
228163_236857,1
228163_151503,0
228163_257877,1
228165_99448,1
228165_103861,1
228165_79745,0
228165_171972,0
228165_281016,1
228165_150872,1
228167_68080,0
228167_214979,0
228167_262530,1
228167_273581,1
228167_114942,1
228167_155964,0
228170_54559,1
228170_273581,1
228170_13514,1
228170_200509,1
228170_214812,1
228170_197093,1
228171_83146,1
228171_226961,1
228171_100439,1
228171_23389,1
228171_253858,1
228171_95942,1
228172_74370,1
228172_8217,1
228172_294808,1
228172_83778,1
228172_151926,1
228172_148821,1
228173_39726,1
228173_6626,1
228173_105354,0
228173_164917,1
228173_95933,1
228173_150719,1
228177_103002,1
228177_235023,1
228177_275222,1
228177_259575,1
228177_13258,1
228177_203540,1
228178_219756,0
228178_221421,1
228178_61778,1
228178_251963,1
228178_249908,0
228178_234225,0
228179_209998,0
228179_49904,0
228179_229516,1
228179_152945,0
228179_287136,1
228179_170968,1
228180_284245,0
228180_20340,0
228180_152491,1
228180_196345,0
228180_208108,0
228180_271001,0
228181_293811,0
228181_142715,1
228181_262757,0
228181_204706,1
228181_277936,1
228181_136108,0
228182_141772,1
228182_287748,1
228182_217734,0
228182_150186,1
228182_42676,0
228182_257987,1
228184_146282,1
228184_129512,0
228184_276334,1
228184_254494,0
228184_201191,0
228184_125155,0
228186_123864,0
228186_155250,0
228186_292341,0
228186_8510,1
228186_129467,1
228186_81054,1
228187_111837,0
228187_133617,0
228187_146180,0
228187_120552,0
228187_161331,1
228187_181860,1
228189_188408,0
228189_21548,0
228189_36934,1
228189_76701,1
228189_247413,0
228189_121263,0
228191_279416,1
228191_199310,0
228191_162571,1
228191_108780,0
228191_284477,0
228191_43073,1
228199_20598,1
228199_41854,1
228199_188703,1
228199_53103,1
228199_215335,1
228199_288325,0
228200_13390,0
228200_194450,1
228200_280237,0
228200_32135,0
228200_85777,1
228200_110191,0
228203_256403,1
228203_217435,0
228203_284781,0
228203_111631,1
228203_162942,1
228203_131976,0
228205_259857,0
228205_283265,0
228205_5791,1
228205_180133,0
228205_261123,0
228205_171909,0
228207_218776,1
228207_29084,0
228207_292067,1
228207_79396,1
228207_102120,1
228207_234742,1
228208_80916,1
228208_108759,1
228208_180704,1
228208_222443,1
228208_175250,0
228208_22862,0
228209_16086,0
228209_214812,1
228209_21220,1
228209_121824,1
228209_210390,0
228209_280405,1
228212_64560,1
228212_24876,0
228212_153491,0
228212_263717,1
228212_127078,1
228212_204390,1
228213_66359,1
228213_202681,1
228213_26925,1
228213_75391,0
228213_275881,1
228213_265599,1
228214_211119,1
228214_53199,1
228214_249778,1
228214_46992,1
228214_250273,1
228214_54766,0
228215_155437,0
228215_226291,0
228215_5370,0
228215_120734,0
228215_124073,0
228215_130388,1
228216_218982,1
228216_105779,0
228216_61093,0
228216_121556,0
228216_32193,1
228216_151613,0
228220_121067,0
228220_219463,1
228220_57209,1
228220_235393,0
228220_193254,0
228220_131241,1
228221_142248,1
228221_175560,1
228221_256132,0
228221_261875,1
228221_195664,0
228221_124732,0
228223_39447,1
228223_216663,0
228223_71203,0
228223_211072,1
228223_29214,1
228223_86894,1
228224_39252,1
228224_192093,1
228224_47850,1
228224_254788,0
228224_223381,1
228224_121226,1
228225_91346,0
228225_49889,0
228225_21022,0
228225_138104,0
228225_72387,0
228225_46675,0
228228_138826,1
228228_13822,0
228228_100898,1
228228_96785,1
228228_270793,0
228228_85991,0
228229_112564,1
228229_223536,1
228229_264496,1
228229_62665,0
228229_129274,0
228229_54636,1
228230_259838,0
228230_256229,0
228230_198510,0
228230_44485,1
228230_137281,0
228230_103145,1
228235_15524,1
228235_86266,1
228235_122337,1
228235_18200,1
228235_250313,1
228235_275816,1
228236_168462,0
228236_218238,0
228236_23972,0
228236_261450,0
228236_44210,0
228236_200313,0
228238_176736,1
228238_195878,1
228238_225692,0
228238_6173,0
228238_90834,1
228238_131302,0
228239_198368,0
228239_214693,1
228239_43370,1
228239_193023,1
228239_62052,0
228239_130495,1
228241_114705,1
228241_227397,1
228241_177302,1
228241_211324,1
228241_295635,0
228241_198703,0
228242_202350,0
228242_76748,0
228242_178715,1
228242_66368,1
228242_8217,0
228242_113576,0
228254_75807,0
228254_116733,1
228254_52670,0
228254_293438,1
228254_75249,1
228254_133950,0
228255_272553,0
228255_258754,1
228255_3878,0
228255_169846,0
228255_27427,0
228255_42927,0
228261_279525,1
228261_172614,0
228261_232093,1
228261_124466,0
228261_45712,0
228261_260411,0
228263_59510,0
228263_180370,0
228263_126274,1
228263_232295,0
228263_238389,1
228263_271560,0
228264_249688,0
228264_133381,1
228264_21828,1
228264_130820,1
228264_175279,0
228264_122251,0
228265_44166,0
228265_197144,0
228265_146641,0
228265_49752,0
228265_75322,0
228265_160455,0
228266_201087,0
228266_182224,0
228266_162322,0
228266_263647,0
228266_217705,0
228266_143570,0
228268_65707,0
228268_134323,0
228268_76618,0
228268_259598,0
228268_60526,1
228268_260905,0
228270_151976,0
228270_28159,1
228270_39394,1
228270_135313,1
228270_140955,0
228270_199905,0
228272_222999,1
228272_170641,1
228272_81679,0
228272_238945,1
228272_121245,0
228272_169268,0
228274_220259,1
228274_197350,1
228274_125908,1
228274_134160,1
228274_211428,0
228274_136523,1
228278_7933,1
228278_168800,0
228278_165376,0
228278_136664,0
228278_249880,0
228278_23111,1
228280_283480,0
228280_114635,0
228280_34736,1
228280_133051,0
228280_218056,0
228280_251916,1
228283_273223,1
228283_228541,1
228283_228746,1
228283_220024,1
228283_116646,1
228283_61826,1
228284_148976,0
228284_236153,0
228284_66003,0
228284_175351,1
228284_262846,0
228284_40041,0
228287_99717,1
228287_72176,1
228287_138350,0
228287_52083,0
228287_47961,1
228287_261945,1
228292_295936,0
228292_206615,0
228292_277995,1
228292_34658,1
228292_274078,1
228292_141717,0
228293_237564,0
228293_106482,0
228293_257899,0
228293_153970,0
228293_291697,0
228293_28579,0
228302_125465,0
228302_100669,0
228302_40910,1
228302_44290,1
228302_147069,0
228302_203487,0
228305_238867,0
228305_105788,0
228305_213252,1
228305_220908,1
228305_264496,0
228305_103575,1
228308_249251,0
228308_237493,0
228308_229340,0
228308_270469,1
228308_15876,1
228308_125677,1
228310_215641,0
228310_207121,1
228310_95412,1
228310_249213,0
228310_16662,1
228310_208812,1
228312_166742,0
228312_111014,0
228312_137200,1
228312_264668,1
228312_102112,0
228312_194950,1
228316_64855,1
228316_183298,0
228316_89354,1
228316_275624,1
228316_159496,1
228316_33298,0
228317_232937,0
228317_79141,0
228317_252656,0
228317_267024,0
228317_289911,0
228317_182596,0
228322_105421,1
228322_160137,0
228322_26561,1
228322_66841,0
228322_98681,0
228322_238161,1
228325_273581,1
228325_125032,1
228325_98977,0
228325_19602,0
228325_159339,1
228325_124712,0
228326_154274,0
228326_148522,0
228326_290701,1
228326_50312,1
228326_152491,0
228326_9810,1
228327_207498,0
228327_24338,1
228327_63823,0
228327_265457,0
228327_72925,1
228327_128541,1
228329_150640,0
228329_68649,1
228329_37517,0
228329_46569,0
228329_1434,0
228329_185421,0
228332_6657,0
228332_107322,1
228332_243655,0
228332_201726,1
228332_260982,0
228332_126996,0
228333_60638,1
228333_198890,0
228333_112201,1
228333_96172,1
228333_95594,0
228333_22681,0
228338_114888,1
228338_244283,1
228338_60627,0
228338_66499,1
228338_181465,1
228338_16288,0
228339_188013,0
228339_214979,1
228339_31300,0
228339_290148,0
228339_33035,1
228339_234432,1
228341_294724,0
228341_292096,0
228341_218321,1
228341_46606,1
228341_58702,0
228341_109488,1
228342_47154,0
228342_259571,1
228342_12770,0
228342_214529,1
228342_98395,1
228342_21548,1
228343_231688,1
228343_211192,0
228343_219477,0
228343_244304,1
228343_11413,0
228343_173677,0
228347_215158,1
228347_165847,1
228347_239098,1
228347_11862,1
228347_188589,1
228347_115911,1
228354_125340,0
228354_118767,0
228354_290150,1
228354_212433,0
228354_199818,1
228354_159936,0
228355_52830,0
228355_166108,0
228355_180702,0
228355_282901,0
228355_61941,0
228355_272073,0
228356_34824,1
228356_127826,1
228356_185423,0
228356_64562,0
228356_258944,0
228356_277642,1
228366_133923,0
228366_232322,1
228366_51078,0
228366_173059,1
228366_30515,1
228366_22257,1
228374_122589,0
228374_206195,1
228374_101639,1
228374_203481,0
228374_239212,1
228374_170280,0
228375_162199,0
228375_17316,1
228375_180159,0
228375_224659,0
228375_237203,1
228375_249951,1
228379_100831,1
228379_246130,1
228379_192250,1
228379_65304,1
228379_90442,1
228379_252312,0
228382_282495,0
228382_250008,0
228382_84591,0
228382_279336,1
228382_237027,0
228382_273346,1
228386_9320,0
228386_241077,1
228386_54994,0
228386_212974,0
228386_292304,0
228386_102495,1
228387_106044,0
228387_70788,1
228387_45900,1
228387_164758,0
228387_192100,0
228387_49889,0
228388_169580,1
228388_277844,1
228388_283731,1
228388_102398,1
228388_2397,0
228388_19228,0
228391_49996,0
228391_274897,1
228391_151580,1
228391_89877,0
228391_117082,1
228391_107420,0
228394_204248,0
228394_261844,1
228394_195668,1
228394_13541,0
228394_187532,0
228394_72878,1
228399_282237,0
228399_274521,0
228399_167873,0
228399_152626,0
228399_287422,0
228399_173488,0
228401_31440,1
228401_261824,1
228401_183431,1
228401_106431,1
228401_8379,1
228401_190879,1
228403_227594,1
228403_284835,1
228403_15696,1
228403_116034,0
228403_67509,1
228403_98810,1
228404_92482,1
228404_52855,1
228404_49713,1
228404_24905,1
228404_25261,1
228404_173971,1
228406_180085,0
228406_256827,1
228406_143379,0
228406_169894,1
228406_183591,1
228406_219990,1
228410_151940,0
228410_255065,1
228410_178645,0
228410_145350,0
228410_250273,0
228410_71528,0
228412_128408,1
228412_102452,1
228412_91475,1
228412_22765,1
228412_279014,1
228412_275691,1
228414_116741,1
228414_260175,1
228414_183711,1
228414_172006,1
228414_264496,1
228414_208315,0
228416_199600,0
228416_187650,0
228416_180084,1
228416_253018,1
228416_138809,0
228416_82581,1
228417_137585,0
228417_192375,0
228417_92064,0
228417_150766,0
228417_117728,0
228417_269065,0
228424_169419,1
228424_219295,0
228424_59012,1
228424_6876,0
228424_113187,0
228424_61941,1
228425_220218,0
228425_188589,0
228425_254433,0
228425_262758,1
228425_73203,1
228425_17790,1
228428_57259,1
228428_228861,1
228428_216947,0
228428_212539,0
228428_283904,0
228428_244225,1
228432_41563,1
228432_185422,1
228432_60147,1
228432_116439,1
228432_201957,0
228432_18898,1
228433_176112,0
228433_245658,0
228433_115656,0
228433_6393,1
228433_212592,1
228433_258045,1
228434_290850,0
228434_94258,0
228434_245415,0
228434_104489,0
228434_232322,0
228434_70637,0
228435_121077,0
228435_72875,1
228435_269279,0
228435_119064,0
228435_60913,1
228435_189966,1
228436_8229,0
228436_46818,1
228436_71634,1
228436_241415,0
228436_131030,0
228436_12079,1
228437_235687,0
228437_247218,1
228437_265027,0
228437_292527,0
228437_161413,0
228437_267145,0
228439_102158,0
228439_93084,1
228439_144251,1
228439_143570,1
228439_188703,1
228439_26244,1
228443_107829,1
228443_46036,0
228443_178009,0
228443_40041,1
228443_278659,0
228443_158066,0
228444_92910,0
228444_56288,1
228444_91585,0
228444_85674,1
228444_228891,1
228444_159869,1
228445_208751,1
228445_183079,1
228445_91168,1
228445_251427,0
228445_86732,0
228445_165847,1
228446_238559,1
228446_84780,1
228446_85777,1
228446_104034,0
228446_86360,0
228446_60598,0
228451_137251,0
228451_112296,0
228451_62665,1
228451_20960,1
228451_291135,0
228451_106619,1
228452_46756,1
228452_231206,1
228452_232056,1
228452_94419,1
228452_97256,1
228452_228016,1
228455_5191,0
228455_12922,0
228455_188985,0
228455_265963,0
228455_264487,0
228455_157639,0
228457_273182,1
228457_109777,0
228457_67454,0
228457_142978,0
228457_70188,1
228457_104422,1
228459_162625,0
228459_267297,1
228459_143363,1
228459_36338,0
228459_18490,1
228459_146710,0
228463_253265,1
228463_264872,1
228463_239528,1
228463_1744,1
228463_143570,1
228463_246372,0
228465_267211,0
228465_81572,0
228465_138794,1
228465_208598,0
228465_266331,0
228465_285844,0
228467_230421,1
228467_223164,1
228467_203014,1
228467_67593,0
228467_150490,1
228467_148383,0
228475_250753,0
228475_204462,1
228475_239284,0
228475_230677,1
228475_104207,1
228475_183431,0
228477_168585,1
228477_60277,1
228477_275733,1
228477_151585,0
228477_14664,0
228477_197936,1
228478_17245,1
228478_230904,0
228478_124292,1
228478_27428,1
228478_45987,1
228478_152033,1
228479_143929,0
228479_175800,1
228479_83180,1
228479_217529,0
228479_272522,0
228479_188356,1
228480_294798,1
228480_62190,0
228480_139377,0
228480_139607,1
228480_257800,0
228480_133513,1
228488_116601,1
228488_76477,1
228488_31869,0
228488_22704,0
228488_20718,1
228488_78123,1
228489_60276,1
228489_32574,1
228489_124109,1
228489_243655,1
228489_252524,1
228489_78910,1
228490_114588,0
228490_30272,0
228490_268388,1
228490_63431,0
228490_168264,1
228490_87090,1
228494_85436,1
228494_174211,1
228494_116743,0
228494_131585,1
228494_71455,0
228494_246968,1
228495_182604,0
228495_277031,1
228495_225539,0
228495_282493,1
228495_97339,1
228495_194445,0
228496_215036,1
228496_250008,0
228496_191995,1
228496_208328,0
228496_104422,0
228496_278375,1
228500_218496,0
228500_12127,0
228500_140067,0
228500_277671,1
228500_10534,1
228500_217557,1
228502_191932,0
228502_41444,0
228502_17645,1
228502_123328,1
228502_104463,1
228502_240173,0
228504_244608,0
228504_181408,0
228504_115095,0
228504_150712,0
228504_6457,0
228504_9297,1
228506_247800,1
228506_293179,1
228506_247416,1
228506_152820,1
228506_232884,0
228506_227051,1
228507_256424,0
228507_276334,0
228507_5844,0
228507_88123,0
228507_256027,0
228507_218956,0
228509_270004,1
228509_122870,1
228509_156111,1
228509_17900,0
228509_23323,0
228509_187117,1
228511_276843,0
228511_291248,0
228511_223559,1
228511_228259,1
228511_284259,1
228511_242675,0
228512_65096,0
228512_258017,0
228512_247218,0
228512_188876,1
228512_74837,0
228512_206236,0
228514_168640,1
228514_22815,1
228514_56154,0
228514_269846,0
228514_7326,1
228514_185260,1
228517_240094,1
228517_283588,1
228517_52519,1
228517_267870,0
228517_213796,1
228517_290038,1
228518_265173,1
228518_209995,1
228518_210656,0
228518_105128,1
228518_172180,0
228518_80984,1
228523_122233,1
228523_2582,0
228523_44675,1
228523_164737,1
228523_232332,0
228523_110173,0
228524_136639,0
228524_210744,1
228524_112391,0
228524_191295,1
228524_193651,0
228524_18645,1
228525_142435,0
228525_100484,0
228525_214212,0
228525_51584,1
228525_263647,1
228525_226935,0
228527_48650,0
228527_178888,0
228527_194984,1
228527_173538,0
228527_256065,0
228527_169307,1
228528_241845,0
228528_77070,1
228528_193596,1
228528_1173,0
228528_92061,0
228528_270559,1
228529_172416,1
228529_37183,1
228529_179578,0
228529_14645,1
228529_171585,1
228529_218885,0
228534_78876,1
228534_105563,1
228534_51933,1
228534_66943,1
228534_44878,1
228534_201611,1
228535_63986,0
228535_273895,1
228535_127596,0
228535_158794,1
228535_267557,0
228535_51122,0
228537_274495,0
228537_200825,0
228537_7917,1
228537_281904,1
228537_269232,0
228537_98031,0
228538_173625,0
228538_108758,1
228538_240914,0
228538_279927,0
228538_97566,0
228538_268432,0
228549_104138,1
228549_261594,1
228549_25327,1
228549_105069,0
228549_43787,0
228549_219896,1
228550_188073,1
228550_129274,1
228550_204660,1
228550_72878,1
228550_179899,1
228550_95980,0
228551_152525,0
228551_101318,1
228551_20033,0
228551_265566,0
228551_131564,1
228551_279943,0
228553_291752,1
228553_131564,0
228553_192960,1
228553_143540,0
228553_5641,1
228553_143670,1
228554_176405,0
228554_127688,1
228554_117,0
228554_37651,0
228554_51914,1
228554_3620,1
228556_174252,0
228556_255924,1
228556_280906,0
228556_184807,0
228556_577,0
228556_279877,0
228557_145592,0
228557_44782,1
228557_231680,0
228557_188408,1
228557_254097,1
228557_226402,0
228562_216047,1
228562_181442,1
228562_95625,1
228562_262140,1
228562_20558,1
228562_142675,0
228564_176751,1
228564_16238,0
228564_39345,1
228564_5233,0
228564_108984,1
228564_273658,1
228566_206878,1
228566_5869,1
228566_124109,1
228566_131453,1
228566_109124,1
228566_239302,1
228569_58946,0
228569_214858,1
228569_100831,1
228569_115856,0
228569_67942,1
228569_279408,0
228572_229393,1
228572_261695,0
228572_206466,0
228572_83187,1
228572_91131,1
228572_74825,0
228573_139745,1
228573_210471,0
228573_256008,1
228573_38708,0
228573_1414,1
228573_116735,0
228574_112650,0
228574_181608,0
228574_90710,0
228574_124712,0
228574_194950,0
228574_160121,0
228577_152133,1
228577_20662,1
228577_47179,0
228577_80564,1
228577_19305,1
228577_114634,1
228579_21680,1
228579_24662,0
228579_73524,1
228579_34157,1
228579_288091,1
228579_63542,1
228582_255048,1
228582_252151,1
228582_3759,0
228582_172030,1
228582_195244,1
228582_295221,1
228585_263044,0
228585_69431,1
228585_49673,1
228585_218206,0
228585_174372,1
228585_99320,1
228586_264735,1
228586_268818,1
228586_35012,1
228586_44675,1
228586_268462,1
228586_99582,0
228589_294038,1
228589_90371,1
228589_273041,1
228589_132179,0
228589_18405,1
228589_207232,1
228591_66741,1
228591_65218,1
228591_46756,1
228591_65696,1
228591_171901,1
228591_130023,1
228592_136982,0
228592_34998,1
228592_250097,0
228592_61427,1
228592_119532,1
228592_277404,0
228594_874,0
228594_117728,1
228594_126692,1
228594_71574,1
228594_289464,1
228594_81561,1
228596_51312,0
228596_269489,1
228596_254634,1
228596_52572,1
228596_140230,1
228596_234852,0
228597_286454,1
228597_156893,0
228597_268984,0
228597_11612,1
228597_62302,1
228597_154413,1
228601_22466,1
228601_53925,0
228601_246794,1
228601_227594,1
228601_267879,0
228601_156584,0
228604_74610,0
228604_70268,0
228604_183723,0
228604_13641,1
228604_217267,1
228604_103558,0
228607_111050,1
228607_1618,1
228607_65071,0
228607_271466,0
228607_196733,1
228607_242034,1
228608_3301,0
228608_276760,1
228608_48961,0
228608_220125,0
228608_15888,0
228608_210865,1
228611_113112,1
228611_12654,1
228611_185295,1
228611_41862,1
228611_174669,1
228611_5844,0
228614_247095,0
228614_113817,0
228614_36641,0
228614_185650,1
228614_218523,1
228614_112507,1
228615_136523,1
228615_140691,1
228615_30978,1
228615_233790,1
228615_157639,1
228615_260961,1
228616_245076,1
228616_243290,0
228616_52617,1
228616_203707,1
228616_34556,0
228616_40736,0
228618_24400,0
228618_66648,0
228618_63183,1
228618_45387,1
228618_280405,1
228618_263647,0
228623_280508,1
228623_247494,1
228623_119294,1
228623_244697,1
228623_112824,1
228623_52447,1
228624_49813,1
228624_202025,1
228624_177585,1
228624_292161,1
228624_62025,0
228624_18515,0
228625_73301,1
228625_166866,1
228625_289855,1
228625_257520,1
228625_258891,1
228625_17490,0
228628_12010,0
228628_196958,1
228628_268310,0
228628_125110,1
228628_108154,1
228628_247413,1
228630_244907,1
228630_84049,1
228630_63975,1
228630_249548,1
228630_284779,1
228630_239956,1
228631_176315,0
228631_292485,0
228631_46036,0
228631_190001,1
228631_52789,0
228631_184588,1
228632_51516,0
228632_215313,0
228632_186862,0
228632_191053,0
228632_65214,0
228632_219767,0
228633_146288,1
228633_69262,1
228633_221294,0
228633_151866,0
228633_155530,0
228633_224615,0
228638_274535,0
228638_119171,1
228638_110954,0
228638_247145,0
228638_70288,1
228638_281033,1
228639_262758,0
228639_244966,0
228639_249137,0
228639_206582,1
228639_263775,0
228639_203908,0
228640_194256,1
228640_208389,0
228640_26005,1
228640_48997,0
228640_215228,0
228640_236465,1
228643_15318,1
228643_184618,1
228643_172184,1
228643_151892,0
228643_123788,0
228643_188126,0
228644_200090,1
228644_10066,1
228644_256863,1
228644_37517,0
228644_233322,1
228644_143565,1
228645_119229,0
228645_278582,1
228645_29228,1
228645_93429,1
228645_164745,1
228645_111608,1
228647_113776,0
228647_230890,0
228647_286863,0
228647_238327,0
228647_226836,1
228647_205231,1
228648_151887,1
228648_32663,0
228648_175928,0
228648_252312,1
228648_46269,1
228648_104511,1
228650_132661,1
228650_83158,1
228650_273201,1
228650_183079,1
228650_129903,1
228650_42375,1
228651_205676,1
228651_292304,1
228651_237239,1
228651_236274,0
228651_73824,1
228651_93553,1
228654_239282,1
228654_192339,1
228654_52702,0
228654_173241,0
228654_109393,1
228654_220929,0
228657_50077,0
228657_238808,1
228657_144775,0
228657_158665,1
228657_27420,1
228657_114488,0
228658_147037,1
228658_267962,0
228658_183347,0
228658_251707,1
228658_122518,0
228658_281925,0
228659_148821,1
228659_16348,0
228659_72469,1
228659_159936,1
228659_143081,1
228659_55250,1
228660_146282,0
228660_185900,1
228660_194192,0
228660_111155,1
228660_237561,0
228660_240094,0
228662_203044,0
228662_38850,0
228662_82327,0
228662_141713,0
228662_178596,0
228662_78078,1
228665_152866,0
228665_30902,0
228665_224544,0
228665_184940,1
228665_115579,0
228665_20566,0
228666_144452,0
228666_65276,0
228666_131247,0
228666_51579,0
228666_62341,0
228666_213326,0
228674_7797,1
228674_34490,0
228674_236750,1
228674_200074,0
228674_265682,1
228674_279067,0
228675_78150,1
228675_99726,1
228675_114557,1
228675_222979,1
228675_183298,0
228675_130154,1
228681_129684,1
228681_277102,1
228681_119229,0
228681_236606,0
228681_139809,0
228681_290482,1
228685_71311,0
228685_55575,1
228685_27986,0
228685_282237,0
228685_144463,1
228685_52044,0
228690_262757,1
228690_102112,0
228690_65883,0
228690_292863,1
228690_137780,0
228690_267135,1
228693_60276,1
228693_4303,1
228693_60013,1
228693_245308,0
228693_30272,1
228693_264469,1
228694_57671,0
228694_275563,1
228694_92492,1
228694_246120,1
228694_116597,0
228694_112869,1
228695_210913,0
228695_88872,1
228695_123305,1
228695_173225,1
228695_102452,1
228695_191995,0
228696_120246,1
228696_274580,1
228696_219813,1
228696_102082,0
228696_112824,1
228696_291985,1
228701_147517,1
228701_150974,1
228701_63628,0
228701_88839,1
228701_108078,1
228701_206734,1
228708_8879,0
228708_281842,0
228708_31009,0
228708_6426,1
228708_152941,1
228708_20406,1
228714_226579,1
228714_61829,1
228714_107956,1
228714_205235,1
228714_23145,1
228714_155217,1
228716_169839,1
228716_271310,0
228716_52447,1
228716_50417,0
228716_63340,1
228716_182009,1
228719_108365,0
228719_80595,1
228719_117653,1
228719_18225,0
228719_83605,0
228719_158665,0
228722_39841,0
228722_74096,1
228722_129932,0
228722_61335,0
228722_160186,0
228722_26617,1
228724_92874,0
228724_28086,1
228724_24078,1
228724_184347,0
228724_21680,1
228724_27767,1
228725_190761,0
228725_285776,0
228725_2538,0
228725_262520,1
228725_28325,1
228725_158908,1
228726_132105,1
228726_81561,1
228726_88283,1
228726_106644,1
228726_251902,1
228726_24822,1
228728_9810,1
228728_294362,0
228728_281844,0
228728_129601,0
228728_230239,1
228728_281562,1
228730_204560,1
228730_180704,1
228730_152376,1
228730_294340,1
228730_268900,1
228730_174660,1
228733_185571,0
228733_149971,0
228733_23564,1
228733_212837,1
228733_153183,0
228733_254476,1
228735_196975,1
228735_127195,1
228735_272573,0
228735_63767,1
228735_104668,1
228735_267135,1
228737_219532,0
228737_16374,0
228737_267803,0
228737_101321,0
228737_273340,0
228737_112869,0
228739_157425,1
228739_51234,1
228739_120633,0
228739_96591,0
228739_92874,0
228739_236320,1
228743_114225,0
228743_9301,1
228743_224197,0
228743_204714,1
228743_154351,1
228743_250410,1
228748_275684,0
228748_121609,0
228748_182006,0
228748_120207,0
228748_48945,0
228748_100466,0
228749_58978,1
228749_197975,1
228749_120637,1
228749_267359,1
228749_179483,1
228749_12922,1
228750_101872,1
228750_131635,1
228750_176757,0
228750_121053,1
228750_190065,0
228750_122613,1
228754_27090,0
228754_83251,0
228754_234937,0
228754_255413,0
228754_15168,1
228754_169172,1
228756_7031,1
228756_137479,0
228756_172093,1
228756_105859,1
228756_79296,1
228756_52787,0
228757_106912,0
228757_278659,1
228757_265026,1
228757_107720,0
228757_182965,1
228757_187048,1
228758_163106,1
228758_86038,0
228758_98027,0
228758_40027,0
228758_95618,0
228758_196883,1
228765_250273,1
228765_254625,1
228765_56285,1
228765_75961,0
228765_112142,1
228765_160169,0
228768_91301,1
228768_231218,0
228768_245995,1
228768_248465,0
228768_280505,0
228768_279759,1
228769_144993,1
228769_83160,1
228769_192476,0
228769_278582,1
228769_86989,0
228769_122406,0
228771_264442,1
228771_7913,0
228771_44882,0
228771_245102,0
228771_112211,0
228771_177409,1
228778_247218,1
228778_159603,1
228778_17184,1
228778_52454,1
228778_284201,0
228778_117082,0
228779_214746,0
228779_122233,0
228779_73903,1
228779_58511,1
228779_207704,0
228779_114072,1
228781_244404,0
228781_76888,1
228781_179433,1
228781_241015,0
228781_289224,1
228781_229981,0
228783_108931,1
228783_141937,1
228783_249560,0
228783_30494,1
228783_84625,0
228783_172688,0
228784_23710,1
228784_237258,0
228784_272774,0
228784_166980,1
228784_222928,0
228784_36008,1
228785_51215,1
228785_164896,0
228785_179591,0
228785_245888,1
228785_136523,1
228785_134510,1
228786_148181,0
228786_121695,0
228786_72818,0
228786_225329,0
228786_108173,1
228786_226320,0
228790_63855,1
228790_9079,1
228790_193893,1
228790_128774,0
228790_206885,0
228790_33765,0
228792_212547,0
228792_31200,1
228792_113524,0
228792_104424,1
228792_129274,1
228792_72208,0
228795_80572,1
228795_25795,0
228795_105839,1
228795_120535,1
228795_163317,1
228795_294186,1
228797_287949,1
228797_189849,0
228797_262192,1
228797_109024,1
228797_237989,1
228797_74296,1
228801_151892,0
228801_246238,0
228801_251819,0
228801_193774,0
228801_183592,0
228801_232780,0
228803_271100,0
228803_66952,0
228803_214245,0
228803_267359,0
228803_119355,0
228803_201249,0
228805_116597,0
228805_60506,0
228805_48407,0
228805_106951,0
228805_8669,0
228805_170344,0
228806_279885,1
228806_47330,1
228806_223191,1
228806_113861,1
228806_213387,1
228806_190294,1
228812_41852,0
228812_98231,1
228812_252206,0
228812_76477,1
228812_188650,1
228812_94650,0
228813_59778,0
228813_281818,1
228813_223368,1
228813_56811,1
228813_29020,0
228813_7180,1
228814_133701,1
228814_237561,1
228814_161083,1
228814_276760,1
228814_267088,1
228814_80992,1
228816_24306,0
228816_216902,1
228816_32392,1
228816_187117,1
228816_146263,1
228816_246898,1
228817_150317,1
228817_26900,1
228817_288344,1
228817_31200,1
228817_194965,0
228817_172416,0
228819_155779,0
228819_118328,1
228819_139956,0
228819_174622,0
228819_31842,1
228819_42316,1
228821_228013,0
228821_38168,1
228821_93055,0
228821_21079,0
228821_7997,0
228821_230358,0
228822_259422,0
228822_233805,0
228822_104207,0
228822_189775,1
228822_275379,0
228822_73557,0
228826_34771,1
228826_279169,1
228826_276828,1
228826_138809,1
228826_167873,0
228826_198038,0
228828_274931,1
228828_15798,1
228828_72387,1
228828_65216,1
228828_113233,1
228828_48446,1
228832_75369,1
228832_110266,1
228832_188432,0
228832_109024,1
228832_51257,0
228832_166118,1
228835_8379,0
228835_30048,0
228835_183261,1
228835_41095,0
228835_58443,0
228835_259900,0
228837_208113,0
228837_253486,0
228837_144963,1
228837_225054,1
228837_50717,1
228837_127691,1
228838_84099,0
228838_41146,0
228838_41407,0
228838_46087,0
228838_283775,0
228838_247915,0
228840_138545,1
228840_96859,1
228840_215620,1
228840_248475,0
228840_226430,0
228840_258965,0
228841_288849,0
228841_178096,1
228841_184929,0
228841_170402,1
228841_43026,1
228841_104424,1
228845_251318,1
228845_196690,1
228845_88791,0
228845_176821,1
228845_69236,1
228845_202477,0
228847_260507,1
228847_268110,1
228847_72718,1
228847_106428,1
228847_192013,1
228847_163104,1
228848_52063,0
228848_28168,0
228848_260209,0
228848_38107,0
228848_127473,1
228848_112418,0
228850_30000,1
228850_45117,0
228850_219794,1
228850_21473,0
228850_217904,1
228850_30956,0
228855_60913,1
228855_55948,1
228855_177642,1
228855_116597,0
228855_61277,1
228855_290719,1
228857_147589,0
228857_214851,1
228857_48275,1
228857_165644,1
228857_160827,0
228857_229885,1
228859_218956,0
228859_226320,0
228859_19099,0
228859_110918,1
228859_268382,1
228859_176004,0
228862_187117,1
228862_235507,1
228862_196470,1
228862_98748,0
228862_239521,1
228862_133112,0
228865_33709,0
228865_122442,1
228865_141300,0
228865_192641,0
228865_63625,1
228865_151043,0
228866_104050,0
228866_119755,0
228866_185813,1
228866_283015,1
228866_165072,1
228866_223256,1
228867_224417,0
228867_110918,0
228867_152843,1
228867_159052,1
228867_73058,1
228867_246130,1
228869_116413,0
228869_135157,0
228869_225974,1
228869_66593,1
228869_6507,0
228869_61826,1
228871_267359,0
228871_238758,0
228871_25939,0
228871_213019,0
228871_30068,0
228871_120535,0
228873_123906,1
228873_3222,1
228873_249003,1
228873_209370,1
228873_194594,1
228873_30609,1
228874_129596,1
228874_151492,1
228874_254092,1
228874_229053,0
228874_218702,1
228874_290774,0
228875_257107,0
228875_37880,0
228875_8930,0
228875_78851,1
228875_277160,1
228875_93591,0
228876_211280,0
228876_52384,0
228876_76693,0
228876_236776,0
228876_160905,0
228876_125926,0
228878_263933,1
228878_132598,0
228878_18311,1
228878_205165,1
228878_34658,1
228878_230770,1
228887_42334,1
228887_184364,1
228887_111155,0
228887_34142,0
228887_236914,1
228887_122020,1
228889_211324,0
228889_114730,1
228889_9772,0
228889_72818,1
228889_97093,0
228889_22728,0
228890_218267,0
228890_281818,1
228890_278459,1
228890_283022,1
228890_293337,1
228890_248443,1
228893_151926,0
228893_83187,1
228893_61939,0
228893_137618,0
228893_175481,1
228893_131564,1
228897_74261,1
228897_151268,1
228897_46682,1
228897_191783,0
228897_181039,0
228897_41114,1
228900_124791,0
228900_136304,1
228900_92337,1
228900_240854,1
228900_203189,0
228900_171544,1
228901_21853,1
228901_147237,0
228901_157129,1
228901_135749,1
228901_156293,1
228901_225426,1
228902_113826,1
228902_11000,1
228902_238943,1
228902_129190,1
228902_147080,0
228902_148792,0
228904_287377,1
228904_112929,1
228904_148113,0
228904_111874,1
228904_150186,1
228904_281406,1
228905_130991,1
228905_166131,1
228905_222301,1
228905_190658,1
228905_46850,0
228905_64461,0
228906_2322,0
228906_191060,1
228906_52865,0
228906_205536,0
228906_237745,1
228906_99867,1
228910_76272,0
228910_229508,0
228910_215519,0
228910_290482,0
228910_47194,1
228910_169856,0
228914_255394,0
228914_287714,1
228914_32601,1
228914_62258,0
228914_136129,0
228914_250406,1
228916_286001,0
228916_46842,1
228916_167367,0
228916_123232,1
228916_143941,0
228916_146408,1
228917_250816,1
228917_158665,0
228917_271061,1
228917_44636,0
228917_251785,0
228917_104542,1
228921_289330,1
228921_178423,1
228921_263909,0
228921_31223,0
228921_29667,0
228921_32260,0
228922_271163,1
228922_214746,0
228922_17745,1
228922_124387,1
228922_143081,1
228922_53033,1
228923_164423,1
228923_239282,1
228923_180229,1
228923_17723,1
228923_195853,0
228923_18433,0
228929_105306,0
228929_272907,0
228929_133906,0
228929_170773,0
228929_39296,0
228929_237211,0
228930_200432,1
228930_15387,1
228930_265106,1
228930_242385,0
228930_71059,0
228930_103791,1
228933_55339,1
228933_48711,1
228933_147129,0
228933_60681,0
228933_22436,0
228933_81709,0
228936_134701,0
228936_240763,0
228936_284429,1
228936_81800,0
228936_194950,0
228936_15941,0
228938_159603,0
228938_34470,1
228938_169815,1
228938_273165,0
228938_218713,1
228938_148157,1
228939_222305,1
228939_229365,1
228939_216328,0
228939_263856,0
228939_45219,1
228939_136245,0
228940_75469,0
228940_215994,0
228940_166592,1
228940_252444,1
228940_45150,1
228940_69826,0
228942_230370,0
228942_181232,0
228942_57209,1
228942_241718,1
228942_193496,0
228942_270374,0
228944_64855,1
228944_21576,0
228944_8324,1
228944_66637,0
228944_100758,1
228944_195923,1
228945_47394,1
228945_20312,0
228945_86973,0
228945_217706,0
228945_117949,1
228945_226133,1
228946_89320,1
228946_175144,1
228946_103869,1
228946_225414,1
228946_94498,1
228946_101510,1
228949_33533,1
228949_220125,1
228949_264034,0
228949_255916,1
228949_18910,1
228949_213280,1
228951_93808,1
228951_274169,1
228951_219973,1
228951_20897,1
228951_114459,1
228951_18500,1
228952_150748,1
228952_127834,1
228952_122937,1
228952_214626,0
228952_74968,1
228952_288325,1
228953_274352,1
228953_269951,0
228953_288603,1
228953_40124,0
228953_219188,1
228953_90712,0
228955_220018,0
228955_120535,1
228955_181239,0
228955_141099,1
228955_63703,0
228955_235716,1
228956_292863,1
228956_144816,0
228956_190774,1
228956_103415,1
228956_226560,1
228956_167404,1
228957_87838,1
228957_209776,1
228957_93973,1
228957_186573,1
228957_92591,1
228957_44587,1
228960_77781,1
228960_158785,0
228960_220358,1
228960_199284,1
228960_92055,1
228960_157372,1
228962_38122,1
228962_70431,1
228962_92869,1
228962_93973,1
228962_239594,1
228962_148382,1
228965_252435,1
228965_255767,0
228965_53103,1
228965_43077,0
228965_112449,1
228965_150250,1
228967_84995,1
228967_144993,1
228967_130771,0
228967_178645,1
228967_252262,1
228967_243936,0
228968_270478,1
228968_164081,0
228968_206974,1
228968_77230,0
228968_107060,0
228968_271614,1
228971_124536,0
228971_247256,0
228971_173257,1
228971_185584,0
228971_52617,1
228971_113212,1
228972_87671,1
228972_5205,1
228972_153923,1
228972_9209,1
228972_246219,0
228972_266191,1
228975_31805,1
228975_187117,1
228975_1657,1
228975_247824,0
228975_35555,1
228975_203929,1
228977_230677,1
228977_124009,1
228977_159936,1
228977_290078,0
228977_65938,1
228977_96378,1
228982_64281,1
228982_24456,0
228982_93699,1
228982_267824,1
228982_295555,0
228982_156230,0
228985_101810,1
228985_18067,1
228985_12488,0
228985_213865,0
228985_52941,1
228985_273541,0
228986_196585,0
228986_46242,0
228986_224735,1
228986_274758,0
228986_179970,0
228986_234432,1
228987_277736,1
228987_32226,1
228987_161898,0
228987_104207,1
228987_42375,0
228987_169308,0
228989_143020,1
228989_228996,0
228989_183711,1
228989_269227,0
228989_75153,0
228989_134111,1
228990_102980,1
228990_9209,1
228990_289948,1
228990_228450,0
228990_140019,1
228990_229038,0
228992_248072,1
228992_2535,0
228992_269637,1
228992_31975,1
228992_243168,1
228992_33074,1
228994_211184,1
228994_210865,1
228994_125669,1
228994_111462,0
228994_58433,1
228994_148416,1
228996_59838,0
228996_105097,0
228996_51234,0
228996_170809,1
228996_148406,0
228996_223542,1
228998_10295,0
228998_15876,1
228998_70580,1
228998_61145,0
228998_106428,0
228998_12711,0
229001_37067,1
229001_137926,1
229001_97797,0
229001_67235,1
229001_27668,0
229001_19088,1
229002_161470,1
229002_33163,1
229002_39642,1
229002_113647,1
229002_21593,1
229002_257899,1
229003_200907,1
229003_236979,1
229003_140951,1
229003_229916,0
229003_62926,1
229003_215975,1
229004_51468,1
229004_69797,1
229004_195805,0
229004_272781,1
229004_36990,0
229004_34627,1
229005_286863,1
229005_286476,0
229005_48874,1
229005_252994,0
229005_143524,0
229005_207003,1
229007_19574,1
229007_242102,1
229007_214544,1
229007_95625,1
229007_216902,1
229007_245486,1
229019_207401,0
229019_263302,0
229019_90712,1
229019_182511,0
229019_50702,1
229019_226130,0
229021_158552,0
229021_242809,1
229021_294571,0
229021_33120,1
229021_115598,1
229021_86266,1
229022_264511,1
229022_197919,0
229022_196720,0
229022_276392,0
229022_131564,1
229022_80112,1
229027_127691,1
229027_71402,1
229027_49913,0
229027_45164,0
229027_271794,1
229027_236213,0
229033_223542,1
229033_112508,0
229033_156230,1
229033_266340,1
229033_267965,0
229033_92793,1
229035_114092,0
229035_172449,1
229035_48189,1
229035_271941,0
229035_283321,0
229035_169538,0
229038_7740,0
229038_137353,0
229038_17156,0
229038_61874,0
229038_207932,0
229038_287850,0
229041_271045,0
229041_73094,1
229041_250851,1
229041_187907,1
229041_145946,1
229041_117043,1
229042_56108,0
229042_144591,1
229042_261228,0
229042_17184,0
229042_4726,0
229042_80050,0
229047_221245,1
229047_249183,0
229047_216285,0
229047_252929,0
229047_166608,0
229047_91014,1
229048_84531,0
229048_273338,1
229048_30048,0
229048_257613,0
229048_219318,0
229048_268388,1
229052_196425,0
229052_225885,1
229052_213796,1
229052_285243,0
229052_124712,1
229052_3597,1
229053_185497,0
229053_277995,1
229053_40816,0
229053_69772,0
229053_225426,1
229053_7188,1
229055_2220,0
229055_131415,0
229055_104252,0
229055_22772,1
229055_273188,0
229055_144735,0
229057_61220,1
229057_220478,1
229057_213129,0
229057_239933,1
229057_143962,0
229057_281818,0
229062_68268,1
229062_256995,1
229062_254349,0
229062_59938,1
229062_192814,1
229062_219793,0
229063_150748,1
229063_196345,1
229063_105694,1
229063_17245,0
229063_211106,1
229063_233934,1
229065_139002,1
229065_228016,1
229065_157639,1
229065_262757,1
229065_72192,1
229065_119532,1
229066_103334,1
229066_143536,0
229066_94893,1
229066_116312,1
229066_162372,0
229066_71004,1
229068_44222,0
229068_245711,1
229068_239034,0
229068_205419,0
229068_287221,1
229068_295485,1
229069_199203,1
229069_279521,1
229069_46136,1
229069_102980,1
229069_278897,1
229069_16866,0
229071_34506,0
229071_200132,1
229071_279246,0
229071_129467,1
229071_208656,1
229071_208559,1
229074_244494,0
229074_256445,1
229074_170684,1
229074_126728,0
229074_205438,1
229074_258444,0
229076_57936,0
229076_13371,1
229076_293576,1
229076_129274,1
229076_195582,0
229076_124594,1
229078_158276,1
229078_251819,1
229078_150387,0
229078_40736,0
229078_125831,1
229078_273664,0
229081_161147,1
229081_24681,1
229081_276868,0
229081_274169,1
229081_17609,1
229081_154062,1
229082_215223,1
229082_40722,1
229082_138877,0
229082_257267,1
229082_11375,0
229082_208656,1
229086_50719,1
229086_94258,0
229086_83052,0
229086_247922,1
229086_138104,1
229086_235361,1
229088_144621,0
229088_73818,1
229088_131221,0
229088_95503,1
229088_112142,1
229088_124804,1
229089_168585,1
229089_15524,0
229089_5869,1
229089_154274,0
229089_67267,1
229089_64402,0
229095_8314,0
229095_241059,0
229095_42316,0
229095_244095,0
229095_283862,1
229095_216947,1
229099_210399,1
229099_44250,1
229099_116510,1
229099_231447,0
229099_111972,0
229099_175668,0
229102_236480,0
229102_190154,1
229102_39438,0
229102_79613,1
229102_110246,1
229102_149035,0
229103_47008,1
229103_144811,0
229103_236274,0
229103_264511,0
229103_119229,1
229103_197637,0
229106_197364,1
229106_106176,1
229106_60285,1
229106_159637,1
229106_172022,1
229106_12419,0
229108_160930,1
229108_194633,1
229108_182216,1
229108_51965,1
229108_271623,1
229108_212782,0
229109_227196,0
229109_237718,0
229109_17131,1
229109_260303,0
229109_15759,1
229109_212835,0
229111_178645,0
229111_213865,0
229111_7502,1
229111_168022,0
229111_271070,1
229111_12647,1
229112_32338,1
229112_154736,1
229112_222658,0
229112_24119,0
229112_279246,0
229112_35591,1
229113_141733,1
229113_92516,0
229113_282782,1
229113_229761,0
229113_136822,1
229113_256620,0
229114_162435,1
229114_198874,0
229114_154195,1
229114_159406,1
229114_76295,1
229114_174978,1
229117_63588,1
229117_149194,1
229117_239152,0
229117_177231,0
229117_157853,1
229117_155068,0
229121_135825,0
229121_174288,0
229121_222518,0
229121_177931,1
229121_9772,0
229121_128742,0
229124_30314,1
229124_176586,0
229124_69158,0
229124_77048,0
229124_176795,1
229124_68305,1
229125_26122,0
229125_122802,1
229125_61478,1
229125_9328,1
229125_73978,0
229125_16374,0
229128_84251,0
229128_59578,0
229128_138897,0
229128_31039,0
229128_238018,0
229128_33318,0
229133_29335,1
229133_206582,1
229133_63975,1
229133_269551,0
229133_122862,1
229133_271100,1
229138_161927,0
229138_233827,1
229138_211072,1
229138_72120,0
229138_37161,1
229138_203390,0
229139_46036,0
229139_164130,1
229139_273996,1
229139_287061,1
229139_289553,1
229139_16343,0
229140_131821,0
229140_12431,1
229140_68447,1
229140_295396,1
229140_136453,1
229140_134413,0
229142_210048,0
229142_140310,1
229142_91665,1
229142_70637,1
229142_288807,0
229142_291495,1
229144_56811,1
229144_40136,0
229144_286426,1
229144_86858,0
229144_244283,1
229144_175481,1
229145_170054,1
229145_172052,1
229145_260121,0
229145_224410,1
229145_240478,1
229145_291003,0
229148_14348,1
229148_84696,1
229148_115145,1
229148_68625,0
229148_259310,0
229148_134623,1
229150_1466,1
229150_148158,0
229150_245,1
229150_265240,0
229150_79988,0
229150_28086,1
229151_70470,1
229151_5233,0
229151_96663,1
229151_91782,1
229151_51234,1
229151_295024,0
229152_208571,0
229152_27889,0
229152_112323,1
229152_157760,0
229152_19130,0
229152_139406,0
229154_214955,0
229154_264152,1
229154_182869,1
229154_184835,1
229154_7496,0
229154_91475,1
229160_187238,0
229160_147388,0
229160_220453,1
229160_18233,0
229160_290233,0
229160_254251,1
229161_242201,1
229161_136535,1
229161_150637,1
229161_214629,1
229161_81969,1
229161_255788,0
229162_168652,1
229162_52785,1
229162_172694,0
229162_90970,1
229162_49671,0
229162_242034,1
229163_264152,1
229163_72342,0
229163_248798,1
229163_38907,1
229163_12711,1
229163_178150,0
229165_271794,1
229165_77896,1
229165_272285,1
229165_38287,1
229165_144119,0
229165_281800,1
229168_38287,1
229168_218967,0
229168_244947,0
229168_194353,0
229168_269669,0
229168_71607,1
229169_260057,1
229169_143453,0
229169_195629,0
229169_194069,0
229169_15876,1
229169_47047,0
229170_44557,1
229170_257745,1
229170_23743,0
229170_45262,1
229170_228746,1
229170_119858,0
229171_214809,1
229171_57921,0
229171_89990,1
229171_11594,1
229171_283956,1
229171_198547,0
229175_49270,1
229175_128271,1
229175_7031,1
229175_65938,1
229175_50219,0
229175_128974,0
229176_155101,1
229176_83880,0
229176_241415,1
229176_102112,1
229176_288329,1
229176_103418,0
229178_52195,0
229178_66303,0
229178_254326,1
229178_16990,1
229178_264861,0
229178_167247,1
229179_227913,1
229179_62423,0
229179_163839,1
229179_70188,1
229179_88516,0
229179_76401,1
229180_166484,1
229180_149391,1
229180_54239,1
229180_246130,1
229180_270004,1
229180_271794,1
229182_24055,0
229182_70500,1
229182_245820,1
229182_238389,1
229182_91107,0
229182_111183,1
229183_93148,0
229183_269065,1
229183_61297,0
229183_174466,1
229183_174562,0
229183_119214,1
229191_288857,1
229191_220971,1
229191_150618,1
229191_26076,0
229191_138455,0
229191_101875,1
229193_213280,1
229193_238543,1
229193_150572,1
229193_156387,1
229193_157639,1
229193_138173,1
229198_38425,1
229198_154428,1
229198_135799,1
229198_55252,0
229198_33096,1
229198_286541,0
229204_10875,0
229204_277417,0
229204_133113,0
229204_187048,0
229204_134456,1
229204_63310,0
229205_136910,0
229205_179759,1
229205_63356,1
229205_139441,0
229205_51753,1
229205_249964,1
229210_11855,1
229210_243038,1
229210_226314,1
229210_152465,1
229210_244768,1
229210_168788,1
229212_158986,1
229212_140951,1
229212_174288,0
229212_110067,0
229212_107662,1
229212_146113,1
229213_19005,0
229213_271992,0
229213_45772,0
229213_238665,0
229213_66685,0
229213_232744,0
229217_13805,1
229217_171358,0
229217_235773,1
229217_237622,1
229217_47572,0
229217_105779,1
229220_177998,0
229220_47503,0
229220_37383,0
229220_5207,0
229220_153923,0
229220_271794,0
229222_200574,1
229222_63966,1
229222_75381,1
229222_195230,0
229222_255065,1
229222_264416,1
229223_161341,1
229223_73921,0
229223_75054,0
229223_140951,1
229223_84045,0
229223_103164,1
229224_220732,0
229224_66417,0
229224_162593,0
229224_18306,0
229224_37880,0
229224_180140,0
229230_275453,1
229230_27967,1
229230_9358,0
229230_80678,1
229230_75564,0
229230_68511,0
229231_245787,1
229231_161227,1
229231_71957,0
229231_174452,0
229231_14874,0
229231_133437,0
229232_15715,0
229232_190702,0
229232_40511,0
229232_245835,1
229232_38698,0
229232_31440,1
229233_235311,0
229233_186266,0
229233_189755,1
229233_147802,1
229233_150403,0
229233_188301,1
229236_51963,1
229236_39477,0
229236_283778,0
229236_156679,0
229236_261844,1
229236_17637,0
229237_253783,0
229237_191033,0
229237_190068,0
229237_143565,1
229237_175981,0
229237_249673,0
229238_288566,1
229238_80129,0
229238_145607,1
229238_12277,0
229238_222170,0
229238_2397,0
229240_77007,1
229240_161787,1
229240_146979,1
229240_163568,1
229240_245650,0
229240_149979,1
229241_23543,1
229241_136552,1
229241_26244,1
229241_83546,0
229241_21691,0
229241_25635,0
229245_221371,0
229245_99054,0
229245_37843,0
229245_86733,1
229245_99448,1
229245_186724,0
229247_218301,1
229247_267611,1
229247_151886,1
229247_112543,0
229247_89274,1
229247_235858,0
229249_186831,1
229249_99536,1
229249_150640,1
229249_201169,0
229249_168462,1
229249_53525,1
229250_63463,1
229250_295939,0
229250_14833,1
229250_289451,0
229250_162897,0
229250_47084,1
229252_3069,0
229252_194655,1
229252_185981,1
229252_64170,0
229252_135745,0
229252_277751,0
229253_253717,1
229253_1779,1
229253_26279,1
229253_273848,1
229253_218241,1
229253_278549,1
229254_26351,1
229254_208352,0
229254_234047,0
229254_44141,1
229254_68940,1
229254_143570,1
229255_197934,1
229255_252021,1
229255_268462,1
229255_162649,0
229255_42581,1
229255_58037,1
229257_270918,1
229257_269065,1
229257_26390,1
229257_285790,1
229257_108162,1
229257_133617,1
229258_249847,1
229258_205311,1
229258_115095,1
229258_185423,1
229258_17153,0
229258_173909,0
229260_175092,0
229260_84316,1
229260_57016,1
229260_227397,1
229260_210150,0
229260_267088,0
229261_246022,0
229261_171850,1
229261_244138,0
229261_98031,0
229261_148978,1
229261_246314,1
229263_161822,0
229263_220929,1
229263_93618,0
229263_210979,1
229263_14388,1
229263_51122,1
229264_246923,1
229264_202503,1
229264_214534,0
229264_229564,0
229264_262739,1
229264_263806,1
229266_253035,0
229266_253231,0
229266_116481,0
229266_122337,0
229266_54217,0
229266_44368,0
229270_145221,1
229270_215082,1
229270_99988,1
229270_204709,0
229270_223164,1
229270_21559,1
229274_126578,1
229274_254917,0
229274_207498,1
229274_145121,1
229274_181901,1
229274_131453,1
229281_71455,1
229281_64804,0
229281_80803,0
229281_267557,1
229281_144460,1
229281_232322,1
229282_219956,0
229282_81479,0
229282_37563,1
229282_55015,0
229282_254921,1
229282_228516,1
229283_196431,1
229283_191052,0
229283_66873,1
229283_294251,0
229283_34448,1
229283_139559,1
229285_176515,1
229285_195705,0
229285_229662,0
229285_282523,0
229285_82422,0
229285_144499,1
229287_235389,0
229287_24681,1
229287_53227,1
229287_122207,0
229287_141067,0
229287_157403,0
229291_200333,0
229291_91475,0
229291_227732,0
229291_194950,0
229291_246219,0
229291_34084,0
229293_154887,0
229293_187188,0
229293_27739,0
229293_23599,1
229293_131633,1
229293_249320,1
229294_73818,1
229294_288091,1
229294_282237,1
229294_235716,1
229294_289153,0
229294_261797,1
229299_49288,1
229299_49715,1
229299_187541,0
229299_226392,0
229299_127676,0
229299_116253,1
229301_57777,0
229301_5844,0
229301_14875,0
229301_214722,1
229301_41843,1
229301_133601,1
229302_247218,0
229302_234001,0
229302_93084,1
229302_101847,0
229302_233918,0
229302_46390,0
229304_84099,1
229304_167340,0
229304_102611,1
229304_273270,1
229304_22143,0
229304_191364,1
229306_104422,0
229306_122438,1
229306_14306,1
229306_76477,1
229306_95659,1
229306_100800,0
229312_227219,0
229312_64402,1
229312_261844,1
229312_283805,1
229312_228140,0
229312_179800,0
229313_234732,1
229313_208113,1
229313_73445,0
229313_277867,1
229313_127768,1
229313_252250,1
229315_71132,1
229315_226077,0
229315_200574,1
229315_228181,1
229315_123997,0
229315_13622,1
229318_105515,1
229318_203126,0
229318_52044,1
229318_241154,0
229318_205006,1
229318_94390,1
229319_175800,1
229319_45461,0
229319_120734,1
229319_243924,1
229319_63199,1
229319_153491,1
229320_287206,0
229320_216316,1
229320_138726,1
229320_278442,0
229320_37304,0
229320_172876,1
229325_119739,1
229325_244925,1
229325_5255,0
229325_176750,1
229325_134257,1
229325_241554,1
229327_42375,1
229327_32721,0
229327_235654,0
229327_18067,1
229327_44963,1
229327_195668,0
229331_272575,1
229331_103269,0
229331_293296,0
229331_143527,0
229331_174887,1
229331_255433,1
229335_61099,1
229335_101676,0
229335_234437,0
229335_194142,1
229335_66146,1
229335_35013,0
229336_163198,1
229336_7188,1
229336_195703,1
229336_21493,1
229336_124046,1
229336_226077,1
229338_113135,0
229338_32226,1
229338_129987,0
229338_223060,0
229338_257309,1
229338_129473,1
229339_9229,0
229339_105563,1
229339_151413,0
229339_143925,0
229339_82308,1
229339_111767,0
229341_277867,1
229341_222628,1
229341_76601,1
229341_17748,0
229341_151503,0
229341_96979,0
229344_169408,0
229344_94498,1
229344_206582,1
229344_228013,0
229344_245668,1
229344_65494,1
229347_150827,1
229347_271058,1
229347_241080,1
229347_261910,0
229347_157784,1
229347_218715,1
229349_16374,0
229349_124438,0
229349_15412,1
229349_292863,1
229349_188039,1
229349_63855,1
229355_95030,0
229355_169929,1
229355_72442,0
229355_201748,0
229355_272814,1
229355_261648,0
229356_56421,0
229356_159712,1
229356_262539,0
229356_91287,0
229356_90219,1
229356_67942,1
229357_279997,0
229357_266231,0
229357_70501,1
229357_143801,1
229357_239111,1
229357_43031,1
229361_53865,0
229361_249891,1
229361_50079,0
229361_56240,0
229361_163176,0
229361_252250,1
229363_82738,1
229363_202385,1
229363_53920,0
229363_263710,0
229363_109783,0
229363_263641,1
229369_260191,1
229369_54650,0
229369_268984,0
229369_14034,1
229369_24927,0
229369_13796,1
229370_179578,0
229370_151561,1
229370_204950,0
229370_2429,0
229370_279878,1
229370_294233,1
229371_289330,0
229371_87596,0
229371_245693,0
229371_217378,0
229371_157155,0
229371_154629,0
229375_239826,0
229375_257088,0
229375_198874,0
229375_238892,0
229375_217557,0
229375_241349,0
229381_45171,0
229381_18513,1
229381_295117,1
229381_94659,1
229381_4176,1
229381_88736,0
229382_121703,1
229382_200718,1
229382_121932,1
229382_100900,1
229382_15139,1
229382_33321,1
229384_205294,1
229384_65707,0
229384_238977,1
229384_114554,1
229384_218542,1
229384_279176,1
229385_270530,0
229385_209544,1
229385_169377,0
229385_253373,0
229385_73547,1
229385_119348,1
229387_50237,1
229387_262145,1
229387_272464,1
229387_45902,1
229387_109667,1
229387_282642,0
229390_234502,1
229390_187169,0
229390_154790,1
229390_166264,0
229390_10628,1
229390_45631,1
229394_122129,0
229394_293214,1
229394_150587,0
229394_58525,1
229394_106428,0
229394_8691,1
229396_254092,1
229396_204657,0
229396_241191,0
229396_56301,1
229396_114705,0
229396_146476,1
229398_172420,1
229398_124301,1
229398_9688,0
229398_13495,1
229398_59985,0
229398_77246,1
229400_135537,0
229400_5141,0
229400_122532,1
229400_63532,0
229400_34554,0
229400_194060,0
229403_55599,0
229403_170260,0
229403_118170,0
229403_263499,0
229403_72192,0
229403_30892,0
229409_196760,1
229409_159282,0
229409_29189,0
229409_187348,0
229409_238633,0
229409_239829,0
229410_153275,0
229410_214505,0
229410_275379,0
229410_241966,0
229410_63674,0
229410_46255,0
229414_22228,0
229414_50283,1
229414_34084,0
229414_67539,0
229414_1844,1
229414_62052,0
229415_295555,1
229415_289195,0
229415_160239,1
229415_110067,1
229415_45712,1
229415_37562,1
229418_160640,0
229418_153375,1
229418_80021,1
229418_247777,1
229418_170608,0
229418_38607,0
229419_49793,0
229419_153356,1
229419_265501,0
229419_44368,1
229419_73557,1
229419_84528,0
229422_27929,0
229422_163853,1
229422_13936,0
229422_177654,1
229422_161539,1
229422_81363,1
229423_6314,1
229423_77157,1
229423_261278,0
229423_185766,1
229423_231149,0
229423_245922,0
229425_23561,1
229425_59006,1
229425_193598,0
229425_238637,0
229425_43457,0
229425_103575,1
229426_130747,1
229426_267575,0
229426_19969,1
229426_181361,1
229426_97256,1
229426_288338,0
229427_170506,1
229427_74021,0
229427_32226,1
229427_72878,1
229427_13495,1
229427_126309,1
229428_133588,1
229428_14275,1
229428_90261,1
229428_294892,1
229428_264066,1
229428_271058,0
229438_24970,0
229438_53227,0
229438_270515,0
229438_16721,0
229438_66965,0
229438_260428,0
229439_107322,0
229439_85596,1
229439_60180,1
229439_32586,1
229439_129534,0
229439_286045,1
229440_142289,0
229440_243543,0
229440_172416,1
229440_175144,1
229440_40587,1
229440_23436,1
229442_169310,1
229442_76222,1
229442_266143,1
229442_266933,1
229442_54559,0
229442_134633,0
229443_51569,0
229443_136275,1
229443_202570,0
229443_212301,0
229443_168154,0
229443_183079,0
229444_260905,1
229444_5791,0
229444_76499,0
229444_118690,1
229444_107120,1
229444_135443,1
229445_285034,0
229445_273097,0
229445_69860,0
229445_294289,1
229445_268917,1
229445_111874,0
229446_213533,1
229446_54007,1
229446_72255,1
229446_52855,0
229446_155849,1
229446_81910,1
229452_44878,0
229452_50681,0
229452_266206,0
229452_151595,0
229452_253172,0
229452_32218,0
229454_78499,1
229454_5527,0
229454_71654,1
229454_14896,0
229454_270530,1
229454_110941,1
229457_14388,1
229457_149605,1
229457_129056,0
229457_9390,1
229457_159052,1
229457_184038,1
229459_47008,0
229459_272870,0
229459_280859,1
229459_46369,1
229459_217773,1
229459_104874,1
229460_65181,1
229460_262438,1
229460_268581,0
229460_152882,0
229460_70168,1
229460_26378,1
229461_146536,1
229461_254625,1
229461_279927,1
229461_13981,1
229461_88313,0
229461_46842,1
229463_214159,0
229463_269099,0
229463_223960,1
229463_25772,1
229463_259064,0
229463_55468,1
229464_163570,1
229464_144656,1
229464_238094,1
229464_102452,1
229464_215573,1
229464_176499,1
229465_177881,1
229465_193696,0
229465_282216,0
229465_91629,0
229465_111696,0
229465_290086,0
229468_266501,0
229468_240489,0
229468_1754,1
229468_15270,0
229468_84784,0
229468_68132,0
229469_97461,1
229469_115095,0
229469_110276,0
229469_21593,0
229469_213904,1
229469_142878,0
229470_216052,0
229470_165644,1
229470_69450,1
229470_207963,0
229470_31487,1
229470_277360,1
229472_272036,0
229472_58908,1
229472_251004,0
229472_190549,1
229472_244691,0
229472_73261,1
229473_129095,1
229473_139304,0
229473_46225,1
229473_187556,1
229473_292551,1
229473_137301,1
229476_224775,1
229476_183238,1
229476_274875,1
229476_151535,0
229476_184792,1
229476_8940,0
229481_74876,0
229481_175670,1
229481_112936,0
229481_82912,1
229481_220453,1
229481_188703,1
229482_254382,0
229482_139932,1
229482_55412,1
229482_190294,1
229482_248986,1
229482_66280,1
229483_76274,1
229483_168017,1
229483_243889,1
229483_213274,1
229483_197823,1
229483_275385,0
229484_21529,0
229484_32380,0
229484_71131,0
229484_83093,0
229484_189513,0
229484_42246,0
229487_57118,1
229487_54074,0
229487_61832,1
229487_269619,1
229487_138328,1
229487_148782,1
229489_263852,1
229489_246593,1
229489_41389,0
229489_91145,1
229489_245995,0
229489_281650,0
229490_214382,1
229490_63542,1
229490_132656,1
229490_20747,1
229490_124029,1
229490_176676,1
229491_240900,0
229491_3649,1
229491_289212,0
229491_69703,1
229491_150748,1
229491_269227,1
229492_94893,1
229492_251890,1
229492_333,1
229492_56976,1
229492_273915,1
229492_111618,1
229493_60362,0
229493_183735,1
229493_109778,1
229493_30246,1
229493_30806,0
229493_195585,0
229495_90451,1
229495_4107,1
229495_278223,1
229495_113374,1
229495_237177,1
229495_139787,0
229500_218288,1
229500_225847,1
229500_53466,0
229500_231891,0
229500_132003,1
229500_154402,1
229502_146699,0
229502_107707,1
229502_173087,1
229502_277360,1
229502_142747,0
229502_210625,1
229503_155315,1
229503_9209,1
229503_37161,0
229503_221618,1
229503_70306,0
229503_178370,0
229508_2421,1
229508_66563,0
229508_17386,1
229508_266480,0
229508_59211,1
229508_102716,1
229512_186804,0
229512_236855,0
229512_252656,0
229512_252250,0
229512_207401,1
229512_80589,0
229513_93699,1
229513_145626,1
229513_41700,0
229513_55324,0
229513_80579,0
229513_237622,0
229516_270469,1
229516_125452,1
229516_248267,1
229516_57140,1
229516_77545,0
229516_205311,1
229517_151926,0
229517_12647,1
229517_72035,1
229517_145554,0
229517_180381,0
229517_71402,0
229518_29092,0
229518_80455,1
229518_66491,1
229518_224316,0
229518_143670,0
229518_142828,1
229521_133850,0
229521_230333,0
229521_197939,1
229521_145853,1
229521_111346,0
229521_124712,1
229523_161098,1
229523_17184,0
229523_287671,1
229523_255645,1
229523_188697,1
229523_193210,0
229524_81363,1
229524_76084,0
229524_38744,1
229524_28939,0
229524_79701,0
229524_47684,1
229526_179970,1
229526_209725,1
229526_278190,0
229526_35555,0
229526_219762,1
229526_230906,1
229527_122769,0
229527_52617,0
229527_84140,0
229527_47084,0
229527_127175,0
229527_211241,0
229529_276060,1
229529_171353,0
229529_163853,1
229529_35669,1
229529_200378,1
229529_144925,0
229530_53886,0
229530_253231,1
229530_69129,1
229530_281016,1
229530_292863,0
229530_285034,0
229533_191565,1
229533_195668,1
229533_195854,0
229533_136453,1
229533_74860,1
229533_218145,0
229534_71934,1
229534_245808,0
229534_76135,0
229534_80136,1
229534_149723,0
229534_153610,0
229535_265819,1
229535_45263,1
229535_92869,1
229535_150337,1
229535_939,0
229535_125633,0
229537_115696,0
229537_284647,1
229537_34605,1
229537_118573,0
229537_139767,0
229537_158391,0
229545_136558,0
229545_196955,1
229545_120734,0
229545_180543,1
229545_295024,0
229545_139063,1
229546_69178,0
229546_286019,0
229546_131498,0
229546_115052,0
229546_80864,1
229546_246583,1
229548_37686,0
229548_238687,0
229548_23940,1
229548_227762,0
229548_267550,0
229548_156536,0
229551_26999,0
229551_182520,0
229551_211236,1
229551_198803,0
229551_108395,1
229551_172876,1
229553_36618,0
229553_123220,0
229553_69476,1
229553_13495,1
229553_76477,1
229553_192375,1
229556_106039,0
229556_278313,1
229556_64523,1
229556_182289,1
229556_57311,1
229556_196172,0
229557_24003,1
229557_78734,0
229557_126515,0
229557_166729,1
229557_39659,0
229557_10974,1
229564_102237,1
229564_284058,1
229564_265438,0
229564_287897,1
229564_63528,1
229564_101427,1
229569_200378,1
229569_270737,1
229569_50179,1
229569_135965,1
229569_224189,1
229569_4527,0
229570_20460,1
229570_69797,1
229570_251387,1
229570_201249,0
229570_174649,0
229570_45631,1
229572_7596,0
229572_105237,1
229572_107923,1
229572_189954,1
229572_274796,1
229572_172800,0
229576_256578,0
229576_173822,0
229576_13446,1
229576_242102,1
229576_98818,1
229576_95683,0
229580_276615,0
229580_204801,1
229580_169518,1
229580_178962,1
229580_106125,1
229580_164360,1
229581_19354,0
229581_82308,1
229581_223332,1
229581_248986,1
229581_178008,0
229581_210865,1
229584_22532,0
229584_227769,1
229584_140692,1
229584_155571,1
229584_281938,0
229584_218803,0
229585_280463,1
229585_71832,0
229585_39465,1
229585_74332,0
229585_81577,1
229585_163263,0
229587_171402,1
229587_167812,0
229587_221403,0
229587_206120,1
229587_209776,1
229587_155235,1
229590_94585,0
229590_244504,0
229590_230068,1
229590_107137,1
229590_258045,0
229590_4988,0
229591_215902,1
229591_69050,0
229591_212367,1
229591_181316,1
229591_192439,1
229591_165376,1
229592_173062,0
229592_54093,1
229592_110391,1
229592_149829,0
229592_141772,1
229592_197418,1
229593_94345,0
229593_292161,0
229593_156416,0
229593_16374,1
229593_129243,1
229593_144251,1
229597_228615,0
229597_218864,1
229597_153400,1
229597_142008,1
229597_7031,0
229597_13575,0
229599_92030,1
229599_79141,1
229599_214212,0
229599_44675,1
229599_91966,0
229599_168889,1
229605_238062,0
229605_38015,1
229605_256060,0
229605_19813,1
229605_140145,1
229605_39323,1
229606_1754,0
229606_224337,1
229606_207449,1
229606_272157,1
229606_290555,0
229606_189775,1
229609_298,1
229609_75185,1
229609_134527,0
229609_273201,1
229609_113269,1
229609_283195,1
229613_147517,0
229613_271100,1
229613_137494,1
229613_79419,0
229613_84462,0
229613_70637,0
229614_241266,0
229614_67879,1
229614_219709,1
229614_33195,1
229614_282197,1
229614_36437,1
229617_233609,1
229617_165847,1
229617_260366,0
229617_213132,1
229617_67509,1
229617_139654,1
229618_138355,1
229618_129803,1
229618_65573,1
229618_77608,0
229618_24788,1
229618_225477,1
229620_24681,1
229620_122637,0
229620_214312,1
229620_138545,0
229620_159420,0
229620_216136,1
229622_75592,1
229622_40025,1
229622_14721,0
229622_92087,1
229622_193091,0
229622_157283,1
229624_290238,1
229624_37361,1
229624_70487,0
229624_37960,1
229624_239284,1
229624_141969,0
229625_17184,1
229625_83936,0
229625_176112,0
229625_63737,1
229625_83385,1
229625_264806,0
229626_97902,1
229626_262193,0
229626_233428,1
229626_8225,1
229626_123546,1
229626_278171,1
229627_13811,1
229627_143480,1
229627_32361,1
229627_285043,0
229627_51665,1
229627_250816,1
229629_214212,0
229629_97902,0
229629_181720,0
229629_268810,0
229629_263806,1
229629_174622,1
229630_233974,0
229630_200797,0
229630_16043,0
229630_240451,1
229630_269436,0
229630_50631,0
229632_101094,1
229632_159976,1
229632_27244,1
229632_53578,1
229632_271628,1
229632_200293,1
229636_286499,0
229636_72517,1
229636_66859,1
229636_290591,1
229636_37548,0
229636_277846,0
229639_245808,0
229639_235658,1
229639_262177,1
229639_137794,1
229639_165443,0
229639_267440,1
229642_102611,0
229642_146136,0
229642_165476,0
229642_213432,0
229642_226112,0
229642_12836,1
229643_162546,1
229643_261372,1
229643_212656,0
229643_295118,1
229643_252612,1
229643_11278,0
229645_37825,0
229645_170809,0
229645_129430,0
229645_31440,0
229645_250601,1
229645_33367,0
229647_150,0
229647_168950,0
229647_217590,0
229647_106788,0
229647_61775,0
229647_50982,0
229648_127195,1
229648_49465,0
229648_3569,1
229648_167345,1
229648_144402,0
229648_44561,1
229653_294674,0
229653_177466,0
229653_229189,0
229653_283956,0
229653_123370,0
229653_170101,0
229654_147466,1
229654_283897,0
229654_16367,1
229654_37517,1
229654_81981,1
229654_130097,1
229656_172876,1
229656_70206,0
229656_160012,1
229656_97208,1
229656_139505,0
229656_152491,1
229657_34803,1
229657_222170,1
229657_236433,1
229657_149969,1
229657_177183,1
229657_130673,0
229659_209763,1
229659_290033,1
229659_235208,0
229659_256040,1
229659_219794,1
229659_190068,1
229660_228223,0
229660_261450,1
229660_78132,0
229660_226390,0
229660_65631,0
229660_104542,0
229662_265783,0
229662_253373,0
229662_119755,0
229662_112363,0
229662_120535,0
229662_114700,0
229664_260493,0
229664_214278,1
229664_105828,0
229664_254350,1
229664_129803,1
229664_107049,1
229665_8141,0
229665_181900,1
229665_184410,1
229665_62586,0
229665_55234,1
229665_116055,0
229667_253450,0
229667_214382,0
229667_251130,0
229667_147541,0
229667_31040,1
229667_68101,1
229669_253011,0
229669_86300,1
229669_55085,1
229669_205122,1
229669_154970,1
229669_17882,0
229670_266132,1
229670_50704,1
229670_7669,0
229670_258045,0
229670_163580,1
229670_78065,0
229671_31638,0
229671_49716,1
229671_244808,1
229671_56619,0
229671_292863,0
229671_89619,0
229672_3178,1
229672_157802,1
229672_283362,1
229672_153591,0
229672_96775,1
229672_98320,0
229677_57671,0
229677_11799,1
229677_284918,1
229677_263592,0
229677_200057,1
229677_265278,1
229682_176597,1
229682_286863,1
229682_7113,1
229682_11528,0
229682_272652,1
229682_22145,0
229683_260399,0
229683_152229,0
229683_99686,0
229683_149194,0
229683_241488,0
229683_66439,0
229688_114614,1
229688_77805,0
229688_115967,0
229688_156233,0
229688_243450,0
229688_185776,1
229689_60501,0
229689_68213,1
229689_44561,1
229689_86709,0
229689_88248,1
229689_227732,1
229691_3192,1
229691_34436,1
229691_256840,1
229691_79161,0
229691_153291,1
229691_252748,0
229692_41926,0
229692_137063,1
229692_151250,1
229692_277553,0
229692_282147,0
229692_84901,1
229695_282136,0
229695_268336,1
229695_167880,1
229695_263727,0
229695_218174,0
229695_13822,1
229696_148494,0
229696_226050,0
229696_166592,0
229696_3294,0
229696_260036,1
229696_43783,0
229697_200432,1
229697_272575,0
229697_34819,1
229697_202385,1
229697_222443,1
229697_133548,1
229698_146789,0
229698_225677,0
229698_155424,1
229698_123305,1
229698_121810,1
229698_30437,1
229702_230693,1
229702_219422,1
229702_244697,1
229702_241674,0
229702_177982,1
229702_198231,1
229704_263346,1
229704_104422,0
229704_54559,0
229704_44368,0
229704_58026,0
229704_115272,0
229706_193857,0
229706_237211,0
229706_134458,1
229706_137371,0
229706_41340,0
229706_197713,0
229715_110611,0
229715_95239,1
229715_181092,0
229715_288226,1
229715_281374,0
229715_269258,1
229716_180341,1
229716_274352,1
229716_239668,1
229716_30193,1
229716_42334,1
229716_102995,1
229718_130332,1
229718_108161,1
229718_67560,1
229718_240094,1
229718_288404,1
229718_253265,0
229721_70431,1
229721_238559,0
229721_125944,0
229721_177168,1
229721_267848,0
229721_139421,0
229722_194220,1
229722_109380,0
229722_229368,1
229722_176515,0
229722_150926,1
229722_149874,0
229728_226434,1
229728_269070,1
229728_163472,0
229728_48954,1
229728_131564,1
229728_120603,1
229732_29354,1
229732_65573,0
229732_34407,1
229732_3109,0
229732_204632,1
229732_125465,1
229736_101473,0
229736_35752,1
229736_222928,1
229736_117706,1
229736_195439,1
229736_79107,0
229738_59211,0
229738_84969,1
229738_245995,0
229738_245726,0
229738_250768,1
229738_227105,1
229741_136245,0
229741_260829,0
229741_223572,0
229741_217557,1
229741_124587,1
229741_104708,0
229742_26406,1
229742_173216,1
229742_78158,0
229742_97902,0
229742_233372,1
229742_270063,0
229743_292266,0
229743_203540,1
229743_93084,1
229743_295343,1
229743_93353,1
229743_113252,1
229746_227770,0
229746_148978,0
229746_80399,0
229746_192727,0
229746_189827,0
229746_76477,0
229748_183338,0
229748_73261,1
229748_200917,0
229748_33195,0
229748_66803,0
229748_24890,0
229751_101214,0
229751_215208,1
229751_193069,1
229751_232839,0
229751_66943,1
229751_15821,1
229753_286151,0
229753_219793,1
229753_138809,1
229753_75977,1
229753_31165,0
229753_89595,0
229757_66368,1
229757_24185,0
229757_23104,1
229757_154463,0
229757_124640,1
229757_112275,1
229763_144833,0
229763_227586,0
229763_226889,0
229763_78799,0
229763_133616,0
229763_242030,0
229764_252508,1
229764_243604,1
229764_215158,1
229764_198607,1
229764_250267,1
229764_102519,1
229766_159936,1
229766_152008,1
229766_31326,0
229766_291754,1
229766_260175,1
229766_120037,1
229767_217557,0
229767_290150,1
229767_230677,0
229767_271508,1
229767_108835,1
229767_283306,0
229768_12960,0
229768_255155,0
229768_184703,0
229768_123323,0
229768_261466,0
229768_214768,1
229771_137305,1
229771_86300,1
229771_109024,0
229771_154300,0
229771_265470,0
229771_63516,1
229772_47259,1
229772_144882,0
229772_113155,1
229772_227416,0
229772_141772,1
229772_17022,0
229773_266150,0
229773_52617,0
229773_247465,0
229773_289978,0
229773_192645,0
229773_275816,1
229776_150640,0
229776_163511,0
229776_184055,0
229776_73094,1
229776_42530,1
229776_150618,1
229777_79604,1
229777_223276,1
229777_8244,1
229777_43837,1
229777_18689,1
229777_226093,1
229779_25437,1
229779_103437,0
229779_243026,1
229779_138021,0
229779_165237,1
229779_87952,1
229780_56510,1
229780_74096,1
229780_197995,1
229780_66790,1
229780_273400,1
229780_119994,0
229783_177483,1
229783_271030,1
229783_5846,0
229783_55,1
229783_71117,0
229783_153565,0
229784_216888,1
229784_75858,0
229784_45223,1
229784_47612,0
229784_7596,1
229784_63680,1
229785_1618,1
229785_229714,1
229785_30120,1
229785_75010,1
229785_125718,1
229785_44874,1
229787_73524,0
229787_289477,0
229787_73043,0
229787_1114,0
229787_244079,0
229787_173677,0
229789_58100,1
229789_217557,1
229789_125012,0
229789_166072,1
229789_138040,1
229789_2181,0
229792_210679,1
229792_179134,0
229792_10740,0
229792_131241,1
229792_177245,0
229792_43077,1
229797_66989,1
229797_62796,1
229797_114265,1
229797_56619,1
229797_35142,1
229797_63344,0
229799_194797,1
229799_49585,1
229799_163853,1
229799_42929,0
229799_235118,0
229799_223204,1
229802_169117,0
229802_67247,0
229802_34597,0
229802_168902,1
229802_42036,1
229802_293153,1
229804_132656,1
229804_99329,1
229804_41704,0
229804_73959,1
229804_277309,1
229804_235973,1
229805_55324,0
229805_89182,0
229805_110171,0
229805_291238,1
229805_109148,0
229805_291338,0
229808_79147,1
229808_191053,1
229808_157784,0
229808_119744,1
229808_271783,1
229808_257442,0
229813_292678,1
229813_213796,1
229813_46412,1
229813_281569,0
229813_173657,0
229813_92843,1
229815_96378,1
229815_139238,0
229815_162690,1
229815_175495,1
229815_42724,0
229815_183872,1
229816_217557,1
229816_56368,1
229816_294494,1
229816_3506,1
229816_91665,1
229816_111092,1
229818_277470,0
229818_66685,0
229818_40374,1
229818_256736,0
229818_169505,1
229818_239570,1
229825_29732,0
229825_58374,0
229825_118035,0
229825_126818,0
229825_139002,0
229825_226950,0
229826_28714,0
229826_208526,0
229826_230910,1
229826_6876,1
229826_39947,1
229826_9373,0
229827_179502,0
229827_41057,0
229827_13049,0
229827_256977,0
229827_116312,1
229827_183431,1
229830_242397,1
229830_286500,0
229830_108560,0
229830_256248,0
229830_54263,1
229830_136710,0
229832_118824,0
229832_6064,1
229832_143892,1
229832_144605,0
229832_152525,1
229832_280405,0
229834_67441,1
229834_134158,1
229834_279408,0
229834_51665,1
229834_95256,0
229834_77452,1
229835_281141,1
229835_10206,0
229835_147722,1
229835_181774,0
229835_81557,1
229835_152981,1
229837_209044,0
229837_252363,0
229837_288689,0
229837_58525,0
229837_217173,0
229837_117920,0
229841_112163,1
229841_155755,1
229841_162725,1
229841_154022,1
229841_27686,0
229841_110014,1
229842_136343,1
229842_206241,0
229842_16916,1
229842_166193,0
229842_266657,1
229842_279927,0
229848_156827,1
229848_238633,1
229848_39252,1
229848_281818,1
229848_261450,1
229848_149600,0
229849_170991,1
229849_192661,0
229849_21593,0
229849_151926,0
229849_177760,1
229849_207754,0
229857_288337,0
229857_131608,1
229857_170894,1
229857_129467,1
229857_61975,0
229857_229546,0
229859_289058,0
229859_268554,0
229859_76988,1
229859_126992,1
229859_101741,0
229859_205620,1
229861_183227,1
229861_129476,1
229861_85681,0
229861_124804,1
229861_135319,1
229861_93194,0
229862_171151,1
229862_74296,1
229862_234502,1
229862_288536,1
229862_247598,0
229862_198231,1
229863_289330,1
229863_8596,1
229863_37844,1
229863_30203,1
229863_137768,0
229863_232857,0
229872_204169,0
229872_32275,1
229872_190770,1
229872_32141,1
229872_122580,1
229872_156930,0
229875_256675,0
229875_107144,1
229875_231570,0
229875_265629,0
229875_226320,1
229875_38557,1
229878_175714,1
229878_174252,1
229878_257442,1
229878_180533,1
229878_145698,0
229878_172779,1
229879_178879,0
229879_240994,0
229879_2129,0
229879_17271,0
229879_48137,1
229879_289221,0
229882_228469,1
229882_175670,1
229882_218155,1
229882_35612,1
229882_286001,1
229882_267611,1
229884_161244,0
229884_147523,1
229884_39754,1
229884_167167,1
229884_183768,0
229884_46842,0
229885_70645,1
229885_191805,1
229885_132209,1
229885_152346,0
229885_241357,1
229885_103713,1
229886_197987,0
229886_105997,1
229886_278184,0
229886_192165,0
229886_38698,0
229886_168274,0
229887_152209,1
229887_39253,1
229887_212763,0
229887_122434,0
229887_124865,0
229887_284989,1
229893_210854,1
229893_237785,1
229893_22687,1
229893_283250,1
229893_77154,1
229893_77558,1
229895_169854,1
229895_9812,0
229895_111631,1
229895_217381,0
229895_191330,1
229895_209181,1
229898_149762,0
229898_249052,1
229898_20515,0
229898_158665,1
229898_114421,0
229898_37960,1
229903_34084,0
229903_218715,0
229903_223164,1
229903_32792,1
229903_92027,0
229903_31082,0
229904_50278,0
229904_152039,0
229904_86038,0
229904_152820,0
229904_188954,0
229904_215158,0
229908_269833,0
229908_137128,1
229908_268019,1
229908_29806,0
229908_148578,0
229908_246261,1
229910_179993,1
229910_162856,1
229910_249778,1
229910_143283,1
229910_33225,1
229910_153492,0
229911_256832,1
229911_263727,1
229911_143576,0
229911_295565,1
229911_57922,0
229911_37562,1
229914_174669,1
229914_54636,1
229914_97011,0
229914_116936,0
229914_277753,1
229914_157760,0
229915_178913,0
229915_236498,1
229915_41728,0
229915_159840,1
229915_108697,1
229915_142743,0
229916_84099,0
229916_224954,0
229916_239829,1
229916_269227,1
229916_19543,1
229916_15924,1
229918_94705,0
229918_79121,0
229918_14123,1
229918_102735,1
229918_154982,0
229918_192785,0
229923_32417,1
229923_220393,0
229923_97887,1
229923_103586,1
229923_191420,0
229923_21593,0
229924_268818,1
229924_31300,1
229924_209370,0
229924_165136,1
229924_45147,1
229924_196345,1
229927_105049,1
229927_242852,0
229927_31440,1
229927_273383,0
229927_85777,1
229927_213072,1
229929_40416,0
229929_128595,1
229929_48703,1
229929_100359,1
229929_59414,0
229929_213418,0
229930_282862,0
229930_63625,1
229930_106788,1
229930_84772,0
229930_203232,1
229930_238389,0
229933_77348,1
229933_118688,1
229933_237727,1
229933_146389,1
229933_192245,1
229933_245007,1
229934_223290,0
229934_159976,1
229934_107591,0
229934_278582,1
229934_218715,1
229934_275274,1
229935_79029,1
229935_53108,1
229935_295428,0
229935_103055,1
229935_237622,1
229935_45355,1
229937_293232,0
229937_75526,1
229937_14776,1
229937_67158,1
229937_269939,1
229937_129019,0
229938_196720,1
229938_41686,1
229938_189572,1
229938_15201,1
229938_242960,1
229938_60809,1
229940_188800,0
229940_128192,0
229940_152732,1
229940_152820,1
229940_156179,0
229940_278152,1
229942_54911,1
229942_10179,0
229942_99123,1
229942_223015,0
229942_204204,0
229942_220272,1
229943_30508,1
229943_137881,1
229943_61604,0
229943_79655,0
229943_154209,0
229943_123721,1
229944_247129,0
229944_117898,0
229944_137479,0
229944_197571,1
229944_13524,1
229944_276392,1
229945_111904,0
229945_220528,0
229945_129467,0
229945_19101,0
229945_58082,1
229945_15598,1
229947_34131,1
229947_17497,1
229947_10880,1
229947_39465,1
229947_294935,1
229947_90085,1
229948_224264,0
229948_129903,1
229948_263727,1
229948_103254,0
229948_34503,1
229948_276785,0
229950_37384,1
229950_248603,0
229950_78627,1
229950_39477,0
229950_292539,1
229950_135968,1
229951_289526,1
229951_153272,1
229951_209398,0
229951_52855,1
229951_151311,1
229951_165096,1
229952_158316,1
229952_38341,0
229952_74142,1
229952_291281,0
229952_108583,1
229952_196313,0
229957_235716,1
229957_271941,0
229957_285720,0
229957_12003,1
229957_282662,0
229957_145221,1
229958_85724,0
229958_23822,1
229958_37206,0
229958_118129,1
229958_184364,1
229958_251403,0
229959_4019,0
229959_261704,0
229959_96951,1
229959_7698,1
229959_134755,0
229959_205018,1
229965_199112,0
229965_177881,1
229965_110705,1
229965_154086,0
229965_46661,1
229965_188137,0
229969_293337,1
229969_74185,1
229969_32050,0
229969_278223,1
229969_212221,0
229969_193262,1
229973_126692,1
229973_117706,1
229973_230677,1
229973_255925,1
229973_15798,1
229973_107613,0
229976_275024,0
229976_274796,0
229976_213394,1
229976_142844,0
229976_224550,1
229976_283176,1
229977_156913,0
229977_239326,0
229977_133594,0
229977_143734,0
229977_254516,0
229977_191843,0
229978_110276,1
229978_293332,0
229978_126937,0
229978_31303,0
229978_90319,1
229978_281016,0
229981_84812,1
229981_107689,0
229981_25855,0
229981_121591,0
229981_115145,1
229981_172570,0
229982_272907,1
229982_137443,0
229982_206171,0
229982_3415,1
229982_241385,0
229982_120148,0
229984_247852,1
229984_225426,1
229984_185629,1
229984_237439,1
229984_191403,1
229984_289237,0
229985_157694,1
229985_167662,0
229985_105893,1
229985_149390,0
229985_75119,0
229985_228510,1
229986_246046,1
229986_291201,0
229986_116166,1
229986_234779,0
229986_174606,1
229986_175955,0
229989_139981,1
229989_116969,1
229989_280416,1
229989_108546,0
229989_58279,1
229989_72816,0
229991_188201,1
229991_105714,0
229991_142715,1
229991_201673,1
229991_294088,1
229991_23033,0
229993_45649,0
229993_129174,1
229993_288853,1
229993_228699,0
229993_56621,1
229993_58511,0
229996_293748,0
229996_237637,0
229996_143734,0
229996_164941,0
229996_122370,0
229996_253544,0
229998_136343,1
229998_286871,0
229998_206474,0
229998_159497,0
229998_168462,1
229998_238083,1
229999_219127,1
229999_23671,1
229999_11799,1
229999_185523,0
229999_227646,1
229999_10066,1
230000_29611,1
230000_240074,1
230000_95630,1
230000_291238,1
230000_51932,0
230000_85777,1
230004_90735,1
230004_11196,1
230004_10662,0
230004_215141,0
230004_266382,1
230004_91787,1
230005_214212,0
230005_34670,1
230005_281826,0
230005_168785,0
230005_295674,0
230005_138336,0
230015_234432,1
230015_217435,1
230015_129791,1
230015_150772,1
230015_132035,0
230015_68360,1
230022_175800,0
230022_145607,0
230022_78437,0
230022_241845,0
230022_2675,0
230022_132424,0
230024_105075,0
230024_51665,1
230024_267480,1
230024_230977,1
230024_214221,1
230024_83217,0
230026_41041,1
230026_139135,1
230026_203428,1
230026_125970,1
230026_186529,1
230026_16078,1
230029_278994,1
230029_13495,1
230029_233293,0
230029_243889,0
230029_30731,0
230029_142075,1
230030_182869,0
230030_135844,1
230030_36618,0
230030_56437,0
230030_170214,1
230030_176837,1
230042_51219,0
230042_223689,0
230042_227897,1
230042_10206,1
230042_214722,1
230042_276973,1
230045_47025,0
230045_103341,1
230045_74502,1
230045_270394,0
230045_267275,0
230045_220358,0
230050_49798,1
230050_115663,0
230050_178578,0
230050_4114,0
230050_141550,0
230050_163244,1
230055_106094,0
230055_55258,1
230055_155570,1
230055_262257,1
230055_136949,0
230055_31960,1
230059_5844,1
230059_73956,0
230059_23346,0
230059_199649,1
230059_56437,0
230059_219052,0
230064_239825,0
230064_112808,1
230064_120844,1
230064_290340,0
230064_130352,1
230064_209607,0
230065_150190,0
230065_90049,1
230065_11656,1
230065_117185,0
230065_232414,0
230065_168654,1
230069_61939,1
230069_23629,1
230069_40318,0
230069_265278,1
230069_51419,1
230069_243829,0
230072_23094,0
230072_60349,0
230072_32878,0
230072_87671,0
230072_31009,1
230072_144218,1
230073_274264,1
230073_205561,1
230073_107140,1
230073_22993,1
230073_463,1
230073_158859,1
230078_263728,0
230078_254181,1
230078_181965,0
230078_277751,1
230078_275881,0
230078_145221,1
230083_252312,1
230083_184573,1
230083_281695,0
230083_154769,1
230083_268110,1
230083_116743,1
230085_233112,1
230085_232815,1
230085_30318,0
230085_152377,1
230085_70268,0
230085_253265,0
230086_110458,1
230086_140955,1
230086_93510,1
230086_88589,1
230086_192573,1
230086_253848,1
230087_37037,1
230087_213471,1
230087_140465,1
230087_25235,1
230087_141974,0
230087_61946,0
230090_122020,1
230090_257543,0
230090_52956,1
230090_84591,1
230090_52334,0
230090_63674,1
230094_20692,1
230094_291128,1
230094_158833,0
230094_179724,1
230094_11576,1
230094_185650,1
230099_113475,1
230099_285198,1
230099_266415,1
230099_93482,0
230099_141411,0
230099_49737,0
230100_3062,1
230100_224678,1
230100_86225,0
230100_153891,0
230100_284632,0
230100_143983,1
230101_111183,1
230101_88069,1
230101_280163,0
230101_75104,0
230101_213387,1
230101_169484,0
230104_201395,0
230104_241201,1
230104_63437,1
230104_253766,1
230104_102564,1
230104_39623,1
230109_5869,1
230109_176455,1
230109_86614,0
230109_155929,1
230109_249855,0
230109_277867,1
230113_272197,1
230113_35224,1
230113_230811,0
230113_99695,1
230113_256905,1
230113_2939,1
230115_266227,1
230115_228462,1
230115_199497,0
230115_51618,1
230115_50888,0
230115_292488,1
230116_3687,1
230116_160906,0
230116_31165,0
230116_103088,0
230116_204859,1
230116_241912,1
230117_271163,1
230117_234549,1
230117_189192,1
230117_217381,0
230117_139135,1
230117_73817,1
230122_262770,1
230122_226320,0
230122_276230,0
230122_166193,1
230122_179499,0
230122_213415,1
230125_194512,1
230125_276334,1
230125_131957,1
230125_86156,1
230125_199220,0
230125_167278,1
230127_31383,1
230127_68879,1
230127_157001,1
230127_194810,1
230127_40684,1
230127_79299,0
230130_230358,1
230130_177986,1
230130_108855,1
230130_56437,1
230130_256309,1
230130_27075,0
230131_276610,1
230131_201442,0
230131_189673,1
230131_273209,1
230131_268004,0
230131_38708,1
230133_240123,0
230133_29377,0
230133_89518,1
230133_164737,1
230133_93413,0
230133_52044,1
230134_19696,0
230134_265295,1
230134_236089,0
230134_8544,1
230134_26279,0
230134_258891,1
230135_132446,0
230135_21220,0
230135_251729,1
230135_105399,0
230135_20895,0
230135_172175,1
230136_232769,0
230136_33432,1
230136_70729,0
230136_114050,1
230136_61607,1
230136_235507,0
230137_155930,1
230137_256690,1
230137_121593,1
230137_291582,1
230137_137485,0
230137_94355,1
230139_152839,1
230139_123305,1
230139_192725,0
230139_81234,1
230139_153742,0
230139_193003,0
230141_163853,1
230141_89595,1
230141_240478,0
230141_265129,0
230141_281826,1
230141_76477,0
230143_110982,1
230143_21858,0
230143_219002,1
230143_278243,0
230143_157639,1
230143_254625,0
230144_119220,0
230144_203887,1
230144_103394,0
230144_114932,1
230144_291248,1
230144_32226,1
230147_292716,1
230147_271151,0
230147_256735,1
230147_110705,1
230147_255523,0
230147_16593,0
230150_115054,1
230150_190567,1
230150_146407,1
230150_47047,0
230150_221171,0
230150_238638,1
230157_274691,1
230157_87505,1
230157_227397,1
230157_95503,0
230157_55488,0
230157_225414,1
230158_194761,0
230158_292630,0
230158_28872,1
230158_28745,1
230158_244732,0
230158_286633,1
230159_64593,0
230159_123896,0
230159_162728,0
230159_8910,0
230159_194594,0
230159_77875,0
230160_244768,1
230160_186152,0
230160_234732,0
230160_69490,1
230160_224670,0
230160_90973,1
230162_76265,1
230162_191303,0
230162_30550,1
230162_143692,1
230162_192474,0
230162_231906,0
230163_23527,0
230163_125531,0
230163_291338,0
230163_294251,0
230163_93115,1
230163_98000,0
230165_84919,0
230165_236480,0
230165_220478,0
230165_124387,0
230165_102112,1
230165_178133,1
230167_123607,1
230167_239591,0
230167_144424,0
230167_240954,1
230167_100006,1
230167_276512,0
230168_195997,0
230168_39111,1
230168_151627,0
230168_28886,1
230168_215208,1
230168_107073,0
230171_292483,0
230171_281826,1
230171_196755,1
230171_35423,1
230171_268145,1
230171_131453,1
230173_101494,0
230173_17745,1
230173_250640,0
230173_117790,1
230173_102662,0
230173_253912,1
230176_282418,0
230176_256424,1
230176_116355,0
230176_191950,1
230176_257141,0
230176_214212,0
230180_66989,1
230180_26238,1
230180_243015,1
230180_181450,1
230180_14033,1
230180_165847,1
230181_45668,0
230181_225598,0
230181_558,0
230181_4833,0
230181_33622,0
230181_265293,1
230186_104542,1
230186_82014,0
230186_117920,1
230186_48735,1
230186_52079,1
230186_267065,0
230188_214192,1
230188_42628,0
230188_239668,0
230188_96424,1
230188_279208,0
230188_23451,1
230190_5251,0
230190_225777,0
230190_36786,1
230190_72196,1
230190_36734,0
230190_172968,1
230191_41845,1
230191_85428,1
230191_21365,1
230191_32078,0
230191_83168,0
230191_40651,1
230192_147585,0
230192_205370,1
230192_173225,0
230192_86266,1
230192_162334,1
230192_26933,0
230193_90271,1
230193_290018,1
230193_61880,0
230193_104511,1
230193_293606,0
230193_92201,0
230194_61841,1
230194_5254,1
230194_70768,1
230194_104166,0
230194_164912,0
230194_113792,0
230195_138963,0
230195_158203,1
230195_267135,1
230195_206878,0
230195_17008,0
230195_140910,0
230199_268787,0
230199_73241,1
230199_262595,1
230199_114634,0
230199_65731,1
230199_163317,0
230201_273446,1
230201_260081,0
230201_246371,1
230201_133906,1
230201_273831,1
230201_141766,0
230202_176842,0
230202_181701,0
230202_264789,1
230202_102300,0
230202_206582,1
230202_287568,0
230206_101321,1
230206_225174,0
230206_70288,0
230206_112017,1
230206_126464,0
230206_31461,0
230208_172184,0
230208_99316,0
230208_197026,0
230208_294763,1
230208_312,1
230208_104505,1
230211_235014,1
230211_195191,1
230211_265221,0
230211_91629,0
230211_91382,1
230211_98174,0
230214_133805,1
230214_287949,0
230214_193003,1
230214_178645,0
230214_29727,0
230214_105782,0
230215_185900,0
230215_174364,0
230215_32916,1
230215_223597,1
230215_294724,0
230215_48387,1
230217_60913,1
230217_223649,1
230217_256802,0
230217_155611,1
230217_250816,1
230217_238706,0
230218_86038,1
230218_37715,1
230218_3623,1
230218_80992,1
230218_61107,0
230218_174466,1
230220_235143,0
230220_272829,1
230220_139575,0
230220_28371,0
230220_78768,0
230220_72911,1
230225_3399,1
230225_259294,0
230225_20895,1
230225_93762,1
230225_57974,0
230225_119355,1
230226_268055,0
230226_184573,1
230226_99850,1
230226_286717,1
230226_47761,1
230226_254586,1
230228_93616,1
230228_120495,0
230228_221129,1
230228_187655,0
230228_186094,1
230228_256424,0
230229_131564,1
230229_112473,0
230229_225426,1
230229_287013,0
230229_246114,1
230229_146361,0
230230_219973,1
230230_185210,0
230230_214767,1
230230_176430,1
230230_93699,1
230230_216168,0
230231_5994,1
230231_67280,1
230231_263438,1
230231_163223,0
230231_165904,1
230231_53766,1
230232_77875,1
230232_207869,1
230232_57111,1
230232_221298,1
230232_143915,0
230232_38287,1
230238_49319,0
230238_278152,1
230238_295799,1
230238_165332,1
230238_204340,1
230238_183248,0
230239_95549,1
230239_199205,1
230239_220551,0
230239_92301,0
230239_62341,0
230239_248814,0
230240_245668,1
230240_93699,0
230240_73557,1
230240_245384,0
230240_172199,0
230240_244732,1
230242_128595,1
230242_111833,0
230242_291135,0
230242_94661,0
230242_21593,1
230242_81755,1
230245_134971,0
230245_208284,0
230245_239362,0
230245_266566,1
230245_262715,0
230245_236750,1
230246_203568,0
230246_268877,1
230246_164130,1
230246_201216,1
230246_247862,0
230246_98748,1
230250_186561,1
230250_286639,0
230250_85540,1
230250_7287,1
230250_96679,1
230250_273867,0
230251_136980,1
230251_170773,1
230251_212039,1
230251_161474,0
230251_48741,1
230251_64402,1
230255_56334,1
230255_246130,1
230255_121135,0
230255_244642,1
230255_190992,1
230255_165847,0
230257_65830,0
230257_92770,1
230257_73557,1
230257_174375,1
230257_238161,0
230257_52853,1
230265_88371,1
230265_56479,0
230265_269783,1
230265_176586,0
230265_271794,0
230265_24582,0
230266_14464,0
230266_198185,0
230266_9221,1
230266_139157,1
230266_100659,0
230266_16374,1
230268_115095,1
230268_31869,0
230268_139452,1
230268_226320,1
230268_85777,1
230268_254008,1
230270_36567,1
230270_245719,0
230270_76353,1
230270_130614,0
230270_219623,0
230270_289833,0
230271_116618,0
230271_158475,0
230271_32721,0
230271_287593,0
230271_202393,0
230271_80758,0
230272_273996,1
230272_195996,0
230272_93296,1
230272_249638,1
230272_275408,0
230272_270004,1
230274_138834,1
230274_37304,1
230274_234314,1
230274_226365,1
230274_239668,0
230274_260929,1
230278_96819,1
230278_203710,1
230278_230239,0
230278_959,0
230278_45171,1
230278_152229,1
230279_90132,1
230279_99544,1
230279_223862,1
230279_216902,1
230279_139220,1
230279_205018,1
230284_283037,1
230284_15808,0
230284_295478,0
230284_273384,0
230284_42985,1
230284_97007,0
230287_216226,1
230287_47447,1
230287_243041,1
230287_103841,1
230287_88464,0
230287_264806,0
230291_19799,0
230291_97418,1
230291_295833,1
230291_92236,0
230291_239681,1
230291_232450,1
230292_265129,1
230292_45900,0
230292_137237,0
230292_47004,1
230292_92164,0
230292_160843,1
230293_15451,1
230293_25004,0
230293_161830,1
230293_276615,1
230293_281826,0
230293_79665,0
230295_284429,1
230295_41417,1
230295_217173,1
230295_108612,1
230295_193448,1
230295_156913,1
230296_166444,1
230296_79302,1
230296_266508,0
230296_232242,0
230296_23298,1
230296_137794,0
230297_232937,1
230297_245264,0
230297_104542,1
230297_217747,0
230297_15598,1
230297_105664,0
230305_176427,0
230305_190099,1
230305_196904,1
230305_186862,0
230305_183310,0
230305_6797,1
230312_277753,0
230312_172540,0
230312_120563,0
230312_228424,1
230312_292304,0
230312_235011,1
230315_33195,0
230315_291131,1
230315_183955,1
230315_68207,0
230315_85732,1
230315_20124,0
230316_118725,1
230316_202068,0
230316_141921,0
230316_69315,0
230316_31300,0
230316_272720,1
230318_115810,1
230318_277645,0
230318_153410,0
230318_20825,0
230318_228941,0
230318_71340,1
230322_155743,1
230322_263073,0
230322_273270,1
230322_67864,0
230322_176274,1
230322_173007,1
230323_289054,1
230323_230677,1
230323_283575,1
230323_48386,1
230323_13172,0
230323_57974,1
230324_6750,0
230324_127024,1
230324_222892,0
230324_286485,0
230324_199919,0
230324_245548,1
230326_222234,1
230326_236781,0
230326_58625,1
230326_47632,1
230326_288909,1
230326_65680,0
230328_97522,0
230328_216571,0
230328_88115,0
230328_11680,0
230328_254395,1
230328_291302,1
230329_167731,1
230329_188639,1
230329_36934,1
230329_176821,1
230329_135071,1
230329_246550,1
230330_220528,1
230330_59557,1
230330_111183,1
230330_263200,0
230330_105714,1
230330_177183,1
230332_213450,0
230332_183431,0
230332_87279,0
230332_41146,1
230332_276334,1
230332_44556,1
230339_245658,1
230339_70412,0
230339_32050,0
230339_9441,1
230339_278223,1
230339_104980,0
230341_144100,0
230341_255048,1
230341_74879,0
230341_83857,1
230341_202156,1
230341_67509,1
230349_207449,0
230349_20662,1
230349_7264,0
230349_106914,0
230349_128541,1
230349_246110,1
230350_33554,0
230350_220937,0
230350_244578,0
230350_223168,1
230350_51216,1
230350_60884,1
230351_189775,0
230351_99683,1
230351_276958,1
230351_226950,0
230351_149710,1
230351_28538,0
230353_29189,1
230353_161399,0
230353_190268,1
230353_160585,1
230353_43783,1
230353_111956,1
230358_252320,1
230358_96971,0
230358_282999,0
230358_135474,1
230358_159694,1
230358_121931,1
230359_127596,1
230359_105643,1
230359_99399,1
230359_230319,1
230359_41888,0
230359_207656,0
230360_26225,1
230360_33233,1
230360_14275,1
230360_277952,0
230360_185584,0
230360_143557,0
230364_123542,0
230364_36934,1
230364_147970,0
230364_188513,0
230364_287521,0
230364_166288,1
230365_72517,1
230365_127078,1
230365_89767,1
230365_186707,1
230365_125077,1
230365_167873,1
230366_98226,1
230366_95405,0
230366_293409,1
230366_273400,1
230366_278320,1
230366_201740,1
230368_19305,0
230368_207902,0
230368_87168,0
230368_15868,0
230368_81893,0
230368_92761,0
230369_162024,0
230369_271459,0
230369_115110,0
230369_180875,0
230369_102557,1
230369_61277,1
230373_73561,1
230373_93016,1
230373_270633,0
230373_10696,0
230373_146570,0
230373_194759,1
230378_13446,1
230378_224508,0
230378_200217,0
230378_1000,0
230378_141970,0
230378_111346,1
230379_25055,0
230379_153742,0
230379_161690,1
230379_106829,0
230379_207754,1
230379_35008,1
230381_52659,1
230381_248722,0
230381_21279,1
230381_171334,1
230381_20718,1
230381_219751,1
230382_81829,1
230382_12038,1
230382_195601,1
230382_158785,0
230382_206860,0
230382_195566,1
230383_179502,1
230383_159637,1
230383_285034,1
230383_111631,1
230383_6405,1
230383_3040,1
230384_16621,0
230384_262748,1
230384_48220,0
230384_159622,0
230384_80487,1
230384_218021,1
230385_162690,1
230385_65096,1
230385_3916,1
230385_187969,0
230385_238961,1
230385_80255,0
230386_272176,1
230386_127111,0
230386_200381,0
230386_275294,0
230386_138112,1
230386_7902,1
230390_175656,0
230390_61997,1
230390_194188,0
230390_117523,1
230390_234884,1
230390_191683,1
230400_107662,1
230400_171839,0
230400_253143,0
230400_243273,1
230400_67942,1
230400_10717,1
230404_67552,0
230404_114620,1
230404_134629,1
230404_125944,1
230404_96582,1
230404_173803,0
230409_126448,0
230409_71402,0
230409_169856,0
230409_203549,0
230409_200378,0
230409_98734,0
230411_59057,1
230411_115145,1
230411_270672,0
230411_31299,1
230411_290482,1
230411_254756,0
230413_152380,0
230413_120786,0
230413_291128,1
230413_243829,1
230413_140862,0
230413_131453,1
230416_38287,0
230416_78132,0
230416_8673,0
230416_245486,0
230416_159936,0
230416_73557,0
230419_67223,1
230419_182888,1
230419_284984,1
230419_162152,1
230419_161955,1
230419_123367,1
230420_61448,1
230420_280677,0
230420_174788,0
230420_125863,1
230420_85242,1
230420_34354,0
230423_123880,0
230423_12568,0
230423_293108,0
230423_270067,1
230423_110870,1
230423_224003,1
230424_260837,1
230424_262961,0
230424_171092,0
230424_142389,0
230424_228077,0
230424_228782,1
230425_265135,1
230425_202025,1
230425_103992,1
230425_40859,0
230425_191764,0
230425_157486,0
230426_6414,1
230426_139432,0
230426_224135,1
230426_27184,0
230426_171306,0
230426_183248,1
230429_25674,0
230429_121118,0
230429_78682,0
230429_282418,0
230429_228121,1
230429_70588,1
230430_283420,1
230430_239284,1
230430_14133,1
230430_252121,1
230430_12095,1
230430_197418,0
230431_110563,0
230431_17184,0
230431_170773,0
230431_63737,0
230431_250639,0
230431_51260,0
230433_268019,0
230433_150168,1
230433_34205,1
230433_279246,0
230433_274895,0
230433_136209,1
230436_227732,1
230436_185146,1
230436_41728,1
230436_232295,0
230436_173007,1
230436_216497,1
230438_283732,1
230438_45223,1
230438_30096,1
230438_93847,1
230438_279927,1
230438_55958,0
230440_35663,0
230440_75469,1
230440_113707,0
230440_106932,0
230440_194060,0
230440_17882,1
230441_245877,0
230441_238977,1
230441_138893,1
230441_32740,1
230441_38502,0
230441_56260,0
230442_128630,0
230442_12511,0
230442_14638,0
230442_67567,1
230442_268019,1
230442_225329,1
230443_112669,1
230443_135825,1
230443_281818,0
230443_289,0
230443_31200,0
230443_290850,0
230445_77741,1
230445_29894,1
230445_122916,1
230445_92064,1
230445_245186,0
230445_121370,0
230446_30670,1
230446_210900,1
230446_244430,1
230446_196882,1
230446_126886,1
230446_259500,0
230447_44494,0
230447_255982,1
230447_107049,1
230447_86180,0
230447_14565,0
230447_183396,1
230448_115052,1
230448_152820,1
230448_210256,1
230448_166193,0
230448_64323,0
230448_123323,0
230449_41827,1
230449_201449,0
230449_117949,0
230449_112193,1
230449_201115,0
230449_141772,1
230450_245280,1
230450_75639,1
230450_43031,1
230450_210854,1
230450_244283,1
230450_108120,1
230454_114479,0
230454_95625,0
230454_275385,0
230454_171737,1
230454_204457,0
230454_245984,0
230456_95924,1
230456_278215,0
230456_117867,1
230456_18645,1
230456_47326,0
230456_169325,1
230458_57963,1
230458_229594,0
230458_288807,1
230458_264668,1
230458_270164,0
230458_154472,0
230460_7342,1
230460_213387,1
230460_16310,1
230460_126308,1
230460_129056,1
230460_41309,0
230463_267088,1
230463_101847,0
230463_294233,1
230463_151858,1
230463_190092,1
230463_94531,1
230464_168365,1
230464_10843,1
230464_178571,1
230464_241698,0
230464_99584,0
230464_80308,0
230469_163977,0
230469_273931,1
230469_113951,1
230469_275624,1
230469_114185,0
230469_8637,0
230473_1779,1
230473_24992,1
230473_273628,0
230473_92589,1
230473_156642,1
230473_88566,1
230474_131453,1
230474_12476,1
230474_227732,1
230474_142715,0
230474_121267,1
230474_152570,0
230476_108780,1
230476_78336,0
230476_87190,0
230476_32819,0
230476_269279,1
230476_217607,1
230478_87671,1
230478_51783,0
230478_250655,0
230478_279120,0
230478_188339,1
230478_85242,1
230480_20398,1
230480_224658,1
230480_111498,0
230480_125944,1
230480_224337,1
230480_63879,1
230486_23104,1
230486_272666,0
230486_61941,1
230486_131304,0
230486_122337,1
230486_267171,0
230487_97007,0
230487_163807,1
230487_166417,0
230487_51224,1
230487_80328,1
230487_217220,1
230489_10618,0
230489_167873,1
230489_226332,0
230489_255065,1
230489_129684,1
230489_255081,0
230491_122349,1
230491_212495,0
230491_147199,0
230491_10357,0
230491_101404,0
230491_195025,1
230492_123722,1
230492_197570,1
230492_89688,1
230492_94620,1
230492_88833,1
230492_195997,1
230495_108690,0
230495_256009,0
230495_44220,0
230495_251481,0
230495_127691,0
230495_49332,0
230496_246923,1
230496_125612,1
230496_293398,0
230496_116666,1
230496_126060,0
230496_162226,1
230501_286152,1
230501_17422,1
230501_111050,1
230501_180806,1
230501_33603,0
230501_243166,1
230503_210990,0
230503_219726,0
230503_6376,0
230503_83353,1
230503_70788,1
230503_248128,0
230507_233266,0
230507_165215,0
230507_25973,0
230507_293771,0
230507_227005,1
230507_70110,1
230508_185900,0
230508_19969,0
230508_641,1
230508_30048,0
230508_2686,1
230508_11904,0
230511_49139,0
230511_235874,0
230511_249815,1
230511_239109,0
230511_31200,0
230511_220067,0
230514_56775,0
230514_251337,1
230514_240278,1
230514_256990,0
230514_193054,1
230514_123677,0
230515_42557,0
230515_118861,0
230515_184275,0
230515_166193,0
230515_190001,0
230515_181767,0
230518_236770,1
230518_121276,1
230518_122462,1
230518_215975,1
230518_246902,0
230518_210679,1
230520_61335,1
230520_71925,1
230520_261734,0
230520_231943,0
230520_17184,0
230520_272689,1
230522_105487,1
230522_112507,1
230522_61298,0
230522_193774,1
230522_245357,1
230522_126847,1
230523_47916,0
230523_243829,0
230523_71455,1
230523_715,1
230523_155,1
230523_15715,1
230524_173038,1
230524_4220,0
230524_220646,0
230524_256589,1
230524_12476,0
230524_142747,1
230526_111746,0
230526_74024,1
230526_193191,0
230526_30494,1
230526_261372,1
230526_144140,1
230527_166193,0
230527_284501,0
230527_70431,1
230527_137794,1
230527_92019,0
230527_243454,1
230530_6602,0
230530_85123,0
230530_13044,0
230530_264827,0
230530_128250,1
230530_288091,0
230532_31168,1
230532_114265,0
230532_47473,1
230532_279204,0
230532_26774,1
230532_46327,0
230535_173349,0
230535_55559,0
230535_147464,0
230535_288373,0
230535_45223,0
230535_24681,1
230536_141713,1
230536_28837,1
230536_65166,0
230536_125012,0
230536_239282,1
230536_42375,1
230537_42113,0
230537_34470,1
230537_248079,1
230537_175884,1
230537_14542,1
230537_178002,1
230538_197553,0
230538_256866,0
230538_99448,0
230538_249223,0
230538_103969,0
230538_67408,0
230539_23136,1
230539_282093,0
230539_217248,1
230539_232977,0
230539_98305,1
230539_85820,0
230542_165306,1
230542_110754,0
230542_246946,1
230542_152867,0
230542_288543,1
230542_274895,1
230543_259168,0
230543_120328,0
230543_128067,0
230543_145730,0
230543_277360,0
230543_59408,0
230545_286151,0
230545_204679,0
230545_33644,0
230545_42460,0
230545_101868,1
230545_148137,1
230548_120246,1
230548_289367,0
230548_224735,1
230548_225847,1
230548_263806,0
230548_242156,0
230549_174729,0
230549_2830,1
230549_27259,1
230549_161095,0
230549_71638,0
230549_114179,1
230553_219726,1
230553_260404,0
230553_220488,1
230553_244768,1
230553_111151,0
230553_283579,0
230556_86038,0
230556_150772,0
230556_106308,1
230556_203862,0
230556_169954,0
230556_290273,1
230563_92193,1
230563_123813,1
230563_186799,1
230563_254015,1
230563_114920,1
230563_85681,0
230569_283420,1
230569_148982,1
230569_253798,0
230569_147148,1
230569_247946,1
230569_45442,1
230572_72035,0
230572_269227,0
230572_17518,0
230572_125752,0
230572_7031,0
230572_7113,0
230577_10422,1
230577_146507,1
230577_133821,0
230577_159088,1
230577_238763,1
230577_113137,0
230580_133594,0
230580_116905,1
230580_245693,0
230580_223053,0
230580_160454,0
230580_207462,1
230581_106185,1
230581_113224,1
230581_186399,1
230581_155158,1
230581_180704,1
230581_9853,1
230582_231263,1
230582_199909,0
230582_203271,1
230582_59009,1
230582_235828,1
230582_90762,0
230583_177409,1
230583_81141,1
230583_83891,1
230583_193857,1
230583_286593,0
230583_285905,0
230584_233790,0
230584_12277,0
230584_166193,0
230584_177509,0
230584_932,1
230584_95671,0
230585_80339,1
230585_199310,1
230585_13426,0
230585_51670,0
230585_19610,1
230585_105360,1
230586_232343,1
230586_143215,1
230586_15951,1
230586_634,1
230586_232295,1
230586_33495,1
230588_242843,0
230588_12192,1
230588_104945,1
230588_82634,1
230588_122220,1
230588_49046,1
230590_278717,0
230590_68360,1
230590_104422,1
230590_203422,0
230590_151924,0
230590_214776,1
230597_119296,0
230597_87090,1
230597_104422,1
230597_167340,0
230597_102776,1
230597_257185,0
230601_281079,1
230601_187733,0
230601_154860,0
230601_264152,1
230601_184518,0
230601_230167,0
230603_136013,1
230603_124029,0
230603_7859,0
230603_252435,1
230603_120740,0
230603_32231,1
230604_143570,1
230604_173427,1
230604_267135,1
230604_34407,1
230604_47526,0
230604_103570,1
230605_217411,1
230605_26088,1
230605_18837,0
230605_268348,0
230605_160854,1
230605_125691,0
230607_44250,1
230607_199818,1
230607_269704,1
230607_219813,1
230607_130614,0
230607_192652,1
230608_131453,1
230608_62736,1
230608_271100,1
230608_273165,1
230608_196175,1
230608_158404,1
230612_166618,1
230612_126876,1
230612_161901,0
230612_265129,1
230612_9506,0
230612_159035,1
230616_288238,1
230616_138333,1
230616_284119,0
230616_272483,1
230616_57164,0
230616_79998,0
230620_185584,0
230620_126138,1
230620_133411,0
230620_249753,1
230620_185112,1
230620_187117,1
230621_5881,0
230621_91604,0
230621_264667,0
230621_1414,0
230621_85681,0
230621_45124,0
230628_93175,1
230628_225914,1
230628_128855,0
230628_234347,1
230628_216081,1
230628_241133,1
230632_96378,1
230632_286017,0
230632_85914,1
230632_54217,1
230632_14021,1
230632_38015,0
230633_157417,0
230633_90992,1
230633_103457,0
230633_169308,1
230633_64497,0
230633_201869,0
230638_195124,0
230638_114881,0
230638_240352,1
230638_214180,1
230638_70883,0
230638_288732,0
230639_210679,1
230639_106428,1
230639_219422,0
230639_59014,0
230639_93808,1
230639_219934,1
230640_285472,1
230640_247907,0
230640_61587,1
230640_36893,0
230640_214768,1
230640_264941,1
230641_218867,0
230641_87090,0
230641_123642,1
230641_145112,1
230641_85883,0
230641_170370,0
230642_97396,1
230642_108161,1
230642_210841,1
230642_110556,1
230642_122257,1
230642_186270,1
230644_277417,1
230644_165476,0
230644_62536,1
230644_146307,0
230644_39072,1
230644_283022,1
230646_71357,0
230646_128541,1
230646_214966,0
230646_228140,1
230646_86266,1
230646_281016,1
230647_15524,0
230647_73812,0
230647_50573,1
230647_70376,1
230647_50416,1
230647_41728,1
230650_245801,1
230650_43559,1
230650_104034,0
230650_136847,1
230650_206044,0
230650_238831,1
230652_113365,0
230652_199880,0
230652_185497,0
230652_80725,0
230652_77265,0
230652_81673,0
230657_37539,0
230657_96670,1
230657_24547,1
230657_113923,1
230657_9936,1
230657_286184,1
230659_278582,0
230659_15641,0
230659_44995,1
230659_49526,0
230659_132032,1
230659_102452,1
230660_127551,1
230660_210382,0
230660_150772,0
230660_7180,1
230660_273508,1
230660_178659,0
230662_109756,0
230662_87681,0
230662_238023,0
230662_61024,0
230662_162623,0
230662_141921,0
230667_105162,1
230667_39441,0
230667_198105,1
230667_265328,0
230667_168785,1
230667_63855,1
230669_96148,0
230669_48407,0
230669_275408,0
230669_105438,0
230669_132252,0
230669_206126,0
230673_264167,0
230673_56525,1
230673_240854,1
230673_47004,1
230673_230125,1
230673_275314,1
230677_254106,0
230677_267926,1
230677_62045,0
230677_293639,1
230677_145607,0
230677_210701,1
230681_118006,0
230681_55409,0
230681_112564,0
230681_269227,0
230681_233322,1
230681_130023,0
230684_180587,1
230684_188147,1
230684_57625,1
230684_107359,0
230684_46294,0
230684_128562,0
230687_54094,0
230687_53060,1
230687_143660,1
230687_84580,0
230687_60333,1
230687_136453,0
230692_23671,1
230692_260091,0
230692_98116,1
230692_291782,1
230692_100398,1
230692_93626,0
230693_197171,0
230693_24463,0
230693_278660,0
230693_125720,1
230693_66943,1
230693_287383,1
230694_48684,1
230694_293409,1
230694_191183,1
230694_78184,1
230694_192093,0
230694_28975,1
230697_47234,0
230697_205890,0
230697_274802,1
230697_114634,0
230697_210884,0
230697_154668,0
230698_236540,1
230698_131564,1
230698_89731,1
230698_246872,0
230698_56642,1
230698_46339,0
230700_291811,0
230700_67555,0
230700_133769,0
230700_271948,0
230700_249892,1
230700_247494,1
230701_55933,0
230701_69771,0
230701_184084,1
230701_122500,1
230701_102853,1
230701_45356,0
230702_237718,1
230702_23885,1
230702_255916,1
230702_104542,0
230702_96327,0
230702_13404,0
230713_24748,0
230713_185423,0
230713_246883,0
230713_178167,0
230713_278582,0
230713_28452,0
230715_19116,0
230715_16232,0
230715_147403,1
230715_202385,0
230715_184807,1
230715_206026,0
230718_190001,0
230718_156718,0
230718_30325,0
230718_42637,0
230718_168210,1
230718_173007,0
230721_213432,0
230721_20655,1
230721_45900,1
230721_176842,1
230721_159052,1
230721_205006,1
230722_188642,0
230722_2013,0
230722_183769,0
230722_163234,0
230722_47008,0
230722_242066,0
230724_269370,0
230724_13514,1
230724_121932,1
230724_83864,0
230724_224034,1
230724_53964,1
230730_85499,0
230730_205485,1
230730_67906,0
230730_271459,0
230730_188703,0
230730_270526,0
230731_89630,1
230731_160151,0
230731_7055,1
230731_3352,1
230731_143632,0
230731_25269,0
230736_208500,1
230736_250831,0
230736_208227,1
230736_193613,1
230736_201709,1
230736_47014,0
230738_225893,1
230738_271851,0
230738_97171,1
230738_73203,0
230738_25772,1
230738_254625,1
230740_264668,1
230740_54378,1
230740_221417,1
230740_122984,0
230740_182848,1
230740_71172,1
230741_2468,0
230741_149593,0
230741_276014,0
230741_131797,0
230741_272132,1
230741_39387,1
230744_150048,1
230744_111433,0
230744_179502,1
230744_180408,1
230744_213796,1
230744_238226,0
230745_56976,0
230745_246261,1
230745_50892,0
230745_178010,1
230745_210682,0
230745_38557,1
230747_42024,0
230747_136378,1
230747_222548,1
230747_174498,0
230747_44791,1
230747_39623,1
230749_22312,0
230749_76287,1
230749_31490,1
230749_249919,1
230749_52461,1
230749_203504,0
230750_49202,1
230750_139086,0
230750_13640,0
230750_96910,1
230750_247272,1
230750_101172,0
230757_118170,0
230757_185235,1
230757_233618,0
230757_73524,1
230757_97396,0
230757_228683,0
230758_149874,1
230758_142449,1
230758_254626,1
230758_38390,1
230758_127587,0
230758_229455,0
230759_249638,1
230759_212469,1
230759_129957,0
230759_279104,0
230759_58314,0
230759_263890,0
230761_107182,1
230761_133603,1
230761_165847,0
230761_194902,1
230761_36027,1
230761_110014,0
230764_51971,0
230764_141772,1
230764_225319,0
230764_234849,1
230764_291653,0
230764_219182,0
230765_223238,1
230765_26975,1
230765_15174,1
230765_133701,1
230765_188481,1
230765_244557,0
230768_224996,0
230768_21728,0
230768_245486,0
230768_120673,1
230768_162550,1
230768_208284,0
230772_14615,0
230772_160121,1
230772_32193,1
230772_267297,0
230772_131564,1
230772_18645,1
230775_78192,1
230775_124972,1
230775_188119,1
230775_256589,0
230775_89191,0
230775_119675,1
230777_67753,0
230777_2280,0
230777_218868,1
230777_222435,1
230777_52202,1
230777_113233,1
230780_113171,0
230780_160697,0
230780_156192,0
230780_199591,1
230780_21514,1
230780_180743,1
230784_11278,0
230784_187117,1
230784_118170,1
230784_80808,1
230784_226365,1
230784_128562,1
230788_69331,0
230788_214851,0
230788_107137,0
230788_198064,1
230788_36193,1
230788_70637,1
230791_31487,1
230791_273201,1
230791_131564,1
230791_12065,1
230791_107120,1
230791_252302,1
230792_212715,1
230792_234631,0
230792_63090,0
230792_4279,0
230792_268237,1
230792_27863,0
230793_192661,1
230793_274923,0
230793_126448,1
230793_274402,0
230793_244947,1
230793_95235,0
230795_167673,0
230795_276434,0
230795_11206,0
230795_260308,1
230795_167345,0
230795_109931,0
230797_116690,1
230797_14381,0
230797_91444,1
230797_252071,1
230797_138355,0
230797_263430,1
230799_227414,1
230799_260040,1
230799_209866,1
230799_93990,0
230799_21853,0
230799_269348,0
230801_161098,1
230801_223576,1
230801_48874,1
230801_112821,1
230801_240094,1
230801_230856,0
230807_207043,1
230807_171529,1
230807_115810,0
230807_92064,1
230807_266705,1
230807_65494,0
230808_97690,1
230808_196904,1
230808_218715,1
230808_190536,0
230808_246022,1
230808_295779,1
230809_232168,1
230809_161182,1
230809_291238,1
230809_182112,1
230809_270015,1
230809_83139,1
230810_87975,1
230810_81498,0
230810_246046,0
230810_48096,0
230810_256248,1
230810_252657,1
230812_122020,1
230812_145221,1
230812_29228,1
230812_246593,1
230812_52044,1
230812_97639,0
230814_271692,0
230814_101943,0
230814_284199,0
230814_175397,0
230814_167190,1
230814_279246,1
230818_289879,1
230818_177384,1
230818_230068,0
230818_17058,0
230818_102550,1
230818_165843,0
230820_156293,0
230820_2129,0
230820_168785,0
230820_143453,0
230820_6328,0
230820_204565,0
230822_152768,0
230822_40847,1
230822_92431,0
230822_64680,1
230822_275379,1
230822_143570,1
230823_249065,0
230823_145783,1
230823_176882,1
230823_109603,0
230823_93148,1
230823_268984,0
230828_270853,0
230828_44166,1
230828_220067,1
230828_64593,1
230828_291754,0
230828_109589,0
230830_125944,1
230830_224918,1
230830_121777,1
230830_217877,1
230830_102449,1
230830_92698,1
230837_228598,0
230837_18593,0
230837_182307,1
230837_225750,0
230837_22092,0
230837_53352,0
230841_284781,0
230841_252672,1
230841_192661,1
230841_2980,1
230841_136546,1
230841_155189,1
230846_269099,0
230846_18118,0
230846_108161,0
230846_100357,1
230846_133372,0
230846_262036,0
230848_71121,0
230848_218868,0
230848_266340,0
230848_20913,0
230848_217975,1
230848_128863,0
230850_4620,1
230850_289006,0
230850_119772,1
230850_232124,1
230850_62808,1
230850_185033,1
230853_232440,0
230853_100745,0
230853_133764,1
230853_47179,1
230853_152363,1
230853_235274,0
230856_117833,0
230856_289833,1
230856_17014,1
230856_95141,0
230856_54404,0
230856_153854,0
230859_107254,0
230859_113683,0
230859_173933,0
230859_228925,0
230859_166726,0
230859_254092,0
230861_245524,0
230861_215325,1
230861_121299,0
230861_231282,1
230861_37517,1
230861_286826,0
230862_285170,1
230862_141970,0
230862_113224,1
230862_194798,0
230862_264363,0
230862_271794,0
230863_115587,0
230863_179152,0
230863_169523,1
230863_250139,1
230863_145491,0
230863_187254,1
230866_256424,1
230866_199779,0
230866_1618,1
230866_193100,0
230866_124436,0
230866_3027,1
230868_255065,1
230868_80730,0
230868_63600,0
230868_101756,0
230868_128819,0
230868_205430,0
230869_152243,1
230869_272272,1
230869_134310,0
230869_241900,1
230869_225153,0
230869_21911,1
230872_91395,1
230872_143132,0
230872_76563,1
230872_204548,0
230872_173538,0
230872_117298,0
230873_213449,1
230873_256876,0
230873_138381,1
230873_213920,1
230873_122917,1
230873_56679,1
230876_131620,1
230876_263249,1
230876_133906,1
230876_159718,1
230876_61999,1
230876_210679,0
230884_283308,1
230884_97524,1
230884_225781,0
230884_182596,1
230884_62302,0
230884_80992,1
230885_228077,0
230885_151264,0
230885_64675,1
230885_163073,1
230885_129025,1
230885_19700,0
230888_84768,1
230888_108120,0
230888_236027,1
230888_101847,1
230888_196185,1
230888_200308,0
230890_293310,0
230890_74563,0
230890_7774,1
230890_136736,0
230890_276935,0
230890_246970,0
230891_106788,1
230891_264826,1
230891_253486,1
230891_227866,1
230891_159783,0
230891_157149,0
230892_56567,1
230892_921,0
230892_241881,1
230892_185584,0
230892_121821,1
230892_232280,0
230894_178108,1
230894_246593,1
230894_125332,0
230894_273904,0
230894_295317,1
230894_140526,1
230896_175820,1
230896_278428,1
230896_275211,1
230896_138112,1
230896_147403,0
230896_253265,1
230899_62265,0
230899_17070,1
230899_35591,0
230899_132765,1
230899_145316,1
230899_197906,1
230900_121775,1
230900_283792,0
230900_245016,1
230900_64855,1
230900_214767,1
230900_19735,0
230902_202291,1
230902_257043,0
230902_17759,1
230902_142770,0
230902_268388,0
230902_272169,0
230904_113520,1
230904_158660,1
230904_207449,1
230904_239775,1
230904_171265,1
230904_5844,1
230906_140657,0
230906_121095,0
230906_155217,0
230906_162111,0
230906_139391,0
230906_158520,0
230913_290461,0
230913_264667,1
230913_270004,0
230913_54537,0
230913_109909,0
230913_6393,0
230914_9209,1
230914_129916,0
230914_234728,0
230914_255924,1
230914_141772,1
230914_210461,0
230915_289946,0
230915_224386,0
230915_95500,1
230915_253231,1
230915_59674,1
230915_83057,0
230921_75813,1
230921_16760,0
230921_25235,0
230921_248917,0
230921_121606,1
230921_160008,0
230924_240094,1
230924_271287,1
230924_221248,1
230924_83688,0
230924_179534,0
230924_206886,0
230926_225052,1
230926_63542,1
230926_29482,1
230926_165618,0
230926_51480,0
230926_188327,1
230931_117298,0
230931_118133,1
230931_258824,1
230931_198368,0
230931_250162,1
230931_256232,1
230933_256785,1
230933_281396,1
230933_188589,1
230933_236359,1
230933_185554,1
230933_125669,1
230934_21593,0
230934_6986,0
230934_232937,1
230934_244343,0
230934_262192,1
230934_44082,0
230935_175053,0
230935_2095,0
230935_153216,0
230935_51753,0
230935_233339,0
230935_143483,0
230937_38825,1
230937_212749,0
230937_71936,0
230937_210761,0
230937_113758,0
230937_208364,1
230939_265026,1
230939_43873,0
230939_169616,1
230939_92027,1
230939_82535,1
230939_58813,1
230940_259824,1
230940_146498,0
230940_186266,1
230940_57407,1
230940_261904,0
230940_218340,0
230941_148036,0
230941_190898,0
230941_156240,0
230941_52615,0
230941_165896,1
230941_139425,1
230944_230910,1
230944_181333,0
230944_167317,0
230944_18749,1
230944_98675,0
230944_79296,1
230945_48854,1
230945_108355,1
230945_184940,1
230945_21281,1
230945_194433,0
230945_72875,1
230946_125944,0
230946_232559,1
230946_270864,0
230946_214768,1
230946_210733,0
230946_9264,0
230949_248814,1
230949_246372,1
230949_124080,1
230949_157733,0
230949_86690,0
230949_233293,1
230952_150204,0
230952_29345,0
230952_38390,1
230952_184627,0
230952_156523,1
230952_288536,1
230953_94258,1
230953_124394,1
230953_72520,0
230953_19214,0
230953_278582,1
230953_89403,1
230955_34022,0
230955_248587,1
230955_56334,1
230955_285365,1
230955_234432,1
230955_104207,1
230957_228746,0
230957_155723,1
230957_86564,0
230957_37239,1
230957_146641,1
230957_286440,0
230958_252881,1
230958_219794,1
230958_7031,1
230958_17774,1
230958_67368,0
230958_104928,0
230962_61822,1
230962_187533,1
230962_167756,1
230962_66208,1
230962_55412,1
230962_471,0
230964_167345,1
230964_227797,0
230964_263647,1
230964_253265,1
230964_230842,0
230964_45543,1
230965_114730,0
230965_155069,0
230965_52617,0
230965_120810,0
230965_289978,0
230965_135624,0
230967_270905,1
230967_22728,1
230967_218381,1
230967_144391,0
230967_50193,1
230967_61997,1
230972_29122,0
230972_24199,1
230972_93668,0
230972_20641,0
230972_31317,1
230972_229362,0
230973_67013,0
230973_254873,1
230973_193021,1
230973_154821,1
230973_86857,0
230973_178502,1
230974_267135,1
230974_278218,0
230974_94713,0
230974_104997,1
230974_54386,1
230974_251179,1
230976_233112,1
230976_50179,0
230976_19005,0
230976_240174,1
230976_94095,1
230976_285465,1
230981_107315,1
230981_206652,0
230981_244739,1
230981_168227,0
230981_64665,0
230981_294223,1
230982_170058,0
230982_81750,0
230982_78278,0
230982_173627,1
230982_224421,1
230982_259857,1
230988_14275,0
230988_141772,0
230988_251839,1
230988_55802,0
230988_146618,0
230988_86038,1
230989_289911,1
230989_228512,1
230989_206786,1
230989_202784,1
230989_144019,0
230989_275682,1
230990_145787,1
230990_113760,0
230990_51233,1
230990_163127,1
230990_254917,0
230990_93286,1
230992_167616,1
230992_236339,0
230992_157639,1
230992_152464,0
230992_9209,1
230992_218525,1
230996_243954,1
230996_89954,1
230996_99448,1
230996_112142,1
230996_171065,1
230996_186634,1
230998_238042,0
230998_130097,1
230998_215770,1
230998_260507,1
230998_172855,1
230998_287394,0
231001_150618,0
231001_250775,0
231001_8691,1
231001_25865,0
231001_21415,1
231001_145793,0
231005_119975,1
231005_175466,1
231005_149135,1
231005_169586,1
231005_209005,1
231005_4910,1
231008_179979,1
231008_234884,1
231008_19615,1
231008_157921,1
231008_125825,0
231008_224103,1
231009_104997,1
231009_147164,1
231009_215030,1
231009_234284,0
231009_216616,0
231009_58573,1
231011_185407,0
231011_3295,1
231011_143178,0
231011_62438,1
231011_105265,1
231011_76538,1
231013_120004,1
231013_106742,0
231013_165376,1
231013_78359,0
231013_55613,0
231013_113798,1
231015_268778,0
231015_21220,1
231015_214767,1
231015_258518,0
231015_4298,0
231015_255511,1
231016_3751,1
231016_43414,0
231016_236368,1
231016_200346,1
231016_30511,1
231016_247275,1
231022_128979,0
231022_200468,0
231022_154016,0
231022_286499,1
231022_75833,0
231022_213013,0
231023_197995,0
231023_54983,1
231023_37548,1
231023_110833,0
231023_5994,1
231023_364,1
231025_5877,1
231025_26225,1
231025_115389,0
231025_137312,0
231025_3916,1
231025_12836,1
231026_234080,1
231026_205602,1
231026_83139,1
231026_107980,1
231026_40869,1
231026_140692,1
231027_87117,0
231027_204595,1
231027_230460,1
231027_225054,1
231027_145121,1
231027_715,1
231035_95503,1
231035_20304,0
231035_52752,1
231035_95800,0
231035_191111,1
231035_264774,0
231038_38525,1
231038_134743,0
231038_288135,1
231038_74506,0
231038_213167,1
231038_192661,1
231044_280721,1
231044_159689,0
231044_66598,0
231044_168141,0
231044_252262,1
231044_76392,0
231045_269928,0
231045_63674,0
231045_172855,0
231045_295735,1
231045_61371,1
231045_160466,1
231046_76526,1
231046_192491,1
231046_154692,0
231046_101465,0
231046_232977,0
231046_7188,1
231049_90834,0
231049_175377,0
231049_1199,0
231049_237594,0
231049_175928,0
231049_124381,0
231051_102318,0
231051_109148,1
231051_166099,1
231051_194060,0
231051_33495,1
231051_61639,0
231055_154939,1
231055_223164,0
231055_279483,1
231055_114459,1
231055_140602,0
231055_149567,0
231061_166592,0
231061_9092,0
231061_1921,0
231061_11904,1
231061_159880,0
231061_255799,1
231067_159496,0
231067_119394,1
231067_256990,0
231067_60006,0
231067_240776,1
231067_177116,1
231069_103870,1
231069_236724,1
231069_205018,1
231069_289978,0
231069_159452,1
231069_48329,0
231070_75526,1
231070_113233,1
231070_286435,0
231070_94893,1
231070_26875,1
231070_173399,1
231073_48624,1
231073_171839,1
231073_84030,0
231073_32392,1
231073_196860,1
231073_58578,1
231084_129904,0
231084_20004,0
231084_13390,1
231084_64763,1
231084_44287,0
231084_180875,0
231085_84768,1
231085_161298,0
231085_194986,0
231085_240827,0
231085_61289,1
231085_79266,0
231090_239824,1
231090_138112,1
231090_221745,1
231090_74732,0
231090_103083,0
231090_229284,0
231093_113912,0
231093_152133,0
231093_260887,1
231093_200091,1
231093_181895,1
231093_172614,0
231094_51468,0
231094_252427,0
231094_218525,0
231094_46341,1
231094_1973,1
231094_161312,1
231101_51665,0
231101_88069,1
231101_258712,0
231101_229233,0
231101_167328,1
231101_281141,1
231104_108882,0
231104_169429,0
231104_124503,0
231104_56382,1
231104_180225,0
231104_194950,0
231105_260905,1
231105_72875,0
231105_122872,0
231105_150072,0
231105_35037,1
231105_233112,0
231106_84030,0
231106_7188,0
231106_105075,0
231106_83130,0
231106_98212,0
231106_210962,0
231107_186753,1
231107_130614,0
231107_263687,1
231107_6152,1
231107_96386,1
231107_53969,0
231108_200378,1
231108_283474,1
231108_239573,0
231108_155026,0
231108_1325,0
231108_281141,1
231109_9514,1
231109_194086,1
231109_127691,1
231109_54836,1
231109_214848,1
231109_47420,0
231110_165323,1
231110_21493,1
231110_154382,1
231110_230239,1
231110_231146,0
231110_277867,1
231111_129684,1
231111_190154,0
231111_215325,1
231111_166862,1
231111_250924,1
231111_2538,1
231115_54546,1
231115_29575,1
231115_55513,1
231115_3295,1
231115_179322,1
231115_163570,1
231122_256944,1
231122_209370,1
231122_180962,1
231122_210029,1
231122_32193,0
231122_9779,1
231123_235753,1
231123_166592,1
231123_222174,0
231123_202698,1
231123_264667,1
231123_121386,1
231132_240215,0
231132_281211,0
231132_172461,1
231132_148663,1
231132_12896,1
231132_110001,1
231133_285146,0
231133_211972,1
231133_174713,0
231133_40025,1
231133_121373,0
231133_111746,0
231136_274931,1
231136_270151,1
231136_210456,0
231136_224704,1
231136_292418,0
231136_188298,1
231137_268917,0
231137_110838,1
231137_13868,0
231137_267088,1
231137_295024,0
231137_130023,1
231138_192527,1
231138_36146,1
231138_193534,0
231138_259393,1
231138_142289,1
231138_184105,0
231140_182840,1
231140_277302,1
231140_92062,1
231140_180365,0
231140_274802,1
231140_105779,1
231141_140128,1
231141_182131,1
231141_155541,1
231141_49889,1
231141_260624,1
231141_122580,1
231142_259103,0
231142_47136,0
231142_83891,1
231142_268716,0
231142_205620,0
231142_111703,0
231144_285559,1
231144_76734,1
231144_126929,0
231144_93599,0
231144_271319,0
231144_2121,0
231145_167400,0
231145_42033,1
231145_123344,1
231145_176639,1
231145_148821,1
231145_90747,1
231149_258033,1
231149_88836,1
231149_31303,1
231149_187071,1
231149_199331,0
231149_293576,1
231152_55250,1
231152_116166,1
231152_12821,1
231152_170129,1
231152_164421,0
231152_30318,1
231158_278582,0
231158_190099,0
231158_243378,0
231158_125944,0
231158_174892,0
231158_232322,0
231159_102073,1
231159_172371,0
231159_1108,1
231159_88072,0
231159_147441,0
231159_244732,1
231160_119743,0
231160_283474,0
231160_176004,0
231160_266022,1
231160_55535,1
231160_46287,1
231161_158436,0
231161_226889,1
231161_122933,1
231161_184197,0
231161_227695,0
231161_213326,0
231162_139745,1
231162_29894,1
231162_123878,0
231162_273628,0
231162_191404,0
231162_139867,1
231164_71527,1
231164_34697,1
231164_61133,0
231164_117750,0
231164_124776,1
231164_283193,0
231166_102886,0
231166_153923,1
231166_197792,1
231166_250533,1
231166_9801,1
231166_200378,1
231167_76255,0
231167_66052,0
231167_231564,1
231167_116073,0
231167_83157,0
231167_207734,1
231168_106291,0
231168_230333,1
231168_34308,1
231168_180470,1
231168_124188,1
231168_177497,1
231169_20240,1
231169_66886,1
231169_87271,0
231169_273626,0
231169_206256,0
231169_173538,0
231170_153183,1
231170_35571,1
231170_230564,0
231170_244569,0
231170_89403,1
231170_16310,1
231173_108507,1
231173_16688,1
231173_30929,0
231173_141724,0
231173_49832,1
231173_146649,0
231174_79097,0
231174_74768,1
231174_171850,1
231174_188838,1
231174_45637,1
231174_287301,0
231176_51675,1
231176_190099,1
231176_73557,1
231176_232047,0
231176_172887,0
231176_148284,1
231177_87357,1
231177_262438,1
231177_18152,0
231177_268862,0
231177_295555,1
231177_233724,0
231178_168889,0
231178_81216,0
231178_92768,0
231178_263721,0
231178_91213,0
231178_72517,0
231180_21870,1
231180_223453,1
231180_11197,1
231180_31341,1
231180_82772,1
231180_154459,1
231184_189420,0
231184_141022,0
231184_264835,1
231184_10453,0
231184_85549,0
231184_271881,0
231187_227017,0
231187_51313,1
231187_149234,1
231187_131564,1
231187_3532,0
231187_24015,0
231188_164212,1
231188_82662,0
231188_223542,1
231188_248267,1
231188_274571,0
231188_31300,1
231193_258045,1
231193_21116,0
231193_158665,1
231193_45826,0
231193_8217,1
231193_291184,0
231195_31784,1
231195_131564,0
231195_192250,1
231195_225814,0
231195_110928,1
231195_126299,1
231196_144499,1
231196_198994,1
231196_161398,1
231196_158660,1
231196_199673,0
231196_272464,1
231200_284058,1
231200_255048,1
231200_238906,1
231200_176026,1
231200_135541,0
231200_277132,1
231202_252401,1
231202_256424,0
231202_101091,1
231202_278943,0
231202_162637,0
231202_77367,1
231204_106441,1
231204_145172,0
231204_54683,1
231204_28790,0
231204_94915,0
231204_205457,0
231205_290524,1
231205_46684,1
231205_143033,1
231205_246593,1
231205_89275,1
231205_249150,0
231207_162604,0
231207_58279,1
231207_13921,1
231207_26532,1
231207_171649,0
231207_197995,1
231208_254112,1
231208_144357,1
231208_175144,1
231208_281091,0
231208_286440,1
231208_2538,1
231209_64750,0
231209_83575,0
231209_165004,0
231209_188775,0
231209_15581,0
231209_280259,0
231210_21593,1
231210_289948,1
231210_252444,1
231210_66989,1
231210_102007,1
231210_51218,1
231211_19115,1
231211_49759,0
231211_111014,1
231211_276482,0
231211_79604,0
231211_116597,0
231212_167750,1
231212_110427,0
231212_20499,1
231212_36815,1
231212_37105,0
231212_87054,0
231213_154173,1
231213_90219,1
231213_111539,1
231213_247269,0
231213_31200,1
231213_136337,1
231214_129865,0
231214_132048,1
231214_252444,1
231214_44251,1
231214_165543,1
231214_160239,1
231218_76960,0
231218_174387,0
231218_146804,1
231218_125702,0
231218_98734,1
231218_33785,1
231219_82028,1
231219_246219,1
231219_58993,0
231219_295149,1
231219_221248,1
231219_162334,1
231220_216782,0
231220_206857,0
231220_232047,1
231220_125944,0
231220_261626,1
231220_141058,0
231224_210854,1
231224_180704,0
231224_12359,1
231224_273185,1
231224_187090,0
231224_127779,0
231225_126097,1
231225_244553,0
231225_181210,1
231225_70431,1
231225_103492,0
231225_96103,1
231227_212315,1
231227_241004,1
231227_118642,0
231227_151825,1
231227_239473,0
231227_92482,0
231228_249717,0
231228_240886,0
231228_128511,0
231228_193003,0
231228_91138,0
231228_80377,0
231232_110099,1
231232_179511,1
231232_44455,0
231232_6575,0
231232_343,1
231232_184792,0
231233_155934,0
231233_238887,1
231233_275816,1
231233_290250,1
231233_110916,1
231233_69594,1
231234_129467,0
231234_85555,0
231234_112449,1
231234_242176,0
231234_255956,0
231234_132777,0
231235_213012,1
231235_157499,1
231235_123997,1
231235_257135,1
231235_29888,0
231235_264496,1
231238_133632,0
231238_291389,0
231238_106360,1
231238_238970,0
231238_102547,0
231238_144615,0
231240_132263,1
231240_249717,1
231240_238633,1
231240_18674,1
231240_210990,1
231240_180341,0
231241_50307,1
231241_257785,0
231241_248692,1
231241_194810,1
231241_284035,0
231241_52855,1
231242_279408,1
231242_174669,1
231242_205872,1
231242_257899,1
231242_259150,0
231242_147264,1
231246_159936,0
231246_163833,1
231246_64497,1
231246_156832,1
231246_155058,0
231246_255883,0
231250_267024,0
231250_185815,1
231250_189623,0
231250_295221,1
231250_23872,0
231250_216343,1
231253_94829,0
231253_187117,1
231253_43215,1
231253_30197,0
231253_12541,0
231253_21683,0
231260_44849,1
231260_145629,1
231260_77545,0
231260_188051,1
231260_114465,1
231260_27606,0
231263_49746,0
231263_97116,0
231263_107007,0
231263_121776,1
231263_180250,0
231263_163336,1
231265_70847,0
231265_62102,1
231265_260076,1
231265_124643,0
231265_130999,0
231265_138243,0
231266_242796,0
231266_136415,0
231266_268716,0
231266_271565,0
231266_215325,1
231266_21593,0
231267_175211,1
231267_42334,1
231267_7031,0
231267_253141,0
231267_24015,0
231267_130849,1
231269_51114,1
231269_245604,1
231269_225550,1
231269_87727,0
231269_155189,1
231269_100076,1
231272_172563,1
231272_53964,1
231272_188312,1
231272_281282,1
231272_278557,1
231272_203123,1
231274_158098,1
231274_20867,1
231274_205006,1
231274_123687,0
231274_246970,1
231274_199415,1
231275_6064,1
231275_280152,1
231275_46850,0
231275_28967,1
231275_74506,0
231275_103181,1
231277_177642,0
231277_28579,1
231277_47991,0
231277_281787,0
231277_41833,1
231277_10003,0
231278_219244,0
231278_263797,0
231278_117875,1
231278_245797,1
231278_1754,1
231278_230358,1
231283_30318,1
231283_125926,0
231283_144561,1
231283_98851,1
231283_83575,1
231283_141610,1
231286_256132,1
231286_45786,1
231286_281402,0
231286_53505,0
231286_203676,0
231286_244245,0
231288_180306,0
231288_264485,1
231288_69105,1
231288_275270,1
231288_270608,1
231288_104050,1
231289_216082,1
231289_247441,1
231289_46254,1
231289_228086,0
231289_184528,1
231289_180893,0
231290_185584,1
231290_138112,0
231290_114302,0
231290_137479,0
231290_20747,0
231290_176879,0
231291_234348,1
231291_43881,0
231291_237911,1
231291_33163,1
231291_254625,1
231291_113135,1
231293_234432,0
231293_272503,0
231293_45003,0
231293_48431,0
231293_78627,0
231293_160196,0
231294_281218,0
231294_123491,0
231294_56976,0
231294_200166,0
231294_165376,0
231294_134111,0
231296_6048,1
231296_105779,0
231296_23323,1
231296_181494,0
231296_258891,1
231296_88217,0
231298_79108,0
231298_190617,1
231298_229487,1
231298_4445,0
231298_6471,1
231298_205869,0
231302_5791,0
231302_276596,0
231302_71381,0
231302_293108,1
231302_73299,0
231302_201873,0
231304_283928,0
231304_140019,1
231304_271794,1
231304_143474,0
231304_32878,1
231304_220257,1
231305_39252,1
231305_14298,1
231305_28591,1
231305_280300,1
231305_190410,1
231305_262057,1
231306_209371,1
231306_136804,1
231306_263647,1
231306_97132,1
231306_265077,1
231306_52227,0
231309_144718,1
231309_136064,1
231309_279623,0
231309_102978,1
231309_67013,1
231309_1243,0
231314_78157,1
231314_26085,1
231314_280259,0
231314_281396,0
231314_92557,1
231314_98681,0
231315_71806,0
231315_80572,0
231315_249132,1
231315_278582,0
231315_113702,1
231315_69245,1
231320_106125,1
231320_65110,1
231320_973,1
231320_195923,0
231320_6920,0
231320_289694,0
231326_250601,0
231326_213015,0
231326_130023,1
231326_8809,0
231326_172812,0
231326_252774,1
231329_103791,0
231329_137380,1
231329_131164,0
231329_4695,0
231329_147451,1
231329_104483,0
231330_94809,0
231330_142462,1
231330_233347,0
231330_86038,0
231330_96652,0
231330_124296,0
231333_246593,0
231333_261450,0
231333_119402,0
231333_285194,0
231333_259900,0
231333_163559,0
231334_103080,1
231334_144314,1
231334_185079,1
231334_173849,1
231334_228223,1
231334_149391,0
231335_45673,1
231335_214280,0
231335_215325,0
231335_165847,0
231335_79506,1
231335_26532,1
231337_26975,0
231337_227397,0
231337_147477,0
231337_247494,0
231337_243378,0
231337_261450,1
231340_139865,0
231340_259942,1
231340_254514,1
231340_132777,1
231340_192661,1
231340_163833,1
231342_16621,1
231342_12897,0
231342_273001,1
231342_114765,0
231342_228681,1
231342_197082,1
231345_89473,1
231345_56811,1
231345_274978,1
231345_262955,1
231345_168800,0
231345_220163,0
231348_252608,0
231348_61997,1
231348_58478,0
231348_215541,0
231348_261372,0
231348_206089,1
231350_190001,1
231350_294470,0
231350_163853,1
231350_157784,0
231350_165984,1
231350_227788,1
231361_114120,1
231361_271560,0
231361_52617,1
231361_290591,1
231361_205620,1
231361_261904,1
231362_237354,0
231362_211239,0
231362_218523,0
231362_204247,0
231362_80113,1
231362_116312,0
231364_51049,1
231364_68493,1
231364_267568,0
231364_250496,1
231364_181511,0
231364_162226,0
231365_226320,1
231365_175299,1
231365_230677,1
231365_80916,1
231365_95203,0
231365_67793,0
231369_79830,1
231369_110276,0
231369_272332,1
231369_69809,0
231369_216497,1
231369_1779,1
231371_75976,0
231371_142488,1
231371_142802,0
231371_230989,1
231371_235208,1
231371_87125,0
231372_55618,0
231372_42770,0
231372_23679,0
231372_181496,0
231372_118998,0
231372_289374,0
231374_226932,1
231374_41041,1
231374_160501,1
231374_55250,0
231374_166959,0
231374_267685,0
231376_219283,1
231376_167036,1
231376_224601,1
231376_272763,0
231376_95524,0
231376_207142,1
231380_129019,1
231380_219232,1
231380_271794,1
231380_21765,1
231380_185036,1
231380_158436,1
231390_61975,1
231390_15776,1
231390_116741,1
231390_204679,0
231390_75499,1
231390_253486,0
231392_64497,0
231392_131838,1
231392_228424,1
231392_293108,1
231392_134116,1
231392_282384,1
231393_118623,1
231393_233542,0
231393_278483,0
231393_52291,1
231393_277776,1
231393_135436,0
231394_267670,0
231394_28591,1
231394_153162,1
231394_126692,1
231394_262675,1
231394_174232,0
231396_109681,0
231396_215558,1
231396_97048,1
231396_250432,0
231396_29562,0
231396_99510,0
231397_252507,1
231397_72196,1
231397_270539,0
231397_109121,1
231397_256951,1
231397_269647,1
231401_251229,1
231401_156603,1
231401_218330,0
231401_72022,0
231401_80100,1
231401_286440,1
231406_47249,0
231406_26561,0
231406_294462,0
231406_170438,0
231406_157129,1
231406_61530,0
231407_38823,1
231407_236455,1
231407_228424,1
231407_31746,1
231407_61198,0
231407_79604,1
231409_29689,1
231409_92064,1
231409_265682,1
231409_49673,0
231409_72225,0
231409_288485,0
231410_225472,1
231410_6092,1
231410_160151,1
231410_66073,0
231410_270929,1
231410_39509,0
231412_75123,0
231412_38168,1
231412_51122,1
231412_62152,1
231412_110828,0
231412_276848,0
231413_179970,0
231413_131863,0
231413_166608,1
231413_156008,1
231413_98665,0
231413_107959,0
231414_87671,1
231414_224070,0
231414_3392,0
231414_160934,0
231414_262921,1
231414_79419,1
231415_225319,0
231415_10852,0
231415_107510,0
231415_127556,1
231415_168699,1
231415_67786,1
231416_54585,1
231416_178939,1
231416_200365,1
231416_7596,1
231416_89403,1
231416_103437,1
231417_56154,0
231417_183431,1
231417_254019,0
231417_194529,1
231417_190345,0
231417_110928,0
231420_38081,1
231420_284474,1
231420_243078,1
231420_54371,0
231420_158868,1
231420_80360,1
231421_115955,0
231421_157155,0
231421_259854,1
231421_5440,1
231421_239212,0
231421_178133,1
231424_222928,1
231424_85686,0
231424_272341,0
231424_281521,0
231424_246593,1
231424_225893,1
231425_212675,0
231425_250920,0
231425_66790,1
231425_236723,0
231425_105694,0
231425_228223,1
231427_266022,1
231427_157041,0
231427_207540,0
231427_58374,1
231427_55892,1
231427_31300,1
231431_38202,1
231431_99258,0
231431_291350,0
231431_28086,0
231431_94498,1
231431_192889,1
231432_71966,1
231432_204738,1
231432_26244,1
231432_154644,1
231432_110739,1
231432_46889,0
231433_218692,0
231433_29894,1
231433_237172,1
231433_60285,0
231433_57610,0
231433_182452,1
231435_132016,1
231435_211340,1
231435_1833,0
231435_92146,0
231435_231,0
231435_24876,1
231436_78655,1
231436_136245,1
231436_191730,1
231436_54654,1
231436_54879,1
231436_213387,1
231445_239498,0
231445_206063,1
231445_12149,0
231445_152867,0
231445_38181,0
231445_109144,0
231447_84521,1
231447_56485,0
231447_145039,1
231447_182307,1
231447_204850,0
231447_253550,0
231450_41231,0
231450_27428,0
231450_102567,1
231450_109488,1
231450_151286,0
231450_283306,1
231451_53598,0
231451_53811,1
231451_156605,0
231451_293022,1
231451_204982,1
231451_155755,1
231454_19703,0
231454_208873,0
231454_72712,0
231454_161312,0
231454_258232,0
231454_216514,0
231455_28738,0
231455_16317,1
231455_63723,1
231455_184785,0
231455_147420,1
231455_38852,0
231456_54217,0
231456_144574,0
231456_204740,0
231456_208284,1
231456_160012,0
231456_261052,0
231457_255196,1
231457_204560,1
231457_152575,1
231457_195220,1
231457_203740,1
231457_57581,1
231459_145840,0
231459_19711,1
231459_56720,1
231459_106740,0
231459_227732,1
231459_243160,1
231460_49319,0
231460_73348,1
231460_124590,0
231460_207847,1
231460_41721,1
231460_49716,1
231464_168785,1
231464_194060,0
231464_170175,0
231464_17794,1
231464_123209,1
231464_83773,1
231465_8544,0
231465_226836,0
231465_286476,1
231465_36048,0
231465_134696,0
231465_139654,1
231467_253587,1
231467_43077,0
231467_237870,0
231467_154358,0
231467_262386,1
231467_272472,1
231468_114968,0
231468_49793,1
231468_56421,1
231468_294134,1
231468_102942,0
231468_234622,1
231469_54656,0
231469_146262,0
231469_231030,1
231469_65494,1
231469_18701,1
231469_196904,1
231470_187714,1
231470_157347,0
231470_119011,0
231470_196177,0
231470_51091,0
231470_56115,1
231471_284909,0
231471_127944,0
231471_177116,0
231471_42921,0
231471_223983,0
231471_199224,0
231472_81561,1
231472_151942,0
231472_271061,0
231472_186266,1
231472_109877,1
231472_88211,0
231473_143033,1
231473_179993,1
231473_127818,1
231473_125944,0
231473_57412,1
231473_66277,0
231481_278125,1
231481_260704,0
231481_249143,1
231481_92498,1
231481_281079,1
231481_234710,0
231482_188930,1
231482_234348,0
231482_8215,0
231482_246219,0
231482_66096,0
231482_112869,1
231483_193262,1
231483_20502,1
231483_285440,1
231483_9812,0
231483_68308,1
231483_21593,0
231488_72239,0
231488_44176,0
231488_12889,1
231488_235427,0
231488_138477,1
231488_5944,1
231489_24210,1
231489_209370,1
231489_182755,1
231489_517,0
231489_125490,0
231489_263647,1
231492_33048,0
231492_271508,1
231492_1864,1
231492_238160,0
231492_190055,1
231492_15174,1
231493_96378,0
231493_106159,0
231493_148279,0
231493_112225,1
231493_138698,0
231493_170033,0
231499_121877,0
231499_193069,1
231499_169580,1
231499_247770,0
231499_92147,1
231499_232815,1
231500_46038,1
231500_126293,0
231500_107996,0
231500_178133,1
231500_240050,1
231500_155217,1
231501_295939,0
231501_3939,0
231501_2518,0
231501_231008,0
231501_87519,0
231501_191419,0
231503_62959,0
231503_60285,1
231503_29189,1
231503_80308,0
231503_39866,1
231503_188408,1
231505_34419,0
231505_145403,0
231505_133065,0
231505_294573,0
231505_32562,0
231505_50996,1
231507_237718,1
231507_206584,0
231507_268469,1
231507_150766,1
231507_159671,0
231507_31487,1
231508_233923,0
231508_12003,0
231508_215325,1
231508_146359,0
231508_54650,1
231508_74610,1
231510_176455,0
231510_28371,1
231510_268070,0
231510_240278,0
231510_161553,0
231510_121425,0
231511_295871,0
231511_260441,1
231511_36875,1
231511_199497,1
231511_57039,0
231511_269465,0
231517_24417,1
231517_212675,1
231517_270454,1
231517_295413,1
231517_6659,0
231517_116166,1
231518_94661,1
231518_16628,0
231518_77890,0
231518_124070,0
231518_227005,0
231518_289053,0
231520_291853,0
231520_270474,0
231520_269227,0
231520_1973,0
231520_276760,1
231520_170165,1
231521_180634,1
231521_98681,0
231521_214667,1
231521_242681,1
231521_152384,0
231521_176515,1
231522_270737,1
231522_48703,0
231522_187716,1
231522_58007,0
231522_178858,1
231522_36806,1
231524_54650,0
231524_125210,1
231524_35607,0
231524_76685,1
231524_66349,1
231524_253983,1
231525_226320,0
231525_21365,1
231525_216573,0
231525_185584,0
231525_86865,0
231525_285656,0
231529_263513,1
231529_11307,0
231529_125504,1
231529_99037,1
231529_111014,0
231529_138056,1
231532_78546,0
231532_261164,0
231532_259316,0
231532_49362,0
231532_52259,0
231532_186132,0
231533_138488,1
231533_130074,1
231533_23817,0
231533_20124,0
231533_169188,0
231533_165413,0
231535_222298,0
231535_271560,0
231535_293020,0
231535_33549,1
231535_166729,0
231535_53925,1
231536_90461,0
231536_284760,0
231536_240094,1
231536_289823,1
231536_226976,1
231536_273182,1
231537_25252,1
231537_95887,1
231537_14162,1
231537_61744,0
231537_272763,0
231537_269227,0
231538_268388,1
231538_248139,0
231538_201695,1
231538_268028,0
231538_11337,1
231538_171076,1
231545_261695,1
231545_3109,1
231545_252711,1
231545_17349,0
231545_255499,1
231545_151413,0
231546_194304,1
231546_55150,1
231546_75833,1
231546_226836,1
231546_234728,1
231546_103080,1
231547_250273,1
231547_258947,0
231547_238633,0
231547_114222,0
231547_261904,1
231547_29436,1
231548_286426,1
231548_294732,1
231548_51468,1
231548_116120,1
231548_263438,1
231548_201706,0
231549_187674,0
231549_200166,1
231549_192815,1
231549_9413,0
231549_12540,0
231549_23138,1
231554_230019,0
231554_274961,0
231554_212788,1
231554_148294,1
231554_202283,1
231554_254544,1
231559_128936,0
231559_272427,0
231559_166108,1
231559_166258,1
231559_84996,0
231559_180461,0
231560_36028,0
231560_148372,0
231560_119453,0
231560_155400,1
231560_201336,0
231560_194808,0
231562_251824,0
231562_211218,1
231562_10174,0
231562_119643,0
231562_155570,0
231562_236006,1
231566_208389,1
231566_206044,0
231566_244732,0
231566_94929,1
231566_34397,1
231566_16232,0
231567_69797,1
231567_94354,1
231567_24050,1
231567_19411,1
231567_150186,1
231567_221377,0
231570_82476,0
231570_171830,0
231570_104543,0
231570_98263,1
231570_255542,0
231570_129274,1
231573_130224,0
231573_247852,1
231573_40064,1
231573_166608,0
231573_263841,1
231573_158775,1
231577_139365,1
231577_105609,1
231577_177941,0
231577_90143,1
231577_86716,1
231577_253869,1
231579_63433,1
231579_126976,1
231579_150772,1
231579_252608,1
231579_214754,1
231579_237186,1
231580_79325,1
231580_130154,1
231580_34397,0
231580_132698,1
231580_51430,1
231580_49967,1
231586_105977,1
231586_121753,0
231586_207604,1
231586_263109,0
231586_277360,0
231586_184923,1
231590_281483,1
231590_255421,1
231590_173007,1
231590_214505,1
231590_290850,0
231590_179429,1
231593_27697,0
231593_246130,1
231593_100142,1
231593_183133,1
231593_63516,1
231593_196585,0
231596_250273,1
231596_159452,1
231596_91053,0
231596_171850,1
231596_144644,0
231596_261372,1
231597_47259,1
231597_19615,1
231597_179775,1
231597_85164,0
231597_81561,0
231597_131192,0
231599_253621,1
231599_171151,0
231599_41160,1
231599_11430,0
231599_43077,0
231599_126309,1
231601_165896,0
231601_213350,0
231601_109362,0
231601_92532,0
231601_72816,0
231601_64888,1
231605_233923,0
231605_82632,0
231605_141772,1
231605_87336,0
231605_98851,0
231605_267135,1
231607_86226,1
231607_105828,1
231607_143443,1
231607_36734,1
231607_105440,0
231607_121095,1
231609_148362,0
231609_11995,0
231609_234900,0
231609_245277,0
231609_277360,0
231609_249804,0
231612_216401,0
231612_254012,0
231612_206878,1
231612_151318,1
231612_109899,1
231612_51965,1
231614_114048,1
231614_48707,0
231614_237637,1
231614_126274,1
231614_286803,0
231614_205664,0
231615_186742,1
231615_206089,1
231615_227732,1
231615_108120,1
231615_232329,1
231615_222406,1
231617_145221,0
231617_268917,0
231617_121810,0
231617_50515,0
231617_66420,0
231617_140015,0
231618_160876,0
231618_246966,0
231618_170078,0
231618_36028,1
231618_162018,0
231618_86171,0
231620_153252,1
231620_262269,0
231620_185252,1
231620_15821,1
231620_108969,1
231620_174857,1
231621_140613,0
231621_107129,1
231621_62493,1
231621_158503,1
231621_40741,0
231621_30299,1
231622_130798,1
231622_216185,1
231622_230885,1
231622_215452,0
231622_9803,1
231622_189861,1
231636_190848,0
231636_134099,0
231636_89431,1
231636_191995,1
231636_196883,1
231636_179044,1
231637_240776,1
231637_292418,1
231637_278986,0
231637_73519,0
231637_225440,0
231637_90977,1
231640_56551,1
231640_290568,0
231640_157602,1
231640_129095,1
231640_133304,1
231640_219917,1
231641_6898,1
231641_225426,1
231641_67509,1
231641_153124,0
231641_120932,1
231641_285287,1
231644_50698,1
231644_177901,0
231644_250038,0
231644_291918,1
231644_278989,0
231644_16488,1
231646_259024,0
231646_4359,1
231646_152151,1
231646_244850,0
231646_3498,1
231646_59775,0
231647_192661,0
231647_242877,0
231647_27641,0
231647_130023,1
231647_241388,0
231647_218560,1
231650_8270,1
231650_111292,0
231650_26762,0
231650_277776,0
231650_273221,0
231650_295476,0
231658_251103,1
231658_248917,0
231658_31630,1
231658_224016,0
231658_218496,1
231658_202385,0
231659_192891,0
231659_161730,0
231659_19574,1
231659_206478,0
231659_198379,0
231659_72300,1
231662_114836,0
231662_87576,1
231662_18526,0
231662_162977,0
231662_242805,0
231662_138526,0
231663_239573,0
231663_131278,0
231663_267005,0
231663_193830,1
231663_57549,1
231663_254111,1
231664_4833,1
231664_150048,1
231664_230910,1
231664_169707,1
231664_264575,0
231664_156446,1
231667_264575,1
231667_43881,0
231667_94355,1
231667_38667,1
231667_152033,0
231667_5414,0
231669_16745,1
231669_8379,1
231669_85021,0
231669_229201,1
231669_123639,0
231669_33195,1
231672_78141,1
231672_50702,1
231672_4823,0
231672_111135,1
231672_58641,1
231672_44796,1
231673_201498,0
231673_44251,1
231673_54093,0
231673_178307,1
231673_88833,0
231673_232415,1
231674_183431,0
231674_228557,0
231674_140840,0
231674_221371,0
231674_144830,0
231674_94007,0
231678_56036,1
231678_60287,1
231678_99329,1
231678_236027,1
231678_133906,1
231678_113848,1
231680_214438,0
231680_193800,1
231680_168037,1
231680_107923,1
231680_200574,0
231680_209776,0
231681_284192,0
231681_244009,1
231681_183123,0
231681_128837,1
231681_212616,0
231681_244697,1
231684_90215,0
231684_216175,0
231684_21593,0
231684_45234,0
231684_135899,1
231684_29228,0
231686_194986,1
231686_276211,1
231686_151371,1
231686_114376,1
231686_127195,1
231686_246593,1
231689_242420,0
231689_261695,0
231689_260664,0
231689_143112,0
231689_78132,0
231689_91447,0
231693_131224,0
231693_85555,0
231693_20968,0
231693_26071,1
231693_218537,0
231693_280184,0
231694_180035,1
231694_68493,1
231694_224840,1
231694_25753,0
231694_246250,1
231694_68670,1
231695_38240,1
231695_13575,1
231695_41802,1
231695_136614,0
231695_92498,1
231695_276319,1
231696_176639,1
231696_29196,0
231696_133890,0
231696_176125,0
231696_157155,1
231696_261613,0
231702_43539,0
231702_129095,1
231702_131564,1
231702_220358,1
231702_109185,1
231702_44675,1
231706_273168,0
231706_85543,1
231706_188703,1
231706_129261,0
231706_153442,1
231706_207656,1
231707_9754,1
231707_66442,0
231707_56476,0
231707_18486,1
231707_119229,1
231707_183431,1
231709_19092,1
231709_149132,1
231709_266566,1
231709_47385,0
231709_263936,0
231709_168280,1
231716_148821,1
231716_77700,1
231716_87671,1
231716_161719,1
231716_136229,1
231716_78157,1
231717_278807,0
231717_240893,0
231717_59013,1
231717_78985,0
231717_116541,1
231717_140005,1
231718_6842,1
231718_252211,0
231718_207239,0
231718_252257,1
231718_295741,0
231718_295799,0
231719_247655,1
231719_156832,1
231719_25131,1
231719_236433,1
231719_187847,1
231719_204462,1
231723_171077,1
231723_138809,1
231723_24792,1
231723_27873,0
231723_1779,0
231723_252291,0
231724_61939,0
231724_45285,1
231724_47084,0
231724_83522,0
231724_73025,1
231724_278549,1
231725_12647,0
231725_203845,1
231725_28371,1
231725_248678,0
231725_166605,0
231725_715,1
231728_12300,0
231728_267175,0
231728_139135,1
231728_41728,1
231728_190099,1
231728_150324,0
231732_104207,0
231732_223983,0
231732_69236,1
231732_48601,0
231732_108,1
231732_148406,1
231733_31760,1
231733_160218,1
231733_238908,1
231733_144325,1
231733_51112,0
231733_59772,0
231734_131564,0
231734_100688,0
231734_181316,1
231734_11798,0
231734_125766,0
231734_76856,0
231735_246893,1
231735_182967,0
231735_135937,1
231735_225712,1
231735_107086,0
231735_183240,1
231736_289157,0
231736_123130,1
231736_95924,0
231736_218238,1
231736_47443,0
231736_205438,1
231738_86998,0
231738_72614,0
231738_39783,0
231738_65495,0
231738_244691,0
231738_286537,0
231739_260596,1
231739_102662,1
231739_141010,0
231739_107814,1
231739_102200,1
231739_293049,0
231741_162331,0
231741_206878,0
231741_222511,0
231741_253092,0
231741_272900,0
231741_63542,1
231742_136245,1
231742_180250,1
231742_213865,1
231742_280281,1
231742_48366,1
231742_162417,0
231748_95460,0
231748_236920,1
231748_238633,0
231748_198197,0
231748_4404,1
231748_243478,1
231749_277309,1
231749_258891,1
231749_250273,0
231749_108120,0
231749_192439,0
231749_101360,1
231750_48460,0
231750_85082,1
231750_9688,1
231750_75434,1
231750_215788,0
231750_143033,0
231751_283183,0
231751_110426,0
231751_128562,1
231751_150072,0
231751_252071,1
231751_238892,0
231752_86266,0
231752_153923,0
231752_270541,0
231752_118296,0
231752_31243,1
231752_103418,0
231755_165554,1
231755_262921,1
231755_39577,1
231755_114225,1
231755_188408,0
231755_139152,1
231756_268169,0
231756_200807,0
231756_214856,1
231756_17113,0
231756_90559,0
231756_226904,0
231759_114195,1
231759_78329,0
231759_83933,0
231759_25974,1
231759_219422,1
231759_161373,0
231763_134388,1
231763_264861,1
231763_239285,1
231763_248345,1
231763_137007,1
231763_273915,0
231764_4189,0
231764_127779,1
231764_206241,0
231764_269227,1
231764_275211,1
231764_220391,0
231765_176004,0
231765_140692,0
231765_121695,0
231765_285250,1
231765_207659,0
231765_45712,0
231775_294289,0
231775_152243,1
231775_265814,0
231775_269846,0
231775_130510,0
231775_56511,0
231778_25982,1
231778_10229,0
231778_224264,1
231778_131309,1
231778_18784,1
231778_170732,1
231779_154010,0
231779_188666,1
231779_159278,0
231779_131921,1
231779_58433,0
231779_123764,0
231780_157853,1
231780_60276,1
231780_190154,1
231780_226675,0
231780_172030,0
231780_289173,1
231782_193256,0
231782_220971,1
231782_140281,0
231782_131564,1
231782_148119,1
231782_223238,0
231787_130005,1
231787_153784,1
231787_77092,1
231787_209727,0
231787_271100,1
231787_185235,0
231788_15720,0
231788_118129,1
231788_70925,0
231788_223689,1
231788_246874,0
231788_132514,0
231794_172939,1
231794_218796,1
231794_291512,1
231794_214280,1
231794_88599,1
231794_255288,0
231799_272817,0
231799_70431,1
231799_111719,0
231799_168306,1
231799_264575,1
231799_95709,1
231807_289330,1
231807_156832,0
231807_294555,1
231807_38020,0
231807_236455,0
231807_117876,0
231810_175495,1
231810_78674,1
231810_105714,1
231810_25107,1
231810_99582,0
231810_134158,1
231812_106861,0
231812_80165,1
231812_242345,1
231812_102359,1
231812_227732,1
231812_69703,1
231814_101871,0
231814_23755,0
231814_2647,0
231814_32840,1
231814_191060,0
231814_142479,0
231816_217185,1
231816_146476,1
231816_190836,1
231816_154706,1
231816_102112,0
231816_102237,1
231817_123729,1
231817_202482,0
231817_64884,0
231817_72994,0
231817_255324,0
231817_286505,1
231818_142743,0
231818_51468,0
231818_254625,1
231818_191430,0
231818_279291,0
231818_73557,1
231825_206442,0
231825_95900,0
231825_215325,0
231825_143977,0
231825_9955,0
231825_256525,0
231827_183094,0
231827_295619,1
231827_168908,1
231827_87357,1
231827_102302,0
231827_265786,0
231830_93839,0
231830_33344,0
231830_39829,1
231830_126308,0
231830_78601,1
231830_45410,1
231831_23885,0
231831_198903,0
231831_53162,0
231831_72637,1
231831_269519,0
231831_241087,0
231832_248405,0
231832_163770,0
231832_21853,0
231832_73557,0
231832_100040,0
231832_262193,0
231834_215789,1
231834_1693,1
231834_253373,1
231834_116601,1
231834_276721,1
231834_259386,1
231839_292079,0
231839_6016,0
231839_251318,0
231839_60913,0
231839_14669,0
231839_71298,0
231843_155095,1
231843_126948,0
231843_50270,1
231843_109410,1
231843_48703,0
231843_211475,1
231847_175189,0
231847_4104,1
231847_287918,1
231847_268993,1
231847_228550,1
231847_478,1
231849_128552,1
231849_215312,1
231849_18863,1
231849_45748,0
231849_137448,0
231849_248651,1
231856_225874,1
231856_152820,1
231856_279249,1
231856_56739,1
231856_59838,1
231856_97613,1
231857_939,1
231857_1214,0
231857_66205,0
231857_288485,0
231857_17381,1
231857_195878,1
231858_221598,0
231858_39237,0
231858_262257,1
231858_68864,0
231858_256091,0
231858_229651,1
231859_173714,1
231859_24878,1
231859_19745,0
231859_5791,1
231859_167345,1
231859_37715,1
231860_282384,1
231860_79419,0
231860_3516,0
231860_144447,1
231860_92409,0
231860_3741,1
231863_261450,1
231863_292863,1
231863_220501,0
231863_108161,1
231863_178370,0
231863_128183,0
231864_146514,1
231864_111621,0
231864_45059,0
231864_279773,0
231864_113895,0
231864_248452,1
231866_266022,1
231866_132777,1
231866_242114,1
231866_114465,0
231866_24849,0
231866_98878,0
231867_139745,1
231867_21365,1
231867_130871,0
231867_10798,0
231867_155158,1
231867_230544,1
231869_276208,1
231869_133594,1
231869_96841,1
231869_122313,0
231869_29189,1
231869_13495,1
231871_69470,0
231871_246598,0
231871_2429,1
231871_184092,0
231871_80632,0
231871_55423,1
231877_229544,0
231877_49591,1
231877_179259,0
231877_129684,1
231877_113721,1
231877_276138,0
231879_109058,1
231879_218525,1
231879_250273,1
231879_289401,1
231879_100174,1
231879_131564,1
231883_117788,0
231883_177692,0
231883_219934,1
231883_169536,0
231883_67552,0
231883_262438,1
231884_43508,0
231884_192232,1
231884_173320,1
231884_110808,0
231884_143588,1
231884_123232,1
231887_101905,1
231887_108161,0
231887_180704,0
231887_190068,1
231887_216153,1
231887_130023,0
231888_29636,0
231888_248700,1
231888_217381,1
231888_252363,1
231888_269831,1
231888_11091,0
231890_71880,1
231890_78024,0
231890_126464,1
231890_82931,1
231890_12628,1
231890_252799,1
231892_111874,1
231892_45150,1
231892_264662,0
231892_271100,1
231892_266976,0
231892_26875,1
231894_100342,1
231894_271252,1
231894_14891,0
231894_252799,1
231894_47953,1
231894_225739,0
231896_213735,0
231896_76064,0
231896_259316,0
231896_190001,0
231896_213012,0
231896_135537,0
231900_152005,1
231900_37721,1
231900_242561,0
231900_63493,0
231900_179577,0
231900_196126,0
231901_21593,1
231901_184275,1
231901_1779,1
231901_114502,0
231901_138809,1
231901_284522,1
231902_47084,0
231902_20270,0
231902_134456,0
231902_183307,0
231902_107740,0
231902_122769,0
231903_113641,1
231903_156705,1
231903_188352,1
231903_95580,1
231903_109496,1
231903_26594,0
231905_221316,1
231905_253791,1
231905_212847,0
231905_106619,1
231905_90962,0
231905_216326,0
231909_12884,0
231909_59451,1
231909_81912,0
231909_88612,1
231909_169310,0
231909_24674,1
231910_146462,1
231910_43457,1
231910_246530,1
231910_192801,1
231910_46242,1
231910_95580,1
231911_240858,1
231911_250658,1
231911_196755,1
231911_168600,1
231911_228676,0
231911_119219,1
231912_39788,1
231912_217200,1
231912_132860,0
231912_221519,0
231912_4603,1
231912_45198,1
231913_88599,1
231913_169293,1
231913_71789,1
231913_245984,1
231913_176848,0
231913_218868,1
231917_67996,1
231917_198762,1
231917_168351,1
231917_252696,0
231917_146653,0
231917_291774,0
231919_85642,1
231919_224135,1
231919_33737,1
231919_258986,0
231919_116629,1
231919_163853,1
231920_269227,1
231920_182507,0
231920_147233,1
231920_49008,1
231920_199099,1
231920_126309,1
231924_73299,1
231924_197919,1
231924_207961,1
231924_136415,0
231924_175445,1
231924_47591,1
231929_149500,1
231929_90219,1
231929_73307,0
231929_74370,0
231929_58361,1
231929_195629,0
231930_126366,1
231930_184764,0
231930_66741,0
231930_133594,1
231930_266107,0
231930_166026,0
231935_83251,1
231935_189189,0
231935_204462,1
231935_230254,1
231935_216311,1
231935_221660,1
231937_277006,0
231937_69460,0
231937_180250,0
231937_261355,1
231937_110739,1
231937_295842,0
231938_217879,1
231938_209380,0
231938_230700,0
231938_161147,1
231938_140951,1
231938_232863,0
231939_135601,0
231939_124030,0
231939_142715,0
231939_96500,0
231939_206282,0
231939_213739,0
231941_80984,0
231941_289483,1
231941_134225,0
231941_116603,0
231941_141984,0
231941_129467,0
231943_227652,1
231943_264826,1
231943_133467,1
231943_159603,1
231943_109487,1
231943_226575,0
231946_91385,1
231946_271061,0
231946_11196,0
231946_113576,1
231946_72199,1
231946_8669,0
231951_27999,0
231951_114342,1
231951_151503,0
231951_156081,0
231951_38599,1
231951_40041,1
231953_150284,1
231953_73557,1
231953_177345,1
231953_244546,1
231953_152384,0
231953_187953,1
231954_262523,1
231954_112442,0
231954_133467,0
231954_176004,0
231954_160262,1
231954_259191,1
231956_110426,1
231956_181792,1
231956_192889,1
231956_112138,1
231956_282320,0
231956_11387,1
231959_226392,1
231959_134414,0
231959_24149,1
231959_13371,1
231959_220815,1
231959_91261,0
231961_196633,0
231961_66579,1
231961_54198,1
231961_125623,1
231961_84668,0
231961_110014,0
231966_89107,1
231966_248986,1
231966_11480,0
231966_52947,0
231966_229719,0
231966_141875,0
231967_52920,0
231967_33709,1
231967_216012,1
231967_244041,0
231967_143570,0
231967_129904,1
231968_220927,0
231968_8260,0
231968_156509,0
231968_126688,0
231968_5290,0
231968_227199,1
231969_19944,1
231969_102136,1
231969_153854,1
231969_265026,1
231969_28206,1
231969_179378,1
231970_155463,0
231970_291128,1
231970_292135,0
231970_281184,1
231970_49851,1
231970_74088,1
231971_1779,0
231971_131092,1
231971_160023,1
231971_132777,1
231971_39672,1
231971_207961,1
231972_137359,1
231972_215945,0
231972_38312,1
231972_193119,1
231972_251902,1
231972_77709,1
231979_96732,1
231979_17245,0
231979_63674,1
231979_229929,0
231979_160290,1
231979_165318,0
231980_136386,0
231980_210883,0
231980_275729,1
231980_143570,1
231980_177229,0
231980_174498,1
231981_274209,1
231981_4040,1
231981_84569,0
231981_217185,1
231981_172812,0
231981_294821,1
231983_293069,1
231983_152798,1
231983_167678,1
231983_4057,0
231983_106183,1
231983_90962,0
231984_272427,0
231984_263901,0
231984_293639,0
231984_38168,1
231984_72718,0
231984_285238,0
231993_104207,1
231993_263499,1
231993_159637,1
231993_225598,1
231993_51765,0
231993_273203,1
231994_115874,0
231994_247816,0
231994_123579,1
231994_94220,1
231994_286684,0
231994_15747,1
231997_295623,1
231997_185543,0
231997_36270,1
231997_217381,1
231997_259375,0
231997_208306,0
232000_38202,1
232000_16424,0
232000_285162,1
232000_52046,1
232000_2684,1
232000_54636,1
232002_168463,0
232002_242840,0
232002_278136,0
232002_189909,1
232002_206362,0
232002_46242,0
232005_286597,0
232005_133618,1
232005_212782,0
232005_40041,1
232005_50150,0
232005_123367,1
232006_22045,1
232006_230842,0
232006_251870,1
232006_80572,0
232006_30440,0
232006_114821,0
232009_177526,0
232009_203793,0
232009_239877,0
232009_157639,0
232009_238345,1
232009_284446,1
232012_205926,0
232012_220233,1
232012_65239,1
232012_45340,1
232012_181408,1
232012_256589,0
232015_14476,1
232015_244111,1
232015_275559,1
232015_114730,1
232015_242075,1
232015_246114,1
232021_6979,0
232021_47258,1
232021_230677,0
232021_201288,1
232021_127879,1
232021_138683,0
232022_43152,1
232022_260315,1
232022_140019,0
232022_286426,1
232022_237304,0
232022_230551,0
232026_21691,1
232026_185571,1
232026_99868,0
232026_82731,1
232026_19465,1
232026_77185,1
232029_134566,1
232029_31128,0
232029_153569,1
232029_185955,1
232029_97830,0
232029_187787,0
232030_176750,1
232030_99249,0
232030_117811,0
232030_106788,1
232030_209370,1
232030_291320,1
232031_284195,1
232031_207343,1
232031_248952,0
232031_191460,1
232031_143033,1
232031_41254,0
232032_211987,1
232032_232322,1
232032_71743,1
232032_119892,0
232032_13012,1
232032_149826,0
232034_102333,0
232034_203707,1
232034_37396,0
232034_237634,0
232034_273487,0
232034_77086,1
232037_40373,1
232037_189846,0
232037_22924,1
232037_106666,1
232037_88828,0
232037_202787,0
232038_256479,0
232038_131964,1
232038_181926,0
232038_249936,1
232038_9605,1
232038_123970,0
232044_268110,0
232044_151413,0
232044_226644,1
232044_207656,0
232044_85914,0
232044_50953,0
232045_100608,0
232045_188639,0
232045_231891,0
232045_193887,0
232045_227732,1
232045_99570,0
232050_185428,1
232050_286639,1
232050_55488,0
232050_202385,0
232050_159726,0
232050_68454,0
232055_230284,0
232055_226600,1
232055_157483,1
232055_199480,1
232055_38453,1
232055_272575,0
232056_30318,1
232056_81242,0
232056_220333,0
232056_29894,1
232056_188408,1
232056_89223,0
232057_214479,0
232057_62569,1
232057_279280,1
232057_244898,1
232057_51234,1
232057_190928,1
232058_105657,0
232058_207449,0
232058_196733,0
232058_172855,0
232058_191995,1
232058_52565,0
232059_34398,0
232059_267297,1
232059_271003,1
232059_272073,0
232059_131564,0
232059_102237,0
232060_16805,1
232060_288064,1
232060_251505,1
232060_156623,0
232060_251427,1
232060_71131,1
232066_153562,1
232066_155158,1
232066_229894,1
232066_180824,0
232066_16736,1
232066_208673,1
232070_2144,1
232070_19460,0
232070_270515,0
232070_185330,0
232070_192650,0
232070_176405,0
232083_117,1
232083_193650,0
232083_39133,0
232083_254781,1
232083_169440,0
232083_15573,1
232085_111924,0
232085_183431,1
232085_147585,1
232085_89158,1
232085_247946,1
232085_275559,0
232088_87090,1
232088_186266,1
232088_277404,0
232088_165008,0
232088_231243,1
232088_151926,0
232089_230068,1
232089_289142,1
232089_174889,0
232089_63053,1
232089_72876,1
232089_48891,1
232090_8910,0
232090_5844,0
232090_177056,0
232090_231282,1
232090_208426,0
232090_51234,1
232092_113179,1
232092_293795,1
232092_183431,0
232092_293565,0
232092_125718,0
232092_271030,1
232096_192165,0
232096_64675,1
232096_238022,0
232096_273816,0
232096_200438,1
232096_191060,0
232101_257141,0
232101_63542,1
232101_287611,0
232101_8220,0
232101_243380,1
232101_79721,1
232103_87090,1
232103_81321,1
232103_109937,1
232103_163884,0
232103_194845,1
232103_48212,1
232107_219115,0
232107_151119,0
232107_178169,1
232107_83452,1
232107_142462,0
232107_229502,0
232109_212592,1
232109_211527,0
232109_153491,1
232109_179094,1
232109_212980,0
232109_246731,0
232110_48997,1
232110_241646,0
232110_12896,1
232110_167770,1
232110_18483,1
232110_278428,0
232114_281218,1
232114_37960,1
232114_163398,1
232114_188639,1
232114_134081,1
232114_118129,1
232117_19421,0
232117_134877,1
232117_121750,0
232117_281141,1
232117_276760,1
232117_21281,1
232118_276958,1
232118_193475,0
232118_47697,1
232118_21429,0
232118_28063,0
232118_118469,0
232120_173216,0
232120_174749,1
232120_214208,1
232120_73768,0
232120_161971,1
232120_250097,1
232121_86038,0
232121_19610,0
232121_246130,1
232121_252302,0
232121_1618,0
232121_213297,0
232123_221116,0
232123_260597,1
232123_69797,0
232123_98891,1
232123_240094,0
232123_215120,0
232124_268917,1
232124_79309,1
232124_162300,0
232124_61093,1
232124_43489,1
232124_101871,1
232125_47677,1
232125_250718,0
232125_214258,0
232125_195942,0
232125_23145,0
232125_217573,0
232126_190731,1
232126_190195,1
232126_177673,0
232126_88858,0
232126_96391,0
232126_16200,1
232128_36538,1
232128_100669,0
232128_67509,1
232128_165747,1
232128_281601,0
232128_221599,0
232129_237738,0
232129_135146,0
232129_9390,0
232129_167292,0
232129_201595,0
232129_246466,0
232130_48366,1
232130_163934,0
232130_264668,1
232130_134454,0
232130_272531,1
232130_268900,0
232133_52617,0
232133_45302,0
232133_3636,0
232133_231409,0
232133_148924,0
232133_37902,0
232136_204679,1
232136_150266,0
232136_50060,0
232136_231282,0
232136_48819,0
232136_84041,0
232137_242102,0
232137_60873,0
232137_12625,1
232137_174191,1
232137_130547,1
232137_47292,0
232138_274091,1
232138_20523,0
232138_276411,0
232138_121306,0
232138_176242,0
232138_154321,1
232139_78847,0
232139_191183,0
232139_2209,1
232139_273430,1
232139_252601,0
232139_72721,1
232144_277867,1
232144_266143,1
232144_6784,1
232144_31440,1
232144_69464,1
232144_179555,1
232149_25567,0
232149_7317,1
232149_10628,1
232149_193350,1
232149_21498,0
232149_257663,0
232150_258281,1
232150_163570,1
232150_116516,1
232150_275542,1
232150_246022,0
232150_230140,1
232152_62052,1
232152_111874,1
232152_218291,1
232152_275379,1
232152_155189,1
232152_98226,1
232160_92843,1
232160_187847,1
232160_153923,1
232160_237622,1
232160_34914,1
232160_106788,1
232162_174852,1
232162_12431,1
232162_191300,1
232162_64080,1
232162_5791,1
232162_74065,0
232169_162334,1
232169_81509,1
232169_224585,1
232169_246593,1
232169_280405,1
232169_282010,1
232178_134398,0
232178_42557,0
232178_279223,1
232178_188700,1
232178_41429,1
232178_170569,0
232180_164014,0
232180_98047,0
232180_249853,0
232180_58612,1
232180_233115,0
232180_55290,0
232182_230319,0
232182_18105,0
232182_225458,0
232182_45124,0
232182_101957,0
232182_176909,0
232186_82173,1
232186_251824,0
232186_286987,1
232186_24050,0
232186_22164,0
232186_178604,1
232188_144022,0
232188_189248,1
232188_73261,1
232188_261450,1
232188_5007,0
232188_70213,1
232192_291135,0
232192_83042,1
232192_131823,0
232192_282404,0
232192_114978,0
232192_147140,0
232196_242364,1
232196_263801,1
232196_270633,1
232196_294191,1
232196_106510,0
232196_103138,1
232197_125907,0
232197_86485,0
232197_176338,0
232197_92936,0
232197_28142,0
232197_147585,0
232201_120246,1
232201_107707,1
232201_110893,0
232201_230125,0
232201_144350,0
232201_110918,1
232202_69394,0
232202_186995,0
232202_252364,1
232202_80337,1
232202_163784,0
232202_248562,1
232203_203707,1
232203_232537,1
232203_147466,1
232203_109734,0
232203_245477,0
232203_269489,1
232205_78132,0
232205_226303,0
232205_74163,0
232205_248936,0
232205_44675,1
232205_166193,0
232208_294186,0
232208_194486,0
232208_242159,0
232208_187356,1
232208_231708,1
232208_132021,1
232212_24943,0
232212_176879,1
232212_261634,1
232212_175250,1
232212_168665,0
232212_170280,0
232214_129678,1
232214_124811,1
232214_236086,1
232214_240126,1
232214_211462,1
232214_58946,1
232218_82772,0
232218_254625,1
232218_120535,1
232218_166592,1
232218_246251,0
232218_103870,1
232219_270817,0
232219_277555,1
232219_52956,1
232219_157116,1
232219_91467,0
232219_281557,0
232226_119772,1
232226_146126,0
232226_234529,1
232226_140645,0
232226_262806,1
232226_160955,1
232228_110246,1
232228_6064,1
232228_130475,1
232228_226590,0
232228_156230,1
232228_262075,1
232231_171454,0
232231_143734,0
232231_269000,0
232231_36926,0
232231_261450,0
232231_39215,0
232235_280336,1
232235_45340,1
232235_276316,1
232235_264826,1
232235_226836,1
232235_92035,1
232236_201147,0
232236_251902,0
232236_282423,1
232236_153606,0
232236_289356,0
232236_11480,0
232238_145607,1
232238_194594,1
232238_50666,0
232238_145624,1
232238_203487,0
232238_151874,0
232239_56678,0
232239_53732,0
232239_195084,0
232239_136004,0
232239_226705,0
232239_291582,0
232243_135175,1
232243_278582,1
232243_32829,0
232243_131564,1
232243_141713,1
232243_62879,1
232247_52010,0
232247_221332,1
232247_8379,0
232247_62076,0
232247_136234,0
232247_5791,1
232248_132003,1
232248_265278,1
232248_241471,1
232248_145039,0
232248_99632,0
232248_283015,0
232249_38168,1
232249_136736,1
232249_257524,1
232249_261695,1
232249_253502,1
232249_8430,1
232250_141927,1
232250_254625,0
232250_175402,1
232250_128414,1
232250_19197,0
232250_13543,0
232252_3606,0
232252_166758,0
232252_284800,0
232252_61907,0
232252_191204,0
232252_43749,0
232253_147237,0
232253_195878,1
232253_103579,0
232253_220754,0
232253_8387,0
232253_48189,0
232254_58100,1
232254_192574,0
232254_77764,1
232254_265012,0
232254_179682,0
232254_83191,0
232255_82796,0
232255_248267,1
232255_207389,1
232255_216914,1
232255_32226,1
232255_42892,0
232258_207963,0
232258_76255,0
232258_26114,0
232258_267693,0
232258_45171,1
232258_70366,1
232259_256876,0
232259_20240,1
232259_23103,0
232259_155158,0
232259_281141,0
232259_34948,0
232261_244657,0
232261_1353,1
232261_8252,1
232261_161616,1
232261_96755,0
232261_223790,1
232262_185571,1
232262_42268,0
232262_155049,0
232262_42855,1
232262_182334,1
232262_230019,0
232266_18864,0
232266_246044,0
232266_88610,1
232266_290870,1
232266_152491,1
232266_179298,1
232267_246560,0
232267_14961,0
232267_86614,0
232267_260568,1
232267_38168,0
232267_184039,0
232270_175928,1
232270_242866,1
232270_25674,0
232270_208656,1
232270_158098,1
232270_41132,1
232276_130771,1
232276_278136,1
232276_249251,1
232276_250273,1
232276_124188,0
232276_128370,1
232277_238705,1
232277_100195,0
232277_247020,1
232277_142686,0
232277_126692,1
232277_239591,0
232280_205225,1
232280_229966,0
232280_121053,0
232280_70188,1
232280_225414,1
232280_244095,1
232281_213369,0
232281_173909,1
232281_71402,1
232281_146376,0
232281_49855,0
232281_180785,1
232286_147828,0
232286_79116,0
232286_129454,0
232286_286151,1
232286_73557,0
232286_69315,0
232287_180539,1
232287_205279,1
232287_209771,0
232287_177642,0
232287_27141,1
232287_113212,0
232290_84982,0
232290_167057,1
232290_245030,1
232290_11091,1
232290_142111,1
232290_280390,1
232296_107056,0
232296_160550,1
232296_202385,0
232296_202028,0
232296_156192,0
232296_201426,1
232297_170037,1
232297_158428,0
232297_30220,1
232297_33768,1
232297_115641,0
232297_59075,0
232302_7571,1
232302_211,1
232302_74622,1
232302_269065,1
232302_291338,0
232302_171883,1
232310_191636,0
232310_267258,0
232310_177398,0
232310_143125,1
232310_48037,0
232310_14790,1
232312_271794,1
232312_84000,0
232312_274672,1
232312_71685,1
232312_31440,1
232312_120678,0
232313_32850,0
232313_1353,0
232313_243801,0
232313_51667,1
232313_242198,0
232313_181,1
232315_233117,1
232315_100728,1
232315_164591,1
232315_130647,1
232315_274830,1
232315_167151,1
232316_199099,1
232316_252312,1
232316_89403,1
232316_212020,1
232316_59296,0
232316_207449,0
232319_15913,0
232319_115913,0
232319_76381,1
232319_13796,1
232319_33298,0
232319_30794,1
232320_278664,0
232320_122256,0
232320_263828,1
232320_109646,1
232320_137444,1
232320_74024,1
232325_29407,1
232325_30203,1
232325_185349,1
232325_14634,0
232325_291134,1
232325_151042,1
232327_132107,0
232327_70714,1
232327_6133,0
232327_253231,1
232327_65707,1
232327_160239,1
232329_224351,1
232329_25600,1
232329_7287,1
232329_52063,0
232329_198231,0
232329_270164,1
232332_228164,1
232332_150489,1
232332_104463,1
232332_254008,1
232332_187428,1
232332_194060,1
232333_49559,0
232333_293535,0
232333_76865,1
232333_230069,0
232333_193579,0
232333_85388,1
232336_134414,1
232336_214280,1
232336_226077,1
232336_191554,1
232336_245643,1
232336_262177,1
232337_218174,1
232337_8471,0
232337_291603,1
232337_104542,1
232337_284760,1
232337_159675,1
232340_227192,0
232340_10062,1
232340_183079,1
232340_104290,1
232340_109352,1
232340_8809,1
232345_19314,0
232345_47136,1
232345_162199,1
232345_24463,1
232345_61973,0
232345_15489,1
232346_10931,1
232346_932,0
232346_149377,1
232346_142831,0
232346_99448,1
232346_106428,0
232348_13293,1
232348_99448,1
232348_70132,0
232348_53529,1
232348_124221,1
232348_189952,1
232350_132146,0
232350_164737,1
232350_114589,0
232350_207457,0
232350_138517,1
232350_16288,1
232352_51756,0
232352_149975,0
232352_50889,0
232352_261216,0
232352_227939,0
232352_163286,0
232353_198083,0
232353_19543,1
232353_268017,0
232353_66685,0
232353_282197,0
232353_44233,1
232356_259316,0
232356_295154,0
232356_248834,1
232356_272560,0
232356_48399,1
232356_175119,1
232358_130703,0
232358_61997,1
232358_59789,1
232358_212040,1
232358_56525,1
232358_274123,1
232359_83077,0
232359_202154,1
232359_153703,1
232359_246196,1
232359_151155,0
232359_148879,0
232361_169269,1
232361_225874,1
232361_272900,1
232361_221323,1
232361_75833,1
232361_113224,1
232362_224924,0
232362_14353,1
232362_159936,0
232362_246975,0
232362_141321,1
232362_190819,1
232364_92196,0
232364_83482,0
232364_292563,0
232364_70637,1
232364_37202,0
232364_14924,0
232365_9422,1
232365_187714,1
232365_124387,1
232365_81178,0
232365_215618,0
232365_148512,0
232368_225319,0
232368_210403,0
232368_190376,0
232368_273223,1
232368_72225,0
232368_156832,1
232370_271092,0
232370_258448,1
232370_22468,0
232370_16116,0
232370_270406,0
232370_13049,0
232372_153432,0
232372_207502,0
232372_22451,1
232372_117898,1
232372_231001,1
232372_253665,0
232373_250795,0
232373_17811,0
232373_89185,0
232373_75813,0
232373_273099,1
232373_85373,1
232379_244009,1
232379_110276,0
232379_280405,0
232379_206210,0
232379_98851,1
232379_144499,0
232380_26097,1
232380_111116,1
232380_67076,0
232380_80381,0
232380_269998,0
232380_78720,0
232383_105697,0
232383_242407,1
232383_49784,1
232383_259103,1
232383_259423,1
232383_89164,1
232385_198231,0
232385_241810,1
232385_240428,0
232385_123687,0
232385_188903,0
232385_189541,1
232388_255458,0
232388_281818,0
232388_210455,0
232388_163795,0
232388_90201,1
232388_287819,0
232392_33709,1
232392_9328,0
232392_113895,1
232392_61145,1
232392_142715,1
232392_23138,1
232396_131453,1
232396_69954,1
232396_115867,0
232396_83688,1
232396_92473,0
232396_242681,1
232397_91188,0
232397_218813,1
232397_111678,0
232397_51965,1
232397_136275,1
232397_131633,0
232403_182717,1
232403_249183,0
232403_73706,1
232403_39791,1
232403_214979,1
232403_129684,1
232404_129095,1
232404_164522,0
232404_200778,1
232404_38063,0
232404_239180,1
232404_100076,1
232405_20895,0
232405_178002,0
232405_108616,1
232405_5704,1
232405_39623,0
232405_197933,1
232406_178411,1
232406_54093,1
232406_123579,1
232406_278638,0
232406_200907,0
232406_197364,0
232410_188672,0
232410_207043,1
232410_92062,0
232410_149859,1
232410_281330,1
232410_202079,1
232411_181084,1
232411_242102,1
232411_64888,1
232411_190549,1
232411_162636,1
232411_277467,1
232417_254937,0
232417_7797,0
232417_280364,1
232417_221100,1
232417_192375,1
232417_1779,1
232418_143504,1
232418_100076,1
232418_111274,1
232418_21493,1
232418_108507,0
232418_208295,0
232419_74650,1
232419_204887,1
232419_261450,0
232419_76685,1
232419_38502,1
232419_134690,0
232428_153877,1
232428_13920,1
232428_240015,0
232428_116792,0
232428_77330,0
232428_16605,1
232433_264582,0
232433_217999,0
232433_177058,0
232433_65494,1
232433_213755,0
232433_244657,0
232437_230358,1
232437_163965,1
232437_222962,1
232437_228377,0
232437_210979,0
232437_14625,1
232441_83057,1
232441_140144,1
232441_44675,1
232441_122086,1
232441_179823,1
232441_35030,1
232443_31298,1
232443_283183,1
232443_44782,1
232443_100077,1
232443_239228,1
232443_11021,1
232445_111746,1
232445_218715,1
232445_248763,1
232445_275680,0
232445_252711,1
232445_293108,0
232448_29004,0
232448_76955,1
232448_282581,0
232448_252291,0
232448_30647,0
232448_147625,1
232450_31853,0
232450_151630,0
232450_131564,1
232450_86280,1
232450_6695,0
232450_253678,0
232454_168502,1
232454_96103,1
232454_96327,1
232454_264416,0
232454_205992,1
232454_81912,1
232455_260862,0
232455_223286,0
232455_130166,1
232455_8691,0
232455_78078,0
232455_3420,0
232456_138333,1
232456_55250,1
232456_232187,0
232456_185295,1
232456_25026,0
232456_121810,0
232457_2538,1
232457_276843,0
232457_81981,1
232457_258492,1
232457_291338,0
232457_113394,1
232458_175621,0
232458_46396,1
232458_37017,1
232458_220811,0
232458_236367,0
232458_48765,1
232459_285227,0
232459_279184,0
232459_79640,1
232459_147450,0
232459_93148,1
232459_179555,1
232460_71702,0
232460_147585,1
232460_240074,1
232460_110217,0
232460_247800,1
232460_267955,0
232463_216343,0
232463_100831,1
232463_283018,1
232463_69538,0
232463_175211,1
232463_237105,0
232464_217039,1
232464_39212,1
232464_223368,0
232464_264571,1
232464_164081,1
232464_189725,0
232465_170732,1
232465_194794,1
232465_39072,1
232465_196476,1
232465_171850,1
232465_135237,0
232466_258343,0
232466_69213,1
232466_118536,0
232466_148398,1
232466_210679,0
232466_225897,1
232467_20985,0
232467_267858,0
232467_42371,1
232467_69797,1
232467_144111,1
232467_156913,1
232471_41346,0
232471_80165,1
232471_133821,0
232471_279182,0
232471_121777,0
232471_61617,0
232474_19253,1
232474_38978,1
232474_263500,0
232474_288018,1
232474_76477,0
232474_70122,0
232475_170607,0
232475_252689,1
232475_132860,1
232475_128541,1
232475_63340,1
232475_202935,1
232476_232705,0
232476_228469,0
232476_179187,0
232476_22149,1
232476_187532,0
232476_207190,1
232477_158436,1
232477_44659,0
232477_221870,0
232477_225530,1
232477_232937,0
232477_262921,0
232478_204267,1
232478_148821,1
232478_65071,0
232478_91475,1
232478_286426,1
232478_32551,1
232479_287854,1
232479_272890,1
232479_119245,1
232479_134099,0
232479_183079,1
232479_241707,1
232481_251347,0
232481_271252,0
232481_220669,0
232481_95864,1
232481_106788,0
232481_149809,1
232485_243829,1
232485_113391,1
232485_24408,0
232485_274371,1
232485_68625,1
232485_143913,1
232487_278241,1
232487_80528,1
232487_276826,0
232487_101494,1
232487_150457,1
232487_253022,0
232490_90498,1
232490_140230,0
232490_213142,0
232490_7101,1
232490_215004,1
232490_131564,0
232493_60910,1
232493_125671,0
232493_228140,1
232493_137853,1
232493_153938,0
232493_211668,1
232497_131080,0
232497_80603,0
232497_214182,1
232497_74511,1
232497_32206,1
232497_204200,0
232498_10696,1
232498_7740,1
232498_142184,0
232498_262955,1
232498_142721,0
232498_264947,0
232501_31066,0
232501_118166,1
232501_248378,1
232501_250525,0
232501_146446,0
232501_164436,0
232505_43031,1
232505_265659,1
232505_76957,0
232505_202164,1
232505_196448,1
232505_129467,1
232506_138515,1
232506_6016,1
232506_25408,1
232506_61089,1
232506_96194,1
232506_291396,1
232507_197647,1
232507_152229,1
232507_37259,1
232507_88070,1
232507_124029,1
232507_107780,0
232508_3458,1
232508_8637,1
232508_91475,1
232508_223786,0
232508_259437,1
232508_72856,0
232510_155961,0
232510_127917,0
232510_278219,0
232510_54650,0
232510_118452,0
232510_128292,0
232511_139720,1
232511_47112,1
232511_169945,1
232511_115095,1
232511_109079,1
232511_150719,1
232512_268877,1
232512_57429,1
232512_215286,0
232512_197939,1
232512_193683,0
232512_15027,0
232513_271100,1
232513_244377,0
232513_207213,1
232513_184848,0
232513_38015,1
232513_229409,1
232516_140258,0
232516_128562,1
232516_293200,1
232516_268792,1
232516_42674,0
232516_8544,1
232521_255406,1
232521_259619,0
232521_6575,1
232521_277354,1
232521_111061,1
232521_199233,1
232522_45156,1
232522_31221,1
232522_233616,0
232522_244283,1
232522_172109,0
232522_129098,1
232525_186491,1
232525_2356,1
232525_70346,0
232525_73557,1
232525_99001,0
232525_63124,1
232532_88500,0
232532_114730,0
232532_266209,0
232532_95651,0
232532_98878,0
232532_7596,0
232535_75730,1
232535_70846,1
232535_56334,1
232535_204311,0
232535_207138,1
232535_260780,1
232536_264835,0
232536_116743,1
232536_238961,0
232536_126189,1
232536_39470,0
232536_210679,0
232538_207890,1
232538_178647,0
232538_80308,0
232538_29668,1
232538_171088,1
232538_176978,0
232540_72842,0
232540_82930,0
232540_68137,1
232540_90276,1
232540_196223,0
232540_37880,0
232541_165099,1
232541_139094,1
232541_100669,1
232541_263511,1
232541_128648,1
232541_75262,1
232546_272522,0
232546_189966,0
232546_227069,1
232546_289935,1
232546_71113,0
232546_7188,1
232547_249266,0
232547_200013,1
232547_120563,1
232547_250753,1
232547_176004,0
232547_54263,1
232550_113171,0
232550_201402,1
232550_252216,1
232550_213971,0
232550_106933,1
232550_251839,1
232551_26628,1
232551_55551,1
232551_214090,1
232551_272223,1
232551_124139,0
232551_200574,0
232553_108873,0
232553_83656,1
232553_146570,1
232553_198703,0
232553_175574,1
232553_289451,0
232554_223107,0
232554_220437,1
232554_216655,0
232554_168677,1
232554_242679,1
232554_114730,1
232560_167873,1
232560_277306,1
232560_122843,1
232560_288012,1
232560_230268,0
232560_236750,0
232569_41549,0
232569_208739,0
232569_119107,0
232569_30508,0
232569_114185,0
232569_13276,0
232571_148406,1
232571_181167,0
232571_123220,1
232571_195671,1
232571_123542,0
232571_103296,0
232574_286439,0
232574_134160,1
232574_29189,1
232574_158239,0
232574_97522,1
232574_192044,0
232576_57263,0
232576_209124,1
232576_45003,0
232576_187355,1
232576_120734,0
232576_17732,1
232583_65494,1
232583_295565,1
232583_188580,0
232583_123542,1
232583_231564,0
232583_95949,0
232587_132344,0
232587_114997,0
232587_243378,1
232587_169575,1
232587_42803,0
232587_208734,0
232589_118841,0
232589_210661,1
232589_289823,1
232589_2577,0
232589_64402,1
232589_10800,0
232592_246993,1
232592_89671,1
232592_108074,0
232592_234021,0
232592_258283,0
232592_147794,1
232593_123191,1
232593_100871,1
232593_172204,1
232593_137776,0
232593_255191,1
232593_32621,0
232596_185584,0
232596_176586,1
232596_122900,1
232596_197270,1
232596_68647,1
232596_77246,1
232600_167873,0
232600_161146,1
232600_196056,1
232600_34268,1
232600_41733,1
232600_192574,0
232601_253344,0
232601_200159,1
232601_156152,1
232601_201449,1
232601_86836,0
232601_115376,1
232602_130595,1
232602_245590,1
232602_23561,0
232602_205419,1
232602_235974,1
232602_16374,0
232608_40741,0
232608_177057,0
232608_165699,0
232608_112142,0
232608_70997,0
232608_73524,0
232609_99329,1
232609_118920,1
232609_6857,1
232609_973,1
232609_137944,1
232609_102558,1
232613_29894,1
232613_292527,0
232613_15097,1
232613_200143,0
232613_64402,1
232613_226320,1
232614_168866,0
232614_236631,0
232614_262675,1
232614_102112,1
232614_34084,1
232614_142831,0
232616_291102,1
232616_93990,1
232616_61277,1
232616_83716,1
232616_61108,0
232616_71061,1
232617_51603,0
232617_163853,1
232617_60505,1
232617_86711,0
232617_139990,0
232617_74464,1
232619_49162,1
232619_233618,0
232619_227397,1
232619_277751,0
232619_15951,1
232619_87104,0
232620_160577,1
232620_153854,0
232620_35997,0
232620_254749,0
232620_48961,1
232620_57760,0
232621_64220,0
232621_27851,0
232621_58361,0
232621_172382,1
232621_65078,0
232621_58987,0
232626_156112,0
232626_233764,0
232626_128914,0
232626_201190,0
232626_197652,0
232626_117449,0
232627_188073,1
232627_204899,1
232627_135903,1
232627_172497,1
232627_55417,0
232627_149832,1
232630_50579,1
232630_14907,0
232630_36200,1
232630_21968,0
232630_290810,0
232630_129192,0
232632_17790,0
232632_171020,0
232632_134863,0
232632_210456,0
232632_10725,0
232632_29894,0
232633_61673,0
232633_92449,1
232633_167254,1
232633_288162,1
232633_206527,0
232633_277955,0
232638_195323,1
232638_203588,1
232638_242808,1
232638_48366,1
232638_72771,1
232638_57209,1
232642_5791,1
232642_123232,0
232642_54263,1
232642_67593,1
232642_283425,0
232642_76477,0
232645_134456,0
232645_93808,0
232645_1916,0
232645_70306,0
232645_137307,1
232645_67541,0
232648_228598,0
232648_164191,0
232648_119568,0
232648_220724,0
232648_32859,1
232648_134951,1
232649_166498,0
232649_2940,1
232649_121695,1
232649_39840,1
232649_171839,0
232649_203184,1
232650_108089,0
232650_20895,0
232650_18224,0
232650_101085,0
232650_213625,0
232650_44575,0
232654_150186,0
232654_104997,0
232654_11138,0
232654_141772,0
232654_252994,0
232654_93618,0
232655_283874,1
232655_274255,0
232655_229544,0
232655_155727,1
232655_17323,0
232655_113179,0
232656_38543,0
232656_237211,1
232656_52853,0
232656_264496,1
232656_258284,0
232656_234884,1
232657_11600,0
232657_202247,1
232657_257454,1
232657_142831,0
232657_4758,1
232657_83672,0
232660_54892,0
232660_173933,0
232660_152600,0
232660_12827,0
232660_85388,0
232660_233247,0
232661_208656,1
232661_60428,0
232661_196880,0
232661_143527,1
232661_280070,1
232661_121387,1
232664_9919,0
232664_105744,0
232664_244210,0
232664_156146,0
232664_200797,0
232664_167301,0
232665_29923,1
232665_21504,0
232665_85914,1
232665_130828,1
232665_153143,1
232665_210661,1
232671_113826,1
232671_170612,0
232671_96630,1
232671_170768,0
232671_109024,0
232671_267696,1
232675_167340,1
232675_262299,0
232675_135398,1
232675_172941,1
232675_231790,1
232675_282350,0
232678_180533,0
232678_271560,0
232678_142462,0
232678_143989,0
232678_96774,1
232678_99448,0
232679_47543,1
232679_81100,0
232679_164760,1
232679_130023,0
232679_234411,1
232679_123391,0
232682_51675,1
232682_81807,0
232682_287168,1
232682_193403,0
232682_266143,0
232682_17723,1
232683_187444,0
232683_175623,0
232683_13946,1
232683_24748,1
232683_180456,0
232683_71874,0
232684_26097,1
232684_74542,1
232684_144199,1
232684_44427,0
232684_147237,1
232684_113179,1
232686_89364,1
232686_178137,0
232686_70524,0
232686_137370,0
232686_257846,0
232686_249251,1
232690_69253,1
232690_68019,1
232690_22419,0
232690_226835,1
232690_108152,0
232690_105306,1
232693_270454,0
232693_84938,0
232693_99448,0
232693_137220,0
232693_74501,0
232693_168638,0
232695_105897,1
232695_4393,0
232695_420,1
232695_205871,1
232695_150193,0
232695_152491,0
232696_94893,1
232696_151001,0
232696_175495,1
232696_234708,0
232696_33495,1
232696_277867,1
232700_165800,1
232700_284573,1
232700_36901,1
232700_91526,1
232700_280508,0
232700_151604,1
232704_162159,1
232704_56483,1
232704_273258,0
232704_139157,1
232704_112290,1
232704_134116,1
232707_18004,0
232707_257681,1
232707_73508,0
232707_30713,0
232707_186354,0
232707_129077,0
232708_84015,0
232708_95549,1
232708_110928,0
232708_96591,0
232708_203997,0
232708_231891,1
232710_136985,1
232710_279619,1
232710_278401,0
232710_211614,1
232710_241941,0
232710_98983,1
232711_254779,1
232711_215779,1
232711_14936,1
232711_208737,1
232711_286079,1
232711_72035,1
232712_74389,1
232712_88332,1
232712_101940,1
232712_63199,0
232712_73675,0
232712_50631,1
232717_155546,1
232717_165376,0
232717_187766,1
232717_257620,1
232717_186971,0
232717_58802,0
232718_45549,1
232718_165106,1
232718_283468,0
232718_164504,0
232718_233404,1
232718_230358,0
232720_104542,0
232720_200166,0
232720_104683,1
232720_20460,1
232720_256695,0
232720_62934,1
232722_279396,0
232722_246219,1
232722_261965,0
232722_81191,1
232722_32586,1
232722_228262,0
232724_132556,0
232724_2924,1
232724_8669,1
232724_69951,1
232724_270107,0
232724_60428,1
232726_20206,1
232726_76723,0
232726_151831,1
232726_211236,0
232726_176842,0
232726_214962,0
232729_274691,0
232729_3939,0
232729_77875,0
232729_275270,0
232729_10944,0
232729_61104,0
232730_245268,0
232730_15918,0
232730_156205,0
232730_131757,0
232730_71059,0
232730_168166,1
232733_12647,1
232733_30547,1
232733_40162,0
232733_227732,1
232733_251902,1
232733_240031,0
232734_199137,0
232734_261108,1
232734_44137,1
232734_120563,0
232734_102164,0
232734_124928,1
232735_244210,0
232735_101473,1
232735_13495,1
232735_77301,1
232735_126201,0
232735_265505,0
232737_179502,0
232737_162728,1
232737_167278,1
232737_205279,1
232737_221882,1
232737_262140,1
232740_106716,0
232740_106381,1
232740_58641,1
232740_256932,0
232740_120535,0
232740_109661,1
232744_277995,0
232744_108792,0
232744_110001,1
232744_156937,1
232744_40741,1
232744_183159,0
232745_202120,1
232745_158719,0
232745_237246,1
232745_149682,1
232745_40015,1
232745_281826,0
232746_208220,0
232746_46495,0
232746_21593,0
232746_159637,0
232746_219845,1
232746_169325,0
232747_256913,1
232747_131431,1
232747_271252,1
232747_286863,1
232747_54431,0
232747_77875,1
232754_1479,1
232754_10659,0
232754_125944,0
232754_28439,0
232754_187117,0
232754_213129,0
232758_198456,1
232758_182840,0
232758_170430,0
232758_199310,1
232758_54045,0
232758_271416,1
232760_149391,1
232760_122337,1
232760_263909,0
232760_123328,1
232760_244183,1
232760_247198,1
232762_64593,1
232762_165828,1
232762_201199,0
232762_198949,0
232762_170123,1
232762_101372,1
232765_47591,0
232765_154203,0
232765_124198,1
232765_235277,0
232765_3324,0
232765_236674,1
232766_229744,1
232766_179628,0
232766_251604,1
232766_85006,1
232766_170214,1
232766_148053,1
232772_98681,1
232772_153756,1
232772_283956,1
232772_120219,1
232772_62197,1
232772_99020,1
232774_215223,0
232774_5233,0
232774_66359,1
232774_285664,0
232774_124109,1
232774_77086,1
232775_295150,1
232775_211093,0
232775_131604,0
232775_108161,1
232775_235953,1
232775_61648,0
232776_103395,0
232776_169088,1
232776_112879,0
232776_35030,1
232776_72701,0
232776_124685,1
232780_193188,0
232780_225499,1
232780_230930,0
232780_288157,1
232780_57006,0
232780_54896,0
232781_12895,0
232781_7797,1
232781_49288,1
232781_111650,1
232781_295456,0
232781_100090,1
232783_113437,1
232783_112111,1
232783_179800,1
232783_278215,1
232783_213833,1
232783_189720,0
232791_280778,1
232791_29189,0
232791_101871,1
232791_46756,1
232791_268182,0
232791_205468,1
232792_148268,1
232792_197034,1
232792_224472,0
232792_196987,1
232792_1844,0
232792_5033,1
232793_111925,0
232793_45461,1
232793_246917,0
232793_189985,0
232793_62265,0
232793_103080,1
232797_147523,0
232797_278944,0
232797_55871,0
232797_166335,1
232797_270526,0
232797_139561,0
232800_175800,1
232800_45668,1
232800_258929,0
232800_237640,1
232800_173216,1
232800_155422,1
232801_40368,1
232801_118458,1
232801_111296,1
232801_274413,1
232801_289333,1
232801_218835,0
232802_125782,1
232802_80165,1
232802_160726,1
232802_49251,1
232802_241836,1
232802_93175,0
232803_127710,1
232803_41846,1
232803_127871,0
232803_132861,1
232803_277287,0
232803_65216,0
232806_206843,0
232806_169293,1
232806_90137,0
232806_75999,1
232806_272937,1
232806_3569,1
232807_200744,1
232807_245941,0
232807_231141,1
232807_135745,1
232807_285483,1
232807_224735,1
232811_67890,0
232811_273209,0
232811_60171,0
232811_72379,0
232811_195634,0
232811_184792,0
232813_134903,0
232813_57278,0
232813_250816,0
232813_45935,1
232813_272895,1
232813_198607,0
232814_152008,1
232814_84620,1
232814_141871,1
232814_176405,1
232814_239162,0
232814_249876,1
232819_102495,0
232819_165197,1
232819_45893,1
232819_291777,1
232819_1693,0
232819_47136,0
232820_76895,0
232820_61277,1
232820_135745,1
232820_73043,1
232820_111539,1
232820_201265,0
232821_272747,1
232821_168647,0
232821_176676,0
232821_48399,0
232821_40307,1
232821_121733,0
232822_12628,1
232822_185571,1
232822_134456,1
232822_16786,1
232822_176376,0
232822_227555,1
232826_63510,0
232826_243346,1
232826_129413,0
232826_134366,0
232826_3904,0
232826_87505,0
232828_36474,1
232828_224108,0
232828_261624,1
232828_183204,0
232828_129946,0
232828_258375,1
232829_114634,1
232829_153353,0
232829_159496,1
232829_33827,1
232829_250956,1
232829_104190,0
232833_243020,0
232833_168,1
232833_76443,1
232833_58511,1
232833_267135,1
232833_101473,1
232837_72322,0
232837_70788,1
232837_11547,0
232837_46036,1
232837_9297,1
232837_166108,0
232841_52969,0
232841_136058,1
232841_236504,0
232841_264486,1
232841_83187,0
232841_170090,0
232847_129467,0
232847_200680,0
232847_28142,1
232847_7180,1
232847_79419,1
232847_264667,1
232850_140019,0
232850_166517,1
232850_152491,1
232850_283814,0
232850_259934,1
232850_98208,1
232851_154722,0
232851_78876,1
232851_64061,1
232851_146570,1
232851_122617,1
232851_187645,1
232856_24136,1
232856_131564,1
232856_106977,1
232856_231141,1
232856_72875,1
232856_60913,1
232857_231859,1
232857_175875,0
232857_102547,1
232857_96910,0
232857_276888,1
232857_236686,1
232858_92498,1
232858_69994,1
232858_244406,1
232858_164607,0
232858_66445,1
232858_275400,0
232862_269065,1
232862_201988,0
232862_286541,1
232862_219751,1
232862_116385,1
232862_14811,1
232864_165653,1
232864_104964,1
232864_64788,0
232864_137743,1
232864_175800,1
232864_79411,0
232865_206958,1
232865_294134,1
232865_150712,1
232865_216343,0
232865_10236,1
232865_79650,0
232867_99037,1
232867_209998,0
232867_182475,0
232867_247416,1
232867_135295,0
232867_16017,1
232870_143734,1
232870_263806,1
232870_55599,0
232870_278320,1
232870_292896,0
232870_92851,0
232872_118642,1
232872_99305,1
232872_98226,1
232872_9135,1
232872_1066,0
232872_147945,1
232874_291338,0
232874_54217,1
232874_157515,1
232874_107959,1
232874_286426,1
232874_129684,1
232876_262921,1
232876_106094,1
232876_32606,1
232876_98681,1
232876_175319,1
232876_82422,1
232877_32868,1
232877_198803,1
232877_167017,1
232877_6083,1
232877_159035,1
232877_204950,0
232878_284984,0
232878_121496,1
232878_201109,0
232878_263281,1
232878_184748,1
232878_35536,0
232880_115967,1
232880_64051,1
232880_48954,1
232880_65050,1
232880_21434,0
232880_84033,1
232881_224373,1
232881_173476,1
232881_101360,0
232881_261695,1
232881_158358,1
232881_119090,0
232882_203902,1
232882_248823,0
232882_19696,1
232882_264551,0
232882_245734,1
232882_98890,1
232886_54397,0
232886_294590,1
232886_109625,1
232886_254330,1
232886_81902,0
232886_244319,1
232887_101872,1
232887_283183,0
232887_150164,0
232887_147112,1
232887_296081,1
232887_22132,1
232889_187953,1
232889_86574,0
232889_61827,0
232889_127990,1
232889_184197,1
232889_128705,1
232894_41888,0
232894_187169,1
232894_111063,1
232894_69315,0
232894_215251,0
232894_75661,0
232896_136827,1
232896_242926,1
232896_144424,1
232896_70388,0
232896_86300,0
232896_244983,1
232897_2455,1
232897_179615,1
232897_72878,1
232897_165656,0
232897_3964,0
232897_23611,0
232898_80409,0
232898_42775,0
232898_67059,0
232898_184259,0
232898_76930,0
232898_106788,0
232901_168514,0
232901_99812,1
232901_139002,0
232901_214754,0
232901_210064,0
232901_24312,0
232902_210104,1
232902_84768,1
232902_130074,1
232902_47761,1
232902_210679,1
232902_267670,1
232906_15621,0
232906_110789,1
232906_235211,1
232906_139002,0
232906_27904,0
232906_154821,0
232908_235059,1
232908_257415,1
232908_229654,1
232908_75526,0
232908_286426,1
232908_133701,1
232911_94338,1
232911_50079,0
232911_28123,1
232911_19943,1
232911_52853,1
232911_227711,1
232912_129975,1
232912_292488,0
232912_117993,0
232912_35693,0
232912_178503,0
232912_219794,1
232914_6991,0
232914_30594,1
232914_250273,1
232914_7188,1
232914_79640,1
232914_263118,0
232915_293835,0
232915_121135,1
232915_15735,0
232915_195922,0
232915_267078,1
232915_37202,1
232916_275729,1
232916_201611,0
232916_237564,1
232916_22611,1
232916_5033,0
232916_260780,0
232918_65772,0
232918_252467,0
232918_260780,0
232918_266465,0
232918_276189,1
232918_56360,0
232919_145221,1
232919_18863,1
232919_225494,1
232919_84017,0
232919_78132,1
232919_274169,1
232920_149377,1
232920_45543,1
232920_76696,1
232920_3420,0
232920_29894,1
232920_213944,0
232921_282144,0
232921_80482,0
232921_206044,1
232921_39477,1
232921_69081,1
232921_113520,1
232926_97174,0
232926_41733,0
232926_235716,0
232926_86170,1
232926_249320,0
232926_51234,0
232928_135249,1
232928_228857,1
232928_116597,0
232928_258546,0
232928_44453,1
232928_135181,1
232935_77050,1
232935_81689,1
232935_63327,0
232935_89363,1
232935_120960,0
232935_139981,1
232936_277671,0
232936_53163,0
232936_11469,0
232936_71685,1
232936_206044,1
232936_283018,1
232937_161539,1
232937_275660,0
232937_21607,0
232937_222793,1
232937_92516,1
232937_292149,0
232940_183890,1
232940_230195,0
232940_201191,0
232940_107149,0
232940_133123,0
232940_242372,1
232944_182890,0
232944_150559,0
232944_73559,0
232944_250816,0
232944_78577,0
232944_106736,0
232946_237718,1
232946_50757,0
232946_281826,1
232946_281844,1
232946_165644,1
232946_66003,1
232947_203738,0
232947_231980,1
232947_90999,0
232947_49944,1
232947_74024,0
232947_111461,1
232948_27823,0
232948_109270,0
232948_61846,0
232948_267130,0
232948_116741,0
232948_63516,0
232949_59775,1
232949_281792,0
232949_135348,1
232949_284070,1
232949_13873,1
232949_127573,1
232952_3295,0
232952_94559,1
232952_79545,1
232952_98734,0
232952_36916,1
232952_152600,0
232953_22704,0
232953_4551,0
232953_206044,1
232953_105075,1
232953_52855,0
232953_12548,0
232954_151892,0
232954_268343,0
232954_78684,0
232954_88975,0
232954_53185,0
232954_52606,0
232955_146570,1
232955_250273,1
232955_100019,0
232955_112840,1
232955_121790,0
232955_108120,0
232956_66550,1
232956_282136,1
232956_211535,1
232956_6548,1
232956_77246,1
232956_95942,1
232958_82236,0
232958_174023,0
232958_109819,0
232958_85599,0
232958_127693,0
232958_42189,0
232959_195357,1
232959_171714,0
232959_41700,1
232959_9135,1
232959_247269,0
232959_238954,1
232965_96100,1
232965_157639,1
232965_145316,0
232965_12277,1
232965_18486,0
232965_9852,0
232975_73768,0
232975_79211,1
232975_152736,0
232975_245995,1
232975_274535,1
232975_65,0
232985_262715,0
232985_253463,0
232985_7055,0
232985_47591,1
232985_45340,1
232985_62824,0
232987_252467,1
232987_261795,0
232987_117812,0
232987_230239,0
232987_99448,0
232987_214212,0
232993_39187,0
232993_153291,1
232993_58443,0
232993_78268,1
232993_186602,1
232993_135320,0
232995_17943,0
232995_83933,0
232995_223796,1
232995_43565,1
232995_9853,1
232995_53887,0
232998_123169,0
232998_278717,0
232998_294289,1
232998_130747,1
232998_281850,0
232998_215594,0
233000_120246,0
233000_53167,1
233000_202483,0
233000_26225,1
233000_177116,1
233000_133966,0
233001_17035,1
233001_149948,1
233001_209757,1
233001_75123,0
233001_183298,0
233001_8477,1
233002_10628,1
233002_197270,1
233002_75217,0
233002_164591,1
233002_105563,1
233002_53505,0
233003_69236,0
233003_58433,1
233003_35574,1
233003_58953,1
233003_117949,1
233003_153344,1
233004_91604,0
233004_92481,0
233004_148871,1
233004_256735,0
233004_61949,1
233004_161022,0
233006_219794,1
233006_12745,0
233006_246261,1
233006_73460,1
233006_255491,1
233006_10800,1
233007_272652,0
233007_162111,0
233007_64988,0
233007_148270,0
233007_148067,1
233007_141610,0
233010_145014,1
233010_123010,1
233010_275739,1
233010_153183,1
233010_163557,1
233010_131171,1
233012_33552,1
233012_194768,0
233012_254092,1
233012_131487,0
233012_254349,0
233012_155097,1
233013_271794,1
233013_20042,1
233013_56729,1
233013_153455,1
233013_255900,0
233013_201735,0
233014_112875,1
233014_80165,0
233014_157936,0
233014_151539,1
233014_251511,0
233014_238633,0
233017_279305,0
233017_95068,0
233017_179788,0
233017_49860,1
233017_277031,0
233017_221491,1
233018_250753,1
233018_150456,1
233018_30877,0
233018_67633,1
233018_168553,1
233018_199610,1
233019_215401,1
233019_273696,1
233019_123232,0
233019_120535,0
233019_114217,1
233019_133617,0
233023_230904,1
233023_22760,1
233023_91837,1
233023_225562,1
233023_126097,1
233023_268416,0
233024_75256,1
233024_2146,0
233024_203243,1
233024_225234,0
233024_69309,1
233024_151924,0
233027_85567,1
233027_68845,0
233027_263513,1
233027_244686,1
233027_30620,1
233027_166812,1
233028_170260,1
233028_207694,1
233028_112211,0
233028_236991,0
233028_69879,0
233028_35632,1
233029_294233,0
233029_103861,0
233029_290477,0
233029_17790,0
233029_100516,0
233029_84801,0
233030_243378,1
233030_109144,1
233030_46552,1
233030_111712,0
233030_33195,0
233030_49615,0
233031_92843,1
233031_175144,0
233031_86266,1
233031_210733,1
233031_114357,0
233031_142342,0
233038_267039,1
233038_98861,0
233038_134872,1
233038_141713,0
233038_122096,0
233038_137079,0
233040_269227,1
233040_205043,0
233040_101871,1
233040_264790,0
233040_293385,1
233040_121931,1
233041_22839,0
233041_173344,0
233041_281946,0
233041_257369,1
233041_162716,1
233041_164587,0
233045_47961,0
233045_245071,0
233045_295413,0
233045_24286,0
233045_247824,0
233045_70637,0
233047_98861,0
233047_102931,0
233047_17979,1
233047_263200,1
233047_213012,0
233047_230809,0
233049_86665,0
233049_140969,0
233049_213415,1
233049_173538,0
233049_247633,1
233049_206878,0
233051_267135,0
233051_278582,0
233051_214726,0
233051_61196,0
233051_76047,0
233051_205705,0
233056_32714,1
233056_150387,0
233056_253858,1
233056_116603,1
233056_31487,1
233056_248033,0
233058_74622,1
233058_159100,1
233058_237622,1
233058_63454,0
233058_107659,1
233058_65453,1
233062_156009,0
233062_260179,1
233062_95770,0
233062_19138,0
233062_18289,1
233062_127265,1
233065_152626,0
233065_262770,0
233065_169566,1
233065_116180,0
233065_34334,1
233065_42331,0
233070_166288,0
233070_204744,0
233070_40975,0
233070_38775,0
233070_101745,0
233070_240599,0
233071_244283,0
233071_220786,0
233071_97094,1
233071_182465,0
233071_82444,0
233071_203074,0
233074_196431,0
233074_86103,0
233074_222443,1
233074_2432,0
233074_261372,1
233074_276147,1
233082_216514,1
233082_13371,1
233082_131564,1
233082_226889,1
233082_206870,1
233082_86481,1
233083_221486,0
233083_25756,1
233083_212775,1
233083_212592,1
233083_199310,0
233083_59652,0
233085_121760,0
233085_167750,0
233085_262878,1
233085_238777,1
233085_253265,1
233085_33414,0
233087_192491,0
233087_92787,1
233087_221347,0
233087_187348,1
233087_17593,1
233087_221995,0
233088_153080,1
233088_166328,0
233088_209725,1
233088_129748,1
233088_169490,1
233088_152626,0
233089_263828,0
233089_11927,1
233089_275739,0
233089_27573,1
233089_236112,0
233089_188342,1
233091_66803,0
233091_112017,1
233091_67267,0
233091_9514,0
233091_260829,0
233091_222748,1
233094_61054,1
233094_108969,1
233094_30795,1
233094_81685,0
233094_249777,1
233094_21593,0
233099_89158,0
233099_171529,0
233099_169310,0
233099_76477,0
233099_239551,0
233099_262757,0
233102_108780,0
233102_122337,1
233102_288162,1
233102_153183,0
233102_122108,1
233102_231615,1
233105_112030,1
233105_218238,0
233105_79655,1
233105_148270,0
233105_72489,1
233105_191269,1
233107_263712,0
233107_34511,0
233107_40860,0
233107_16542,1
233107_2225,1
233107_207890,1
233108_136563,0
233108_115335,0
233108_181232,0
233108_156433,0
233108_261774,0
233108_77154,1
233109_263709,0
233109_156269,1
233109_92564,0
233109_208759,0
233109_86103,1
233109_216343,1
233110_253218,0
233110_83385,1
233110_266829,1
233110_77125,1
233110_246946,1
233110_116212,0
233111_176639,1
233111_39460,1
233111_146282,1
233111_245229,1
233111_174171,0
233111_207096,1
233114_26561,1
233114_90206,1
233114_39961,0
233114_74096,1
233114_89553,1
233114_141772,1
233115_11813,1
233115_84938,0
233115_149660,1
233115_234728,1
233115_207101,0
233115_118170,1
233119_237211,1
233119_152549,1
233119_100342,1
233119_249919,1
233119_278281,0
233119_61539,1
233122_173038,0
233122_10794,1
233122_178237,0
233122_36024,1
233122_220488,1
233122_45166,1
233123_44182,0
233123_270004,1
233123_192801,1
233123_57164,0
233123_127117,0
233123_74296,0
233128_226889,1
233128_176916,1
233128_293312,0
233128_84531,0
233128_52617,0
233128_96084,0
233129_72239,1
233129_172349,0
233129_183138,0
233129_175211,1
233129_189952,0
233129_268716,0
233131_176248,1
233131_250766,1
233131_75956,0
233131_126326,1
233131_32185,1
233131_63244,1
233134_79723,1
233134_256108,0
233134_51419,1
233134_241488,0
233134_240204,1
233134_163956,0
233135_113219,1
233135_32651,1
233135_234138,0
233135_23629,1
233135_33432,0
233135_263043,0
233139_212591,0
233139_66593,1
233139_14833,1
233139_75344,0
233139_42889,0
233139_37856,1
233141_152732,1
233141_241981,0
233141_192794,0
233141_114120,1
233141_147044,1
233141_173677,0
233142_278582,1
233142_91475,1
233142_248554,1
233142_183349,0
233142_118137,0
233142_70637,1
233143_133135,0
233143_252799,1
233143_80129,0
233143_202727,0
233143_93880,1
233143_144771,0
233144_232937,0
233144_150719,0
233144_191650,0
233144_275085,0
233144_89212,0
233144_208113,0
233149_135799,1
233149_284014,0
233149_75560,1
233149_214767,0
233149_275408,0
233149_251810,1
233152_104265,0
233152_193175,1
233152_237746,0
233152_47420,0
233152_278271,0
233152_214727,1
233154_279793,0
233154_291206,0
233154_57348,1
233154_10790,1
233154_233221,0
233154_198105,1
233156_89346,0
233156_202101,0
233156_173257,0
233156_128470,1
233156_124030,1
233156_254494,0
233158_34354,1
233158_84431,0
233158_165957,1
233158_60350,1
233158_19039,0
233158_143379,0
233159_42246,0
233159_44251,1
233159_227059,1
233159_282355,1
233159_238083,0
233159_186399,1
233162_249649,1
233162_227198,1
233162_198685,0
233162_17790,0
233162_198197,1
233162_172240,0
233164_227732,1
233164_207401,1
233164_75856,1
233164_239452,0
233164_20797,1
233164_67182,0
233178_263230,0
233178_97730,0
233178_147585,1
233178_288520,1
233178_152638,0
233178_163853,1
233185_77524,0
233185_157145,1
233185_127489,1
233185_89740,0
233185_106948,1
233185_76043,0
233187_134456,1
233187_162472,0
233187_151926,1
233187_136556,1
233187_140692,1
233187_52617,1
233193_75813,0
233193_213072,1
233193_274499,1
233193_167345,1
233193_133952,0
233193_33827,0
233194_47247,1
233194_68653,0
233194_96908,1
233194_45938,0
233194_209370,1
233194_254659,0
233196_2898,0
233196_98584,1
233196_63786,0
233196_98611,0
233196_245693,0
233196_179621,0
233198_119391,0
233198_279226,0
233198_286152,1
233198_215325,1
233198_140523,0
233198_32753,1
233199_127812,0
233199_254494,0
233199_262257,0
233199_259770,1
233199_152800,0
233199_259710,1
233200_102212,1
233200_185815,0
233200_168904,0
233200_132199,0
233200_221717,1
233200_194901,1
233201_67954,1
233201_27235,1
233201_201087,0
233201_236593,0
233201_7596,1
233201_31129,0
233202_27345,1
233202_20765,0
233202_195283,1
233202_45139,1
233202_187112,0
233202_210062,0
233203_138809,1
233203_150618,1
233203_47528,1
233203_69129,1
233203_217557,1
233203_167873,1
233205_23823,0
233205_115045,1
233205_256232,1
233205_100174,1
233205_107959,1
233205_70268,1
233212_289316,1
233212_209181,1
233212_182781,1
233212_161072,0
233212_269227,1
233212_120377,0
233213_94513,0
233213_57701,1
233213_98250,0
233213_212408,0
233213_98734,1
233213_168462,1
233215_227749,1
233215_144463,0
233215_20912,0
233215_42979,0
233215_290000,0
233215_44963,1
233225_175817,1
233225_230811,1
233225_182170,0
233225_279195,1
233225_100142,1
233225_169945,0
233226_62438,1
233226_211324,1
233226_193475,1
233226_227397,1
233226_184610,1
233226_134548,0
233227_256681,0
233227_289553,1
233227_113884,1
233227_159386,1
233227_149226,0
233227_14873,1
233228_107959,1
233228_3534,1
233228_125758,1
233228_24545,1
233228_3947,1
233228_167340,1
233229_198144,1
233229_184697,1
233229_234432,1
233229_138355,0
233229_86779,0
233229_212119,1
233231_89323,0
233231_81739,0
233231_123749,1
233231_36934,1
233231_282197,0
233231_251902,1
233233_217741,1
233233_174234,0
233233_61166,1
233233_138503,1
233233_180381,1
233233_196514,1
233234_245658,1
233234_286619,1
233234_150740,1
233234_223484,1
233234_163294,1
233234_65731,1
233236_142063,0
233236_265032,0
233236_277862,0
233236_222103,0
233236_33713,0
233236_265434,0
233238_161437,0
233238_205006,1
233238_45631,0
233238_248472,1
233238_106192,0
233238_122020,1
233243_245640,1
233243_220729,1
233243_70188,1
233243_61004,0
233243_126230,0
233243_45085,0
233246_102472,0
233246_204208,0
233246_88840,0
233246_4257,0
233246_132210,0
233246_182416,0
233248_137679,1
233248_56976,1
233248_103313,1
233248_41483,0
233248_144067,1
233248_159847,1
233249_14357,1
233249_238748,0
233249_159549,0
233249_79419,0
233249_163623,1
233249_20747,0
233250_64459,1
233250_168785,1
233250_147555,1
233250_153967,1
233250_147394,0
233250_105828,1
233252_81915,0
233252_102547,1
233252_160661,1
233252_181408,0
233252_200074,1
233252_3634,1
233257_59158,0
233257_280823,0
233257_293065,0
233257_221601,0
233257_192670,0
233257_188481,0
233260_148864,0
233260_36058,1
233260_221618,1
233260_292224,1
233260_34397,1
233260_231997,0
233263_92449,0
233263_142709,0
233263_79682,0
233263_246966,0
233263_20163,0
233263_260400,0
233267_149391,0
233267_140585,0
233267_13641,0
233267_210656,0
233267_209371,1
233267_266947,0
233268_11480,0
233268_105306,1
233268_100202,0
233268_281016,1
233268_111720,1
233268_103861,1
233270_45683,0
233270_108328,0
233270_193887,0
233270_27619,0
233270_130606,0
233270_66886,0
233272_208698,0
233272_227327,0
233272_195935,0
233272_282549,1
233272_26244,1
233272_254203,1
233273_173488,1
233273_86266,1
233273_71836,0
233273_116969,1
233273_60285,1
233273_190979,1
233274_140379,1
233274_127818,1
233274_63747,0
233274_38708,0
233274_182278,0
233274_251902,1
233279_147793,1
233279_164892,0
233279_221924,1
233279_52617,1
233279_109534,0
233279_248962,0
233280_151899,0
233280_52454,0
233280_72595,1
233280_217557,1
233280_140632,0
233280_250266,0
233284_187843,0
233284_195420,1
233284_169892,1
233284_196345,0
233284_76960,1
233284_67481,0
233285_44240,1
233285_226932,0
233285_78603,1
233285_288091,1
233285_76560,0
233285_269175,0
233288_38570,1
233288_93287,1
233288_255924,1
233288_247218,1
233288_137657,0
233288_18392,1
233291_279943,1
233291_22463,0
233291_98851,0
233291_95175,0
233291_22466,1
233291_274467,0
233294_146264,1
233294_114723,1
233294_149337,0
233294_200797,0
233294_189657,0
233294_113162,0
233295_269768,0
233295_289911,0
233295_81100,1
233295_292615,0
233295_230797,1
233295_258771,1
233297_34503,1
233297_167451,1
233297_261695,1
233297_6453,1
233297_89107,1
233297_67730,1
233298_263759,0
233298_41340,1
233298_137541,1
233298_231015,0
233298_63796,0
233298_18201,1
233303_243020,0
233303_206064,0
233303_228892,1
233303_187944,1
233303_232351,1
233303_129190,1
233306_208884,1
233306_217483,0
233306_19314,1
233306_31024,1
233306_228987,0
233306_239223,1
233307_220126,0
233307_255968,1
233307_146412,0
233307_157486,1
233307_212852,0
233307_280975,0
233310_113224,1
233310_110855,1
233310_223837,1
233310_52830,0
233310_85163,1
233310_261851,1
233313_156634,1
233313_94711,0
233313_242681,1
233313_204886,1
233313_192563,1
233313_46110,1
233314_229761,0
233314_149850,0
233314_73812,0
233314_83512,0
233314_60217,1
233314_225217,1
233319_186399,1
233319_264110,1
233319_259316,0
233319_162433,0
233319_98878,1
233319_169310,0
233321_114185,1
233321_111637,0
233321_145417,0
233321_124221,0
233321_143983,0
233321_140019,0
233323_121824,1
233323_266465,1
233323_256690,1
233323_105450,1
233323_220242,1
233323_92793,1
233325_14485,0
233325_196904,1
233325_42950,0
233325_227294,0
233325_84841,1
233325_120535,0
233328_281815,0
233328_3222,1
233328_3687,0
233328_33709,1
233328_208284,0
233328_292681,0
233332_1198,0
233332_136736,1
233332_257899,1
233332_177409,1
233332_210679,1
233332_260125,1
233334_248380,1
233334_230358,1
233334_128887,1
233334_44384,0
233334_263185,0
233334_60354,0
233337_162126,1
233337_44222,0
233337_177754,0
233337_256009,1
233337_6522,0
233337_165302,1
233338_103236,1
233338_130097,1
233338_77329,1
233338_273400,0
233338_237561,1
233338_158785,1
233339_34152,1
233339_100522,1
233339_107435,0
233339_246593,0
233339_222314,1
233339_168855,1
233340_201580,1
233340_164989,1
233340_51071,0
233340_217435,1
233340_44003,1
233340_176641,0
233341_250601,1
233341_263797,1
233341_379,0
233341_29189,0
233341_18001,0
233341_18067,1
233343_41212,1
233343_113576,1
233343_114129,1
233343_112225,0
233343_244652,0
233343_96187,0
233346_125970,1
233346_16745,1
233346_220522,1
233346_31714,1
233346_62906,1
233346_257148,1
233349_78093,1
233349_68670,1
233349_267088,1
233349_34615,0
233349_277867,1
233349_21415,1
233350_293216,0
233350_101871,1
233350_179556,1
233350_61997,1
233350_20391,0
233350_175250,1
233351_256134,1
233351_92812,1
233351_248211,1
233351_24257,1
233351_33227,1
233351_185252,1
233352_241981,1
233352_150502,1
233352_22132,1
233352_84699,1
233352_22988,1
233352_195859,1
233353_250229,0
233353_16543,1
233353_201709,1
233353_189935,0
233353_14940,1
233353_89767,0
233354_195223,1
233354_68912,1
233354_123232,1
233354_144916,0
233354_146981,0
233354_17367,1
233355_80572,0
233355_136523,1
233355_62493,0
233355_216316,0
233355_263828,0
233355_167616,1
233356_46341,0
233356_14905,0
233356_257185,0
233356_172420,1
233356_199807,0
233356_17302,0
233359_61530,0
233359_65314,1
233359_81902,1
233359_229053,1
233359_175506,0
233359_293884,1
233361_61617,0
233361_111561,0
233361_182297,1
233361_161986,1
233361_233494,0
233361_71524,0
233362_220488,0
233362_215325,0
233362_187847,0
233362_111718,0
233362_246883,0
233362_110067,0
233363_168420,1
233363_76276,1
233363_198284,0
233363_72718,1
233363_204267,1
233363_182112,1
233365_83093,0
233365_267099,1
233365_133923,0
233365_87090,1
233365_20499,0
233365_6116,1
233371_220488,1
233371_247218,1
233371_128111,0
233371_261982,0
233371_14689,0
233371_36641,1
233372_185902,0
233372_102452,1
233372_261108,0
233372_263647,1
233372_176430,1
233372_198064,1
233373_217557,1
233373_240991,0
233373_244608,1
233373_72224,0
233373_210522,1
233373_262415,0
233374_127932,1
233374_58702,1
233374_271283,1
233374_97730,0
233374_147507,0
233374_199786,1
233376_120563,1
233376_133467,1
233376_232268,1
233376_198994,0
233376_215325,0
233376_102009,0
233377_99327,1
233377_61606,0
233377_103204,0
233377_260787,0
233377_76499,0
233377_4604,0
233379_42375,1
233379_275091,0
233379_143236,0
233379_175312,1
233379_256132,1
233379_231595,1
233382_243303,0
233382_288583,0
233382_70268,1
233382_77086,1
233382_292959,0
233382_72878,1
233384_82713,1
233384_91239,1
233384_34603,1
233384_276760,1
233384_294282,1
233384_138590,1
233390_137170,1
233390_46303,1
233390_172540,0
233390_35512,0
233390_137261,1
233390_169354,0
233391_13641,1
233391_268336,0
233391_200132,0
233391_229462,0
233391_146605,0
233391_249753,0
233392_269846,1
233392_176586,0
233392_202607,1
233392_126688,1
233392_176853,0
233392_161098,1
233395_235337,1
233395_149600,1
233395_22894,0
233395_27545,0
233395_183634,0
233395_221100,1
233399_142408,1
233399_210227,1
233399_178286,1
233399_230775,1
233399_38502,1
233399_270801,1
233403_186588,1
233403_228120,0
233403_212322,1
233403_236388,1
233403_170037,1
233403_97319,0
233408_217557,1
233408_16976,1
233408_154105,1
233408_269621,0
233408_31326,0
233408_250851,1
233414_234289,0
233414_161452,1
233414_185102,0
233414_158665,0
233414_19873,1
233414_272575,1
233415_226641,0
233415_131299,0
233415_149859,0
233415_166454,0
233415_162647,0
233415_177275,0
233416_102547,1
233416_239620,0
233416_41372,1
233416_231141,0
233416_50047,1
233416_104712,0
233417_197936,1
233417_70268,1
233417_37161,0
233417_262037,1
233417_295024,1
233417_41216,1
233418_103273,0
233418_146981,1
233418_20999,0
233418_239284,0
233418_35574,0
233418_295314,0
233420_136343,1
233420_210328,1
233420_225174,1
233420_175144,1
233420_270118,0
233420_254837,0
233421_263281,1
233421_137866,0
233421_106428,1
233421_156913,1
233421_180133,1
233421_203526,0
233426_225847,1
233426_164912,1
233426_5207,1
233426_36734,0
233426_56900,0
233426_25107,0
233427_271041,1
233427_86647,1
233427_87556,0
233427_209823,0
233427_22801,1
233427_175756,0
233431_79309,0
233431_23945,0
233431_273070,0
233431_34084,0
233431_134458,1
233431_76168,1
233437_195435,1
233437_12889,1
233437_76002,1
233437_48491,0
233437_269489,1
233437_176632,1
233442_230904,1
233442_66875,1
233442_225311,0
233442_67942,1
233442_116799,1
233442_228267,1
233444_104542,0
233444_254008,1
233444_141058,0
233444_56811,0
233444_49962,0
233444_181708,0
233445_26140,1
233445_31358,1
233445_286520,1
233445_189823,1
233445_255065,1
233445_134456,1
233448_75977,0
233448_4101,1
233448_224337,1
233448_236723,1
233448_63041,0
233448_145121,1
233456_181316,1
233456_200946,0
233456_271172,1
233456_249959,1
233456_31436,1
233456_31165,1
233464_152346,0
233464_235147,0
233464_38015,0
233464_182507,0
233464_225134,0
233464_60729,0
233465_72875,1
233465_211189,0
233465_83168,0
233465_189577,0
233465_150712,1
233465_10357,1
233468_42088,0
233468_86300,1
233468_73043,1
233468_209082,1
233468_42334,1
233468_247210,0
233473_23679,1
233473_185793,0
233473_143883,1
233473_247264,0
233473_77789,1
233473_29018,1
233474_233322,0
233474_57651,0
233474_281792,0
233474_256533,0
233474_287816,0
233474_205791,0
233478_268333,0
233478_142675,1
233478_293496,1
233478_47124,0
233478_220166,0
233478_119294,1
233479_218192,0
233479_146354,0
233479_36647,0
233479_238389,1
233479_263243,1
233479_14961,0
233481_141921,1
233481_211093,0
233481_205720,1
233481_221486,0
233481_87849,0
233481_184507,0
233483_198293,0
233483_201222,1
233483_13422,0
233483_108289,1
233483_51539,1
233483_176515,1
233485_156491,1
233485_287229,0
233485_149337,1
233485_4353,1
233485_100176,0
233485_285078,0
233486_173539,0
233486_151924,0
233486_24631,0
233486_208804,0
233486_1108,0
233486_6575,0
233488_168265,0
233488_137999,0
233488_41392,0
233488_4823,0
233488_33045,0
233488_222834,0
233493_112808,1
233493_269348,0
233493_136502,1
233493_148419,1
233493_206176,1
233493_83417,1
233494_255065,1
233494_216012,1
233494_159830,0
233494_126189,1
233494_33709,1
233494_284294,0
233495_93021,1
233495_96755,1
233495_208389,0
233495_58491,1
233495_31487,1
233495_200781,1
233496_218867,1
233496_49155,0
233496_96377,1
233496_276071,1
233496_139620,0
233496_165376,0
233497_59774,1
233497_106968,0
233497_156411,1
233497_41711,0
233497_181361,1
233497_24748,1
233500_76394,1
233500_60276,1
233500_41301,1
233500_81078,1
233500_262257,1
233500_291149,0
233503_214727,1
233503_143363,1
233503_86928,1
233503_93230,1
233503_197941,1
233503_91163,0
233505_144942,1
233505_76280,0
233505_288091,1
233505_33195,1
233505_125482,0
233505_98075,0
233509_191193,1
233509_160396,0
233509_172006,1
233509_265096,1
233509_238420,1
233509_131453,1
233515_261447,1
233515_112615,1
233515_74622,1
233515_54892,1
233515_114723,1
233515_127473,1
233516_159406,1
233516_114656,1
233516_116,1
233516_63532,0
233516_281680,0
233516_157116,1
233520_89010,0
233520_185349,1
233520_143892,0
233520_115145,0
233520_65220,1
233520_166629,1
233521_143033,0
233521_28886,1
233521_51555,0
233521_224065,0
233521_34447,0
233521_214812,1
233524_291603,1
233524_235283,0
233524_294480,1
233524_129638,1
233524_259770,1
233524_91034,0
233525_7114,1
233525_144463,0
233525_3109,1
233525_163053,1
233525_267480,0
233525_203198,1
233526_81712,0
233526_261335,1
233526_92575,0
233526_49146,0
233526_77834,0
233526_87474,0
233527_147585,0
233527_237727,1
233527_233089,1
233527_115028,0
233527_184275,0
233527_66927,0
233528_152321,0
233528_15405,1
233528_9514,1
233528_174669,1
233528_92062,0
233528_282245,0
233529_85388,0
233529_238113,0
233529_277984,1
233529_138794,1
233529_116970,0
233529_180214,0
233530_93883,0
233530_262675,0
233530_218732,0
233530_248205,1
233530_109747,1
233530_231680,1
233531_123367,0
233531_168585,0
233531_85914,0
233531_109937,0
233531_107420,0
233531_68877,0
233534_31440,1
233534_193154,1
233534_54787,1
233534_195520,1
233534_201147,1
233534_228016,1
233535_115967,1
233535_124498,1
233535_106183,1
233535_116706,1
233535_186029,1
233535_225974,0
233536_12125,0
233536_200872,1
233536_239052,1
233536_202549,0
233536_234144,0
233536_69297,1
233538_1754,0
233538_46796,1
233538_13287,1
233538_78157,1
233538_270004,1
233538_274659,1
233541_165675,0
233541_113,1
233541_211623,1
233541_80050,0
233541_149099,1
233541_76816,1
233543_33065,1
233543_98818,1
233543_262523,1
233543_93787,1
233543_249301,1
233543_212445,0
233545_15821,0
233545_151924,1
233545_32050,0
233545_172031,0
233545_213019,1
233545_31974,1
233548_219160,0
233548_213168,0
233548_55949,1
233548_4650,0
233548_238232,0
233548_136327,1
233549_123220,1
233549_194869,1
233549_179731,1
233549_165800,1
233549_20211,0
233549_55417,0
233551_87732,0
233551_92910,1
233551_12176,0
233551_142770,0
233551_263438,1
233551_194805,1
233553_268850,1
233553_113977,1
233553_264273,0
233553_195439,1
233553_247494,1
233553_185295,1
233556_295159,1
233556_46922,0
233556_144499,1
233556_161617,1
233556_158358,1
233556_165708,1
233557_256832,1
233557_260507,1
233557_267693,1
233557_136523,1
233557_255143,0
233557_86437,1
233562_154736,0
233562_131109,1
233562_164212,1
233562_150561,0
233562_48375,1
233562_210646,1
233565_137237,1
233565_92995,1
233565_257603,1
233565_119040,0
233565_245909,1
233565_270142,1
233566_59789,1
233566_270749,1
233566_202635,0
233566_55280,1
233566_246898,1
233566_26561,1
233567_162314,0
233567_246219,1
233567_189775,1
233567_187117,1
233567_143355,0
233567_77295,1
233574_204887,1
233574_34824,1
233574_95774,0
233574_52447,0
233574_13743,0
233574_220935,0
233575_171539,0
233575_169120,0
233575_188589,0
233575_201882,0
233575_72208,1
233575_267824,1
233577_83160,1
233577_230677,1
233577_159637,1
233577_286721,0
233577_44874,1
233577_150712,1
233581_21286,1
233581_18515,1
233581_10062,1
233581_43873,1
233581_231349,1
233581_192331,1
233584_42166,0
233584_279408,0
233584_8244,0
233584_55324,0
233584_115550,1
233584_214979,1
233586_122580,1
233586_170024,1
233586_83159,1
233586_125251,1
233586_217768,1
233586_122879,1
233589_171869,1
233589_83842,1
233589_235716,0
233589_93197,0
233589_123662,1
233589_186448,1
233599_242650,0
233599_3295,0
233599_278152,1
233599_139654,1
233599_122008,1
233599_39399,1
233600_103709,0
233600_63433,1
233600_221909,0
233600_268810,1
233600_170480,0
233600_244986,1
233602_291128,1
233602_31303,1
233602_287416,1
233602_61208,0
233602_175884,1
233602_33195,1
233603_16911,1
233603_38823,1
233603_18645,0
233603_943,1
233603_58832,0
233603_114191,1
233611_162049,1
233611_197107,0
233611_13392,0
233611_50106,1
233611_28375,1
233611_52044,1
233613_295323,1
233613_101321,1
233613_144452,0
233613_88840,1
233613_239582,1
233613_126396,1
233614_113233,0
233614_211834,0
233614_73312,0
233614_211093,0
233614_83924,0
233614_25142,0
233615_46721,0
233615_262192,0
233615_266657,1
233615_123323,0
233615_199818,0
233615_139094,0
233616_46225,1
233616_289694,1
233616_137479,0
233616_127862,1
233616_146570,1
233616_51641,0
233625_213716,1
233625_83891,1
233625_210390,0
233625_286863,1
233625_224351,1
233625_134788,1
233626_238411,1
233626_155158,1
233626_169927,1
233626_54263,1
233626_236132,1
233626_261695,1
233627_241077,1
233627_157988,1
233627_190099,0
233627_212142,0
233627_229870,0
233627_97036,1
233636_156293,0
233636_128830,1
233636_175245,1
233636_67633,1
233636_96741,0
233636_228746,1
233638_275816,1
233638_38570,1
233638_53459,0
233638_71685,1
233638_160435,0
233638_209790,0
233640_94498,1
233640_237704,1
233640_69508,0
233640_218715,1
233640_233310,0
233640_230811,0
233641_233117,0
233641_77246,1
233641_60900,1
233641_199101,1
233641_3597,1
233641_105779,1
233642_215223,1
233642_138056,0
233642_218429,0
233642_264746,1
233642_196733,0
233642_81325,1
233643_125958,0
233643_80603,1
233643_81561,1
233643_235862,0
233643_252085,0
233643_235486,0
233644_144548,0
233644_104997,0
233644_185584,0
233644_70431,0
233644_228676,0
233644_14325,0
233645_278459,1
233645_216914,1
233645_6209,1
233645_140856,1
233645_15007,1
233645_106892,1
233647_57671,0
233647_222397,0
233647_116779,1
233647_234914,0
233647_284285,0
233647_17323,1
233650_252608,1
233650_285790,1
233650_85083,1
233650_192213,1
233650_110050,1
233650_262075,1
233651_236620,0
233651_99050,0
233651_266391,0
233651_289652,1
233651_288801,0
233651_261978,1
233652_190001,0
233652_146446,1
233652_162126,1
233652_14432,1
233652_143125,0
233652_153309,0
233653_186722,1
233653_47317,0
233653_140517,0
233653_234138,0
233653_59482,1
233653_152087,1
233657_190549,1
233657_163855,0
233657_133805,0
233657_114179,1
233657_120563,1
233657_258045,1
233659_95625,0
233659_256532,0
233659_252507,1
233659_171594,0
233659_113776,1
233659_53735,1
233660_165847,1
233660_150712,1
233660_150120,1
233660_959,0
233660_246027,0
233660_42489,0
233662_2686,0
233662_293741,1
233662_268716,1
233662_253581,0
233662_247879,0
233662_212065,1
233663_21262,1
233663_99165,0
233663_158606,0
233663_127612,0
233663_274571,0
233663_110739,0
233667_86733,1
233667_208755,0
233667_8379,0
233667_177484,0
233667_133467,1
233667_102251,1
233670_135110,0
233670_32112,1
233670_152674,1
233670_56288,1
233670_219856,1
233670_275682,0
233674_187117,1
233674_148406,0
233674_46562,0
233674_134449,1
233674_220908,0
233674_111362,0
233676_134116,1
233676_200473,1
233676_121098,1
233676_70834,1
233676_154800,1
233676_53918,1
233678_2538,0
233678_286184,0
233678_293383,0
233678_236337,1
233678_56334,0
233678_96509,1
233679_265554,0
233679_162728,0
233679_111183,0
233679_140145,0
233679_40041,1
233679_98116,0
233681_38041,0
233681_10044,1
233681_176294,0
233681_163482,1
233681_10317,0
233681_78423,1
233682_47788,0
233682_4083,1
233682_89458,1
233682_67930,0
233682_76239,0
233682_14862,1
233683_78157,1
233683_288371,0
233683_230358,1
233683_276615,1
233683_165044,0
233683_165125,0
233684_273476,0
233684_272503,0
233684_9076,0
233684_240816,0
233684_242146,0
233684_112717,0
233686_164191,1
233686_16156,1
233686_1,1
233686_95790,1
233686_200500,0
233686_273051,1
233688_37563,1
233688_252517,1
233688_267422,0
233688_14896,0
233688_93494,0
233688_219002,1
233689_70788,0
233689_142408,1
233689_81689,0
233689_101871,0
233689_23822,1
233689_210679,1
233692_59037,0
233692_272439,1
233692_141984,1
233692_256047,1
233692_142709,0
233692_151630,0
233695_97917,1
233695_263607,1
233695_191793,1
233695_142953,1
233695_66389,0
233695_245097,1
233696_258135,1
233696_161641,1
233696_232056,1
233696_87732,0
233696_230460,0
233696_159879,0
233697_137128,1
233697_208019,0
233697_27779,1
233697_150776,1
233697_238430,1
233697_238066,0
233700_194270,0
233700_210168,1
233700_48278,0
233700_204655,1
233700_92768,0
233700_181688,1
233703_259962,1
233703_16485,0
233703_170569,1
233703_178604,1
233703_134877,1
233703_171935,1
233704_38287,1
233704_114633,1
233704_36335,1
233704_31440,1
233704_126348,1
233704_205890,1
233705_173278,0
233705_7740,1
233705_30405,0
233705_94531,1
233705_220522,0
233705_39046,1
233707_82422,0
233707_222907,0
233707_287423,1
233707_231943,0
233707_29600,1
233707_247910,0
233709_10665,0
233709_208061,0
233709_208732,1
233709_75838,0
233709_124338,1
233709_65494,0
233711_246494,1
233711_121881,1
233711_159965,0
233711_80437,1
233711_209370,1
233711_61778,1
233715_44266,0
233715_86713,0
233715_218525,1
233715_288987,1
233715_69797,1
233715_143570,1
233717_218633,0
233717_215889,1
233717_288603,1
233717_104997,0
233717_133594,1
233717_18674,0
233719_92035,1
233719_111755,0
233719_256717,0
233719_184197,1
233719_193390,0
233719_40296,0
233722_282525,1
233722_41105,0
233722_104394,0
233722_293214,1
233722_52956,1
233722_171706,1
233723_230677,1
233723_11720,1
233723_205370,1
233723_61451,0
233723_199232,1
233723_158699,1
233725_204521,0
233725_286476,0
233725_136546,1
233725_67182,1
233725_188855,0
233725_244385,0
233726_8075,0
233726_108501,1
233726_84391,0
233726_273486,1
233726_237622,1
233726_176549,1
233729_207263,1
233729_230677,0
233729_117449,1
233729_104422,0
233729_58680,1
233729_120876,0
233730_250175,0
233730_200132,1
233730_214897,0
233730_65938,1
233730_139654,0
233730_173674,0
233732_167115,0
233732_175481,1
233732_94355,1
233732_250816,1
233732_264667,1
233732_205419,0
233733_38543,1
233733_39112,0
233733_263044,0
233733_225482,0
233733_271488,1
233733_246297,0
233734_253265,1
233734_51977,1
233734_221814,0
233734_141283,0
233734_157760,0
233734_47179,1
233736_237419,1
233736_210428,0
233736_236301,1
233736_19711,1
233736_155606,1
233736_180111,0
233737_280807,0
233737_169305,0
233737_136245,1
233737_223295,0
233737_292863,0
233737_173488,1
233738_184576,0
233738_234976,0
233738_95732,1
233738_141713,0
233738_22716,1
233738_34503,1
233739_176997,0
233739_216655,1
233739_6575,1
233739_173038,1
233739_143673,1
233739_23885,1
233746_51468,1
233746_141660,1
233746_141745,1
233746_4880,1
233746_56976,1
233746_250809,0
233747_273185,1
233747_89680,0
233747_21868,1
233747_225426,1
233747_91303,0
233747_78961,0
233748_132053,1
233748_273032,0
233748_141921,1
233748_41591,0
233748_162435,1
233748_51965,0
233751_268940,0
233751_101875,1
233751_170331,1
233751_85916,1
233751_229455,1
233751_292446,1
233752_269539,1
233752_84145,1
233752_208445,1
233752_254494,0
233752_245268,1
233752_218691,1
233754_107138,0
233754_250273,1
233754_200636,1
233754_201147,1
233754_248478,0
233754_93152,1
233757_172754,0
233757_167873,1
233757_212113,1
233757_161474,0
233757_6312,0
233757_262534,1
233758_123232,1
233758_198994,1
233758_181945,0
233758_281818,0
233758_140802,0
233758_16420,0
233760_289065,0
233760_127195,1
233760_108279,1
233760_14070,1
233760_225433,1
233760_130828,1
233762_118170,0
233762_197508,0
233762_61589,0
233762_271794,0
233762_277697,0
233762_5791,0
233763_61298,0
233763_123803,0
233763_124363,1
233763_200293,1
233763_233392,1
233763_122442,1
233764_9758,0
233764_126082,0
233764_69738,0
233764_112739,0
233764_34824,0
233764_137479,0
233765_69487,0
233765_45438,0
233765_253252,0
233765_21157,1
233765_134225,1
233765_265932,0
233768_11469,1
233768_96970,1
233768_132219,0
233768_6686,1
233768_115056,0
233768_108780,0
233769_229143,0
233769_156832,1
233769_13495,1
233769_264826,0
233769_61939,0
233769_45087,0
233771_117309,0
233771_287257,1
233771_271474,0
233771_234034,0
233771_281016,1
233771_17790,1
233773_278837,1
233773_292079,0
233773_203707,1
233773_259275,1
233773_245127,1
233773_154968,1
233774_31842,0
233774_196883,0
233774_101528,0
233774_99629,0
233774_168682,0
233774_149602,0
233776_140381,1
233776_288580,1
233776_109906,1
233776_191750,1
233776_280670,1
233776_217920,1
233785_266818,1
233785_78380,0
233785_172970,1
233785_90543,0
233785_270541,0
233785_242201,1
233786_86672,1
233786_46411,0
233786_133906,1
233786_252006,0
233786_38390,1
233786_87411,1
233787_277776,1
233787_232109,0
233787_275254,1
233787_148157,1
233787_154087,1
233787_87641,0
233790_134157,1
233790_249778,1
233790_206044,1
233790_89052,1
233790_222555,1
233790_263438,1
233791_74080,0
233791_69387,0
233791_32397,0
233791_71402,0
233791_28591,0
233791_98748,0
233793_225363,0
233793_3641,0
233793_134225,0
233793_145607,1
233793_152376,1
233793_17764,1
233795_212525,0
233795_10103,0
233795_74296,0
233795_101875,0
233795_180229,0
233795_123127,0
233797_259036,1
233797_244283,1
233797_19827,0
233797_13095,1
233797_134038,1
233797_219833,0
233800_232699,1
233800_56334,1
233800_152491,1
233800_174180,1
233800_4667,1
233800_74768,1
233801_207449,1
233801_209370,1
233801_268900,1
233801_11891,1
233801_210900,0
233801_285950,1
233802_209371,0
233802_4285,0
233802_203817,0
233802_16581,0
233802_25385,0
233802_186399,0
233804_39937,0
233804_261705,1
233804_138022,1
233804_37562,1
233804_207462,1
233804_126427,1
233806_135968,0
233806_59006,0
233806_163829,0
233806_105550,1
233806_87512,1
233806_188408,1
233809_54690,0
233809_241201,1
233809_122621,1
233809_143944,1
233809_230319,0
233809_170237,0
233814_134877,0
233814_288998,0
233814_249611,1
233814_221060,1
233814_35663,1
233814_11352,0
233815_53295,1
233815_270737,1
233815_128470,0
233815_196783,1
233815_239403,0
233815_83491,0
233822_99084,1
233822_211718,0
233822_30877,0
233822_193737,1
233822_246770,0
233822_74774,1
233824_120734,1
233824_47914,1
233824_150186,1
233824_96461,1
233824_24463,1
233824_148821,1
233826_265055,1
233826_221248,0
233826_279128,1
233826_181408,0
233826_228077,1
233826_225468,0
233827_25818,0
233827_188703,1
233827_146263,1
233827_241491,0
233827_92564,0
233827_141300,0
233832_127880,0
233832_53920,1
233832_264522,1
233832_251212,0
233832_81445,0
233832_69394,1
233842_127015,0
233842_277539,0
233842_120603,1
233842_258891,1
233842_137494,1
233842_294577,0
233847_165487,0
233847_44588,1
233847_97936,1
233847_150704,0
233847_33366,0
233847_200905,1
233858_35013,1
233858_203707,1
233858_14325,0
233858_224090,0
233858_104921,1
233858_45070,0
233862_98818,0
233862_74622,0
233862_63855,0
233862_260451,0
233862_174387,0
233862_177027,0
233864_54751,0
233864_294577,1
233864_134951,1
233864_73005,0
233864_36947,1
233864_47008,0
233866_225363,0
233866_37667,0
233866_90066,0
233866_74296,0
233866_183310,0
233866_142462,0
233874_117244,1
233874_71455,1
233874_55252,1
233874_177642,1
233874_203710,1
233874_274931,1
233880_85596,1
233880_257093,1
233880_127195,1
233880_65362,0
233880_130807,1
233880_236920,1
233881_205009,0
233881_47136,1
233881_72591,0
233881_186289,0
233881_197557,0
233881_199756,0
233882_279398,0
233882_176004,1
233882_16290,1
233882_92564,0
233882_65494,1
233882_6173,1
233886_193520,0
233886_98291,0
233886_274791,0
233886_90461,1
233886_114124,1
233886_113771,1
233890_152626,1
233890_216973,1
233890_61344,0
233890_171830,1
233890_7375,1
233890_172449,0
233891_285811,0
233891_220983,1
233891_123743,0
233891_3571,0
233891_258384,1
233891_273787,0
233892_168264,1
233892_129341,0
233892_246022,1
233892_83385,1
233892_158503,0
233892_44796,0
233894_37106,0
233894_116099,1
233894_252608,1
233894_170813,0
233894_86648,0
233894_136275,1
233895_69460,0
233895_157872,0
233895_295703,1
233895_157129,1
233895_131898,0
233895_29189,1
233900_276125,1
233900_143124,0
233900_177295,1
233900_131921,0
233900_113137,1
233900_132344,0
233901_197082,0
233901_285002,1
233901_98874,1
233901_285322,0
233901_36793,0
233901_178002,0
233904_172876,1
233904_87062,1
233904_94985,0
233904_272715,0
233904_239909,0
233904_97522,0
233905_26499,1
233905_127990,0
233905_116508,0
233905_128815,0
233905_50417,0
233905_61826,0
233906_258045,1
233906_283770,1
233906_263855,1
233906_96153,1
233906_153491,1
233906_50972,1
233907_193774,0
233907_236606,1
233907_292071,1
233907_87185,0
233907_262075,1
233907_207961,1
233909_36766,0
233909_175429,0
233909_293811,1
233909_293785,0
233909_37154,1
233909_45495,1
233912_269171,0
233912_45864,0
233912_9936,0
233912_142212,0
233912_92075,0
233912_66230,0
233914_203707,1
233914_153606,1
233914_45343,1
233914_226093,1
233914_243160,1
233914_100333,1
233918_212173,0
233918_64836,1
233918_98857,1
233918_150719,0
233918_198890,1
233918_143081,1
233920_143033,1
233920_140144,0
233920_295793,0
233920_30970,0
233920_235538,0
233920_168072,0
233921_260780,1
233921_54636,1
233921_78259,0
233921_238492,1
233921_13556,1
233921_219794,1
233925_219912,1
233925_191240,0
233925_71189,1
233925_240854,1
233925_197997,1
233925_269065,1
233929_43489,1
233929_166418,1
233929_260541,1
233929_23022,0
233929_139135,1
233929_164305,0
233933_265129,1
233933_197456,1
233933_45772,1
233933_185828,1
233933_77193,1
233933_111720,1
233935_79531,0
233935_106347,0
233935_108078,0
233935_129198,0
233935_67400,0
233935_9059,0
233937_210682,0
233937_22265,1
233937_132519,1
233937_202716,1
233937_100590,1
233937_154001,1
233938_43457,1
233938_60501,0
233938_21960,0
233938_83602,1
233938_55252,1
233938_181761,0
233940_134899,1
233940_137250,1
233940_190099,0
233940_44198,0
233940_237922,0
233940_202331,1
233941_65947,1
233941_221953,1
233941_91894,1
233941_15497,1
233941_92030,1
233941_207659,1
233943_97566,0
233943_206711,0
233943_207864,1
233943_85272,0
233943_177183,0
233943_235460,0
233950_34084,1
233950_133065,1
233950_281716,1
233950_45668,1
233950_226981,0
233950_200173,1
233951_266317,1
233951_131635,1
233951_72448,1
233951_47800,0
233951_109747,1
233951_93973,1
233956_198171,1
233956_134329,1
233956_162286,1
233956_246372,0
233956_248199,1
233956_12716,1
233958_207449,0
233958_74296,0
233958_91145,0
233958_19357,0
233958_85797,0
233958_273837,1
233961_105075,1
233961_42460,0
233961_62824,0
233961_33951,1
233961_211816,0
233961_39252,1
233963_76547,0
233963_158554,0
233963_42033,0
233963_187050,0
233963_231363,0
233963_276392,0
233969_263903,0
233969_5888,1
233969_209496,1
233969_24280,0
233969_70788,1
233969_194512,1
233972_267943,1
233972_17112,0
233972_94946,0
233972_231416,0
233972_173588,1
233972_208656,0
233975_141871,0
233975_56360,1
233975_112151,0
233975_267382,1
233975_179389,1
233975_126542,0
233976_165046,1
233976_239429,0
233976_24852,1
233976_22940,0
233976_271252,1
233976_16374,1
233977_85372,0
233977_24987,1
233977_29888,0
233977_184785,1
233977_207890,0
233977_210396,1
233978_129467,1
233978_130741,1
233978_220358,1
233978_252792,0
233978_246439,1
233978_76640,0
233979_61827,0
233979_176736,0
233979_154392,0
233979_36024,0
233979_227061,0
233979_98640,0
233980_231466,0
233980_243574,0
233980_23671,0
233980_230904,1
233980_252306,1
233980_99448,0
233981_275926,0
233981_133123,0
233981_166592,1
233981_66491,1
233981_66790,1
233981_235740,0
233983_77246,0
233983_292341,1
233983_40279,1
233983_238121,1
233983_281446,0
233983_53302,1
233985_131704,0
233985_255528,1
233985_179211,0
233985_63872,1
233985_6898,1
233985_225781,0
233987_131564,1
233987_224696,0
233987_6629,0
233987_96199,0
233987_76477,1
233987_162321,0
233992_127254,1
233992_249357,1
233992_279219,1
233992_34351,0
233992_142300,0
233992_146570,1
233997_185423,1
233997_715,1
233997_124387,1
233997_94809,1
233997_118129,1
233997_163590,1
234003_250318,1
234003_22770,1
234003_64036,0
234003_130023,1
234003_29189,1
234003_110556,1
234004_76154,1
234004_156491,1
234004_113927,0
234004_214217,0
234004_134375,0
234004_276258,0
234005_120162,0
234005_125210,1
234005_230521,1
234005_283018,1
234005_48189,1
234005_155101,1
234008_251566,0
234008_39046,0
234008_39669,0
234008_271794,0
234008_104542,0
234008_42472,0
234009_111694,1
234009_27627,1
234009_90712,0
234009_41996,0
234009_109367,0
234009_227049,1
234012_4148,0
234012_46053,0
234012_67746,0
234012_227416,1
234012_88905,0
234012_137084,1
234015_279850,0
234015_154323,0
234015_31180,0
234015_295936,0
234015_30742,1
234015_204839,0
234019_139402,0
234019_63327,0
234019_214212,0
234019_157702,0
234019_285197,0
234019_175274,0
234020_51201,1
234020_16374,1
234020_140465,1
234020_295871,1
234020_271072,1
234020_203339,0
234024_290713,0
234024_284425,1
234024_242097,1
234024_164136,0
234024_182822,0
234024_87328,0
234027_112317,1
234027_258863,1
234027_7169,1
234027_207614,0
234027_256567,0
234027_144693,1
234033_125926,1
234033_291190,1
234033_187355,1
234033_30979,1
234033_97418,0
234033_177086,1
234038_293310,1
234038_122903,1
234038_123698,1
234038_208113,1
234038_250072,1
234038_153484,1
234040_77050,1
234040_166203,0
234040_262074,0
234040_269223,1
234040_226497,1
234040_30643,0
234042_218423,1
234042_277566,1
234042_121450,0
234042_88453,0
234042_250534,1
234042_141275,0
234044_283018,0
234044_72729,1
234044_272503,1
234044_209166,1
234044_48109,0
234044_135442,0
234045_157734,0
234045_131564,1
234045_168943,0
234045_198416,0
234045_256922,1
234045_136767,1
234046_175639,0
234046_118461,1
234046_8972,0
234046_266334,0
234046_126581,1
234046_66368,1
234047_282411,1
234047_218177,0
234047_81391,0
234047_205438,1
234047_105749,1
234047_5967,1
234052_148101,1
234052_79409,1
234052_63323,1
234052_73768,0
234052_34450,1
234052_269145,1
234058_245995,0
234058_153216,1
234058_219525,0
234058_278582,1
234058_165044,0
234058_39788,0
234059_203828,0
234059_242648,0
234059_284734,1
234059_212331,0
234059_13061,1
234059_187355,0
234060_103351,0
234060_73891,0
234060_217825,0
234060_263321,0
234060_69891,0
234060_140184,0
234063_274808,1
234063_18733,1
234063_36893,0
234063_104327,0
234063_72911,1
234063_285227,1
234064_260948,1
234064_55296,0
234064_34084,1
234064_255320,0
234064_210165,1
234064_276615,1
234066_21090,1
234066_145764,0
234066_178430,1
234066_243791,1
234066_149035,1
234066_67141,1
234067_16911,1
234067_173053,1
234067_127596,1
234067_119777,1
234067_185418,1
234067_110205,0
234068_243346,0
234068_180875,0
234068_180346,0
234068_262003,1
234068_114591,0
234068_7908,0
234072_185677,0
234072_92962,0
234072_76222,0
234072_231206,1
234072_87423,1
234072_5844,1
234079_277566,1
234079_197150,1
234079_21860,0
234079_235661,0
234079_246317,0
234079_13363,0
234080_75624,0
234080_184588,1
234080_198112,1
234080_295130,1
234080_188256,0
234080_162435,0
234081_162241,0
234081_26902,0
234081_54650,0
234081_281079,1
234081_234502,0
234081_230990,0
234083_44675,1
234083_261108,0
234083_42972,1
234083_70690,0
234083_264668,1
234083_148456,0
234087_113126,0
234087_48458,0
234087_214979,1
234087_69470,1
234087_186476,1
234087_89168,1
234089_155158,1
234089_241612,0
234089_72771,1
234089_77760,1
234089_11813,0
234089_39164,1
234098_182869,1
234098_180696,1
234098_158785,1
234098_176515,1
234098_181713,0
234098_219917,1
234102_288139,0
234102_14994,0
234102_33774,1
234102_52923,1
234102_197987,0
234102_207101,1
234106_64737,0
234106_227350,0
234106_160168,1
234106_191995,1
234106_101954,1
234106_220396,1
234111_171233,1
234111_1158,1
234111_115381,1
234111_119772,1
234111_180371,1
234111_176013,1
234113_47788,0
234113_243574,0
234113_51203,1
234113_50056,0
234113_256675,1
234113_217039,1
234114_88840,1
234114_252021,1
234114_86976,1
234114_254382,0
234114_238892,1
234114_100831,1
234115_26762,0
234115_107292,1
234115_279713,0
234115_244850,1
234115_72334,0
234115_273608,1
234119_82803,1
234119_183627,1
234119_222199,0
234119_13565,0
234119_50079,1
234119_284406,1
234122_31341,1
234122_173849,1
234122_235569,0
234122_103272,0
234122_106619,1
234122_263563,1
234123_147466,1
234123_191787,1
234123_183204,0
234123_229220,0
234123_245818,1
234123_43564,0
234125_76828,1
234125_102452,1
234125_166136,1
234125_62493,1
234125_27627,1
234125_52452,0
234130_119451,0
234130_85324,0
234130_151867,0
234130_12647,1
234130_8041,0
234130_89668,1
234131_186289,1
234131_165413,1
234131_228191,0
234131_121861,1
234131_226050,0
234131_258828,1
234133_205644,0
234133_108935,0
234133_66741,0
234133_207963,0
234133_263647,0
234133_228249,0
234139_225893,1
234139_157464,1
234139_254162,1
234139_122380,1
234139_152563,0
234139_152350,1
234140_93055,1
234140_34031,1
234140_249218,1
234140_266465,0
234140_10317,0
234140_141984,1
234142_248755,0
234142_50785,0
234142_19789,0
234142_284125,0
234142_96935,0
234142_91713,1
234154_139444,0
234154_264152,1
234154_53688,0
234154_7467,0
234154_274209,1
234154_170175,1
234156_171830,1
234156_17129,1
234156_135846,1
234156_61846,0
234156_79952,1
234156_153972,1
234159_239728,1
234159_255011,0
234159_188262,1
234159_115827,1
234159_196987,0
234159_124109,1
234164_222128,0
234164_137572,0
234164_243636,0
234164_14936,0
234164_25055,0
234164_291212,1
234165_66433,0
234165_259449,0
234165_289097,1
234165_269351,0
234165_60376,1
234165_118474,1
234166_254917,0
234166_256235,1
234166_66685,0
234166_173513,0
234166_216395,1
234166_105192,0
234168_102349,1
234168_33827,1
234168_272332,1
234168_95212,1
234168_169417,0
234168_168536,1
234169_262423,1
234169_177642,0
234169_166959,1
234169_79099,0
234169_271523,1
234169_59298,0
234170_138243,1
234170_19780,1
234170_72993,1
234170_151984,0
234170_214945,1
234170_187348,1
234177_245419,1
234177_41115,0
234177_97913,1
234177_241727,1
234177_294133,1
234177_210455,1
234180_85433,0
234180_13021,1
234180_214542,1
234180_151810,1
234180_210313,0
234180_161809,0
234181_185296,0
234181_61011,1
234181_53571,1
234181_72595,0
234181_243337,0
234181_104965,1
234190_40742,0
234190_85309,1
234190_82632,1
234190_146376,0
234190_256044,1
234190_287545,1
234192_135271,0
234192_114659,1
234192_167359,0
234192_279864,0
234192_123542,0
234192_26012,1
234193_146603,0
234193_172968,0
234193_130142,0
234193_66051,0
234193_295768,0
234193_206875,0
234194_267359,1
234194_114997,0
234194_43031,1
234194_16543,1
234194_278766,0
234194_52527,0
234195_119772,1
234195_244372,1
234195_259566,1
234195_154345,1
234195_170014,0
234195_9390,1
234200_244376,1
234200_52615,0
234200_244079,1
234200_66013,0
234200_182593,0
234200_123130,0
234203_275375,0
234203_202976,0
234203_281521,1
234203_230019,0
234203_45724,0
234203_276762,0
234209_227397,1
234209_121695,0
234209_5888,1
234209_38502,0
234209_93290,0
234209_150618,1
234212_55698,0
234212_247777,1
234212_219917,1
234212_150772,1
234212_32825,0
234212_243378,1
234213_130958,1
234213_235533,1
234213_282850,0
234213_119411,1
234213_41150,1
234213_258438,1
234215_212852,1
234215_89954,1
234215_198994,1
234215_143542,0
234215_212609,0
234215_226093,1
234216_60287,1
234216_168429,0
234216_87498,1
234216_240037,0
234216_115757,1
234216_203321,1
234218_132491,0
234218_187560,0
234218_379,1
234218_73542,0
234218_110928,0
234218_164274,1
234219_289058,0
234219_9092,1
234219_46843,0
234219_111050,1
234219_49046,1
234219_279249,1
234220_284727,1
234220_99329,1
234220_263712,1
234220_1850,0
234220_14283,1
234220_111365,1
234225_111151,0
234225_119229,1
234225_69961,1
234225_105174,1
234225_177497,1
234225_134633,1
234229_140585,0
234229_82277,0
234229_118521,0
234229_166077,0
234229_151561,0
234229_40055,0
234232_41429,1
234232_211256,0
234232_237561,1
234232_146566,1
234232_117006,1
234232_63983,0
234233_215438,0
234233_69394,0
234233_203844,0
234233_259770,1
234233_138355,1
234233_84123,1
234236_37637,0
234236_22145,1
234236_45459,1
234236_65438,0
234236_70431,0
234236_152497,1
234238_26031,1
234238_180470,1
234238_187377,1
234238_46798,1
234238_128323,1
234238_138863,1
234239_232320,0
234239_102047,1
234239_97730,0
234239_229894,1
234239_193744,1
234239_269227,1
234244_156605,1
234244_245289,1
234244_187117,1
234244_275881,1
234244_150689,1
234244_238543,0
234255_273346,1
234255_273497,0
234255_262207,1
234255_82556,0
234255_68473,1
234255_116706,1
234262_28924,0
234262_15641,0
234262_228950,0
234262_174318,0
234262_137622,0
234262_94052,0
234264_51234,1
234264_94254,1
234264_168982,0
234264_229161,0
234264_78987,0
234264_62797,1
234274_67610,0
234274_269688,0
234274_18152,0
234274_250273,0
234274_176953,0
234274_226077,0
234276_201038,0
234276_37517,1
234276_63996,0
234276_29806,1
234276_10775,0
234276_251253,1
234277_155197,0
234277_196327,0
234277_254092,0
234277_160640,0
234277_97623,0
234277_259858,0
234285_174530,0
234285_247152,1
234285_129274,1
234285_180704,1
234285_127064,0
234285_72196,1
234287_52617,0
234287_13575,0
234287_164885,0
234287_275975,0
234287_70431,1
234287_121095,1
234289_176547,0
234289_234432,1
234289_130136,0
234289_86564,0
234289_193475,1
234289_72300,1
234293_294748,0
234293_283874,1
234293_159304,1
234293_77896,0
234293_218813,1
234293_169715,0
234296_144964,1
234296_110697,1
234296_256611,1
234296_91718,1
234296_74542,1
234296_242606,1
234297_54690,1
234297_248642,0
234297_31831,1
234297_133372,1
234297_83880,1
234297_10206,1
234299_68647,1
234299_198917,0
234299_171909,1
234299_128321,0
234299_181901,1
234299_150186,1
234305_47258,1
234305_246593,0
234305_294442,1
234305_122434,0
234305_267929,0
234305_115096,0
234306_200313,1
234306_206044,0
234306_241894,0
234306_287301,1
234306_29214,0
234306_141772,0
234308_103096,0
234308_37400,1
234308_288488,0
234308_239304,1
234308_30023,0
234308_27504,0
234312_243232,1
234312_95864,0
234312_6173,1
234312_132209,1
234312_291302,1
234312_219010,1
234318_184139,0
234318_177409,1
234318_150215,1
234318_218192,0
234318_169786,1
234318_84099,1
234321_281844,1
234321_87212,1
234321_203253,0
234321_207899,0
234321_41438,0
234321_109029,0
234323_233112,0
234323_253858,0
234323_280339,0
234323_156230,0
234323_148475,0
234323_137128,0
234324_144430,1
234324_73221,1
234324_216914,1
234324_204887,0
234324_176623,0
234324_131034,1
234327_116166,1
234327_238176,1
234327_224243,0
234327_11075,1
234327_87859,1
234327_185584,0
234330_55433,0
234330_270764,0
234330_138313,1
234330_42359,0
234330_70500,0
234330_238559,1
234331_154844,1
234331_189248,1
234331_259171,1
234331_214032,1
234331_238633,1
234331_262041,1
234338_145607,1
234338_2078,0
234338_141610,1
234338_12711,1
234338_271794,1
234338_77021,1
234342_269998,1
234342_145607,1
234342_60895,0
234342_43995,0
234342_44675,0
234342_19314,1
234343_232937,0
234343_223164,1
234343_49793,1
234343_236455,1
234343_181693,1
234343_225319,1
234344_221618,0
234344_166629,1
234344_238498,0
234344_268294,1
234344_246807,1
234344_252530,1
234347_131564,1
234347_31440,1
234347_153551,1
234347_198889,1
234347_264177,1
234347_85681,1
234349_174611,0
234349_19893,1
234349_233618,1
234349_106428,1
234349_123546,1
234349_85777,1
234350_276189,1
234350_29894,1
234350_72735,1
234350_69464,0
234350_268019,0
234350_281192,0
234351_49804,1
234351_23596,0
234351_73557,1
234351_141300,0
234351_184830,0
234351_138106,1
234352_163568,1
234352_115550,0
234352_278582,1
234352_36934,0
234352_79419,0
234352_123544,0
234353_221643,0
234353_197774,1
234353_116529,0
234353_133121,0
234353_20968,1
234353_90197,1
234354_176879,1
234354_208733,1
234354_212226,0
234354_169085,0
234354_184697,0
234354_35278,0
234355_76601,1
234355_210192,1
234355_124198,0
234355_116607,1
234355_73896,0
234355_180533,1
234356_45712,1
234356_221910,0
234356_96908,0
234356_86732,0
234356_137780,1
234356_163722,0
234357_79550,1
234357_41114,0
234357_38502,1
234357_13064,0
234357_275610,1
234357_58209,1
234358_216082,0
234358_137307,0
234358_272203,0
234358_42331,0
234358_170736,0
234358_216497,0
234362_283515,1
234362_268900,0
234362_96129,1
234362_24258,1
234362_256572,0
234362_94635,0
234363_169075,0
234363_252312,0
234363_229885,0
234363_259710,0
234363_256498,0
234363_12038,1
234364_6370,1
234364_31300,1
234364_255227,1
234364_187714,1
234364_195174,1
234364_218715,1
234365_284835,1
234365_194802,0
234365_245486,1
234365_247910,1
234365_38502,1
234365_22908,0
234370_201459,0
234370_77748,1
234370_97902,0
234370_197861,1
234370_104542,0
234370_212782,1
234372_288765,1
234372_38433,1
234372_130556,0
234372_56437,0
234372_173007,0
234372_180785,1
234374_121931,1
234374_139938,0
234374_2535,1
234374_31731,0
234374_180663,0
234374_100995,1
234375_261850,1
234375_171285,1
234375_261801,0
234375_261910,0
234375_67794,0
234375_178498,1
234376_293310,1
234376_229113,1
234376_295204,1
234376_146575,1
234376_236695,1
234376_27914,1
234383_201664,0
234383_237561,1
234383_62796,0
234383_215808,0
234383_108311,0
234383_126229,1
234386_153923,0
234386_42832,0
234386_1239,0
234386_108780,0
234386_234470,0
234386_177505,0
234387_250459,0
234387_90999,0
234387_233747,1
234387_66491,0
234387_47760,1
234387_286420,1
234390_206582,1
234390_249357,1
234390_149769,1
234390_49746,1
234390_6610,1
234390_126711,1
234392_127015,1
234392_269177,0
234392_21593,1
234392_24607,1
234392_152387,1
234392_237839,1
234393_254675,1
234393_84965,0
234393_261844,0
234393_172175,0
234393_248537,1
234393_278140,1
234394_7579,0
234394_138779,0
234394_61371,0
234394_14989,1
234394_118054,1
234394_32679,0
234395_41121,1
234395_246898,1
234395_5704,1
234395_84015,1
234395_37762,0
234395_184792,1
234396_141549,0
234396_184197,0
234396_48124,0
234396_150748,0
234396_292720,0
234396_40736,0
234397_134593,0
234397_216416,0
234397_75601,0
234397_220811,1
234397_143570,1
234397_177415,1
234400_45772,0
234400_90338,1
234400_225911,1
234400_105984,1
234400_242397,1
234400_188122,0
234401_177775,0
234401_77933,1
234401_115955,1
234401_35013,1
234401_240753,1
234401_33163,1
234407_283113,0
234407_231882,0
234407_109803,0
234407_26097,0
234407_200094,0
234407_214734,0
234411_61686,1
234411_150466,1
234411_205725,1
234411_250010,1
234411_235554,1
234411_24400,0
234414_198437,0
234414_4130,0
234414_39825,0
234414_228873,0
234414_239079,1
234414_182200,1
234417_46063,1
234417_34397,1
234417_134578,1
234417_200665,1
234417_215860,1
234417_184252,1
234418_169280,0
234418_191169,1
234418_191261,1
234418_270071,1
234418_64296,0
234418_112339,1
234421_167731,1
234421_104207,1
234421_105779,1
234421_171018,0
234421_62691,1
234421_9065,0
234423_61052,0
234423_23138,1
234423_294100,1
234423_215193,1
234423_293385,1
234423_45864,0
234430_194256,1
234430_5791,0
234430_97883,1
234430_291061,1
234430_252174,1
234430_239080,0
234431_187117,0
234431_219813,1
234431_114376,0
234431_111071,1
234431_133815,1
234431_118393,1
234434_6035,1
234434_1779,0
234434_178990,0
234434_271886,1
234434_270004,0
234434_193532,0
234436_131564,1
234436_194886,1
234436_200217,0
234436_249827,0
234436_178133,1
234436_287718,1
234437_13876,0
234437_45087,1
234437_107785,0
234437_82422,1
234437_115721,0
234437_177219,0
234439_188137,0
234439_60880,0
234439_214776,1
234439_105450,0
234439_285194,1
234439_63516,1
234445_261450,1
234445_85051,0
234445_9728,1
234445_208504,0
234445_49046,1
234445_57065,0
234448_90404,0
234448_287949,0
234448_133163,0
234448_197564,0
234448_235128,0
234448_251812,0
234453_192674,1
234453_192550,0
234453_715,1
234453_263321,1
234453_34397,1
234453_221201,1
234455_53588,0
234455_93072,1
234455_176879,1
234455_165462,0
234455_69030,1
234455_170926,1
234457_284429,0
234457_147171,1
234457_250436,1
234457_111165,0
234457_198184,1
234457_87090,0
234458_56976,1
234458_187117,0
234458_152522,0
234458_8062,0
234458_64409,1
234458_257955,1
234459_36296,1
234459_89402,0
234459_106805,0
234459_74542,1
234459_18395,1
234459_156832,1
234461_225254,0
234461_245127,1
234461_204850,1
234461_123061,1
234461_67782,1
234461_175550,1
234468_244686,1
234468_261695,1
234468_289192,1
234468_193530,1
234468_28435,0
234468_217557,1
234471_34829,1
234471_161474,0
234471_61829,1
234471_92770,1
234471_220317,0
234471_278687,1
234472_166538,0
234472_2535,1
234472_283578,1
234472_247218,1
234472_78830,0
234472_213645,1
234473_147450,0
234473_126827,0
234473_261728,0
234473_226392,1
234473_218486,0
234473_135799,1
234474_216524,1
234474_183248,0
234474_137079,0
234474_260541,0
234474_188429,1
234474_150048,1
234475_274209,0
234475_132430,1
234475_210682,1
234475_175349,1
234475_122244,0
234475_255093,0
234479_118159,0
234479_271783,0
234479_7162,0
234479_189375,0
234479_181527,0
234479_220904,0
234483_42828,1
234483_42375,0
234483_232499,0
234483_7177,0
234483_143872,0
234483_9499,0
234484_224337,1
234484_165653,1
234484_69797,1
234484_34037,1
234484_13495,1
234484_109024,1
234485_6507,1
234485_26989,0
234485_40373,1
234485_113794,1
234485_29613,1
234485_38626,1
234488_150337,1
234488_137357,1
234488_112584,1
234488_20760,1
234488_178659,1
234488_200378,1
234491_51369,0
234491_43644,0
234491_101201,0
234491_87732,1
234491_40055,0
234491_148419,0
234493_65703,1
234493_134877,1
234493_110494,1
234493_215469,0
234493_92415,0
234493_86633,1
234494_4279,1
234494_157145,0
234494_207401,1
234494_19494,0
234494_154323,1
234494_170259,0
234502_286895,0
234502_263708,1
234502_237718,1
234502_21593,0
234502_81561,1
234502_291317,0
234506_131816,1
234506_293408,0
234506_175108,0
234506_152985,1
234506_153754,0
234506_33898,1
234509_66368,1
234509_228660,1
234509_81750,0
234509_156828,0
234509_205534,1
234509_280252,1
234510_6750,0
234510_89719,1
234510_126078,1
234510_282646,0
234510_119772,0
234510_45071,0
234511_92954,1
234511_286054,1
234511_118852,1
234511_88135,0
234511_73312,1
234511_112142,1
234512_201775,0
234512_30205,0
234512_178848,0
234512_110051,1
234512_7698,1
234512_179776,0
234514_261609,1
234514_198880,1
234514_152390,1
234514_4302,1
234514_187532,1
234514_220488,0
234517_198589,0
234517_228746,1
234517_244657,1
234517_175803,1
234517_19615,1
234517_242809,1
234519_163053,1
234519_147451,1
234519_246860,1
234519_190720,1
234519_292508,1
234519_218347,0
234524_99448,0
234524_209210,1
234524_194128,1
234524_235428,1
234524_36024,0
234524_214979,1
234525_164785,1
234525_217200,1
234525_12836,1
234525_269227,1
234525_195629,1
234525_92093,0
234531_211983,1
234531_175274,0
234531_205018,1
234531_130335,0
234531_206958,1
234531_279335,1
234534_222878,0
234534_265077,0
234534_187355,0
234534_205311,0
234534_113475,0
234534_187582,0
234535_44878,1
234535_117104,1
234535_284693,1
234535_282393,0
234535_259375,1
234535_66550,1
234546_175351,0
234546_149975,0
234546_6173,1
234546_24748,1
234546_116812,1
234546_260478,1
234548_201987,0
234548_271224,1
234548_282901,0
234548_133923,0
234548_122020,1
234548_103824,1
234550_222040,1
234550_220478,1
234550_33195,1
234550_266136,0
234550_250452,0
234550_254238,1
234551_122086,0
234551_215452,0
234551_125596,0
234551_5444,0
234551_147585,0
234551_209503,0
234555_187953,1
234555_114212,1
234555_115579,0
234555_152310,1
234555_83927,0
234555_40450,1
234557_85145,0
234557_231332,1
234557_115555,0
234557_157001,0
234557_188312,1
234557_81561,1
234558_286101,0
234558_116597,0
234558_289330,1
234558_66741,1
234558_51665,1
234558_80165,1
234560_107089,0
234560_108260,0
234560_170977,1
234560_10679,0
234560_188802,0
234560_197588,0
234564_131564,1
234564_156005,1
234564_31751,1
234564_295476,1
234564_82113,1
234564_178008,1
234567_273182,1
234567_274895,1
234567_198112,0
234567_208375,0
234567_254703,1
234567_287452,0
234568_170344,1
234568_267161,0
234568_112142,1
234568_194950,1
234568_258969,0
234568_173627,1
234569_46369,0
234569_7743,0
234569_206783,0
234569_63038,1
234569_244443,1
234569_235107,1
234573_279725,1
234573_217079,1
234573_40248,1
234573_138809,1
234573_293379,1
234573_294871,0
234574_117728,0
234574_173538,1
234574_213984,0
234574_224197,0
234574_52670,0
234574_267135,0
234575_247341,1
234575_101745,1
234575_152640,0
234575_225847,1
234575_260119,0
234575_35113,0
234578_122347,0
234578_101723,0
234578_188838,1
234578_18142,0
234578_184703,0
234578_150414,0
234579_262434,1
234579_65230,0
234579_182009,1
234579_193216,1
234579_71685,1
234579_4130,1
234581_262140,0
234581_271100,1
234581_7188,0
234581_173538,1
234581_74142,0
234581_143221,0
234582_230147,0
234582_152848,1
234582_259316,1
234582_251854,0
234582_159351,1
234582_45937,1
234585_226207,0
234585_34930,1
234585_118725,1
234585_226439,0
234585_57610,0
234585_226434,0
234586_58361,1
234586_96237,0
234586_97902,0
234586_261695,0
234586_164045,0
234586_204632,1
234587_134456,1
234587_294723,1
234587_121370,0
234587_79176,1
234587_235935,1
234587_126366,1
234588_98871,1
234588_153334,0
234588_226183,1
234588_159787,1
234588_202068,1
234588_55042,1
234590_136415,0
234590_13493,0
234590_230814,0
234590_21811,0
234590_141945,0
234590_281330,0
234594_113017,0
234594_187117,0
234594_126640,1
234594_142299,1
234594_40416,1
234594_268117,1
234595_70122,0
234595_283502,0
234595_254251,0
234595_38502,1
234595_253726,0
234595_18674,0
234596_4602,0
234596_115381,0
234596_148982,0
234596_260934,1
234596_41851,1
234596_156230,1
234600_64560,0
234600_38179,1
234600_261854,0
234600_50750,1
234600_62632,0
234600_41092,0
234601_270454,1
234601_192569,1
234601_93808,1
234601_261346,1
234601_152321,0
234601_214176,1
234602_231680,0
234602_20648,1
234602_155302,1
234602_52198,0
234602_55488,0
234602_7552,0
234603_247257,1
234603_228402,1
234603_102112,1
234603_252103,0
234603_94513,0
234603_12000,1
234607_85914,1
234607_135278,0
234607_210352,0
234607_12647,0
234607_283354,0
234607_39896,0
234608_272907,0
234608_147237,1
234608_71375,0
234608_79988,1
234608_222078,1
234608_125405,1
234610_217837,1
234610_70637,0
234610_120154,0
234610_104676,1
234610_102009,0
234610_203784,1
234612_102547,1
234612_275729,0
234612_227219,1
234612_205676,1
234612_204679,0
234612_177721,1
234613_125944,0
234613_59408,0
234613_100089,0
234613_73675,1
234613_283246,1
234613_158436,0
234614_72875,0
234614_161039,0
234614_227759,0
234614_174725,1
234614_142838,1
234614_9189,1
234615_110895,0
234615_191018,0
234615_295130,0
234615_27608,0
234615_120746,0
234615_30596,0
234616_111508,0
234616_285357,1
234616_135801,1
234616_63855,0
234616_203422,0
234616_143187,0
234617_83619,0
234617_46756,1
234617_36394,1
234617_191875,0
234617_137346,1
234617_290038,1
234620_289053,1
234620_198197,1
234620_204836,0
234620_6079,0
234620_52617,0
234620_252863,0
234631_106318,1
234631_100915,1
234631_36141,0
234631_57964,1
234631_137744,1
234631_180568,0
234632_113233,0
234632_196455,0
234632_44796,0
234632_83860,0
234632_92062,0
234632_264668,0
234635_45668,0
234635_179357,1
234635_254008,1
234635_255075,0
234635_224806,1
234635_86191,1
234638_71455,0
234638_230065,1
234638_215980,0
234638_191161,1
234638_99448,0
234638_55458,0
234639_161171,1
234639_35607,0
234639_285000,0
234639_136275,1
234639_261450,1
234639_35807,0
234644_63776,1
234644_87346,1
234644_87570,1
234644_190001,1
234644_243759,1
234644_142770,1
234645_230633,1
234645_242364,1
234645_279900,1
234645_265077,1
234645_13776,1
234645_268041,0
234646_216403,0
234646_79147,1
234646_92239,1
234646_286329,1
234646_274978,1
234646_190549,1
234648_52956,0
234648_266176,1
234648_156523,0
234648_151220,1
234648_6575,1
234648_105487,1
234649_210456,1
234649_258090,0
234649_197388,0
234649_18933,0
234649_276482,0
234649_207890,0
234651_199231,0
234651_204859,1
234651_198930,1
234651_143526,0
234651_21899,1
234651_169142,0
234654_120519,0
234654_165735,1
234654_170082,0
234654_382,0
234654_49324,1
234654_107237,1
234656_58939,0
234656_21157,0
234656_120643,0
234656_62347,0
234656_3708,0
234656_55900,0
234658_10445,1
234658_104511,1
234658_55402,0
234658_47507,0
234658_149472,0
234658_56437,1
234659_236433,1
234659_134099,0
234659_218525,1
234659_101868,1
234659_76222,1
234659_115550,1
234660_289582,0
234660_92711,1
234660_197799,0
234660_201585,0
234660_150072,0
234660_191023,0
234662_121824,0
234662_94903,1
234662_285862,1
234662_130774,1
234662_231119,1
234662_248078,1
234663_171423,1
234663_101898,1
234663_283731,1
234663_225926,0
234663_31487,0
234663_138726,0
234667_137888,1
234667_295932,1
234667_131594,1
234667_211273,1
234667_198867,1
234667_92043,1
234672_83093,1
234672_180123,1
234672_282355,1
234672_125718,1
234672_80256,1
234672_230358,1
234673_171706,0
234673_205535,1
234673_55412,1
234673_281818,1
234673_177739,0
234673_73015,0
234676_90710,1
234676_84988,0
234676_218238,1
234676_84104,0
234676_32854,1
234676_38498,0
234679_120563,1
234679_65831,1
234679_235509,1
234679_282291,1
234679_12882,1
234679_293884,0
234681_154201,0
234681_148419,0
234681_94893,1
234681_6348,1
234681_258234,0
234681_230358,1
234686_279384,1
234686_61093,1
234686_187969,0
234686_266202,0
234686_110784,0
234686_200501,0
234690_31200,1
234690_289978,0
234690_26085,0
234690_119294,1
234690_94513,0
234690_72517,0
234692_39788,0
234692_266465,0
234692_279110,0
234692_208220,1
234692_183431,1
234692_279142,1
234693_220864,1
234693_183238,1
234693_126638,0
234693_18342,1
234693_246114,1
234693_119928,0
234694_291495,0
234694_269227,1
234694_45786,0
234694_72875,1
234694_274427,1
234694_248189,0
234696_166878,0
234696_291128,1
234696_24670,0
234696_224300,1
234696_45150,1
234696_558,0
234700_27426,1
234700_229916,1
234700_139418,1
234700_273779,1
234700_230009,0
234700_190231,1
234706_231206,0
234706_257899,1
234706_171217,1
234706_39286,1
234706_159689,1
234706_3420,1
234708_125770,0
234708_157760,1
234708_35013,0
234708_119470,0
234708_104370,0
234708_84531,1
234714_74142,0
234714_50373,0
234714_134456,0
234714_213744,0
234714_261910,0
234714_264668,0
234716_134555,1
234716_131511,0
234716_295623,1
234716_106318,0
234716_66359,1
234716_196904,1
234719_279798,1
234719_114167,1
234719_197418,1
234719_288371,1
234719_118581,0
234719_212234,0
234721_162590,1
234721_235712,1
234721_253545,0
234721_35224,1
234721_261880,1
234721_7102,1
234724_229891,0
234724_83891,1
234724_23319,0
234724_59870,1
234724_81119,0
234724_247027,0
234725_49793,0
234725_61939,1
234725_48177,0
234725_221618,1
234725_72196,1
234725_91778,0
234727_49753,0
234727_161577,1
234727_102523,1
234727_216161,1
234727_140968,1
234727_200378,1
234728_26336,0
234728_32392,1
234728_182713,1
234728_96504,1
234728_287162,1
234728_271199,0
234729_122589,1
234729_163920,0
234729_9130,1
234729_186127,0
234729_200013,1
234729_246114,1
234731_245037,1
234731_32226,1
234731_61541,1
234731_93510,1
234731_44031,1
234731_125428,1
234733_98915,1
234733_276843,0
234733_64951,0
234733_160011,0
234733_117449,0
234733_259710,1
234735_250498,1
234735_79801,1
234735_56869,1
234735_259103,1
234735_217016,1
234735_219234,1
234736_19969,0
234736_222605,0
234736_27090,0
234736_167165,1
234736_250279,0
234736_148222,1
234738_7113,1
234738_110406,0
234738_99683,1
234738_127596,1
234738_271783,1
234738_183140,0
234739_225847,1
234739_44622,0
234739_15798,0
234739_106548,0
234739_172809,0
234739_169839,1
234741_22699,0
234741_152238,0
234741_82931,0
234741_101297,1
234741_193570,1
234741_137128,0
234742_156230,0
234742_143570,1
234742_82468,1
234742_188247,1
234742_249598,0
234742_267945,1
234747_2764,1
234747_13495,0
234747_121708,1
234747_189420,1
234747_184835,0
234747_143566,0
234748_225472,0
234748_33740,1
234748_250273,0
234748_171651,0
234748_61973,0
234748_272332,0
234749_138647,0
234749_164692,1
234749_41128,0
234749_23465,1
234749_204113,0
234749_83251,1
234751_145317,0
234751_260596,1
234751_289276,0
234751_241349,0
234751_48000,0
234751_185492,1
234753_223536,1
234753_260829,0
234753_209371,0
234753_293496,1
234753_271030,1
234753_117622,0
234754_53177,0
234754_102134,0
234754_36608,1
234754_222205,0
234754_89052,0
234754_270530,1
234756_203088,0
234756_226565,1
234756_27072,1
234756_291248,1
234756_143016,0
234756_291320,1
234757_60760,1
234757_62673,0
234757_258921,0
234757_34230,1
234757_265905,1
234757_104584,1
234758_7797,0
234758_180704,0
234758_232566,0
234758_23104,0
234758_294067,0
234758_259130,0
234762_266276,1
234762_137547,1
234762_48365,0
234762_286563,0
234762_34235,1
234762_136982,0
234763_18863,0
234763_143033,1
234763_5144,1
234763_156153,1
234763_33807,1
234763_12003,1
234769_232242,1
234769_125536,1
234769_266624,0
234769_219304,1
234769_131003,0
234769_152518,1
234770_264667,1
234770_38823,1
234770_26533,0
234770_276189,1
234770_199787,0
234770_38557,1
234772_152176,0
234772_70306,1
234772_126056,0
234772_98878,1
234772_96757,1
234772_8544,0
234779_178546,1
234779_129903,0
234779_86615,0
234779_197423,1
234779_192439,0
234779_162569,0
234781_265098,1
234781_267536,0
234781_22772,1
234781_204267,0
234781_279943,0
234781_129673,0
234789_181644,0
234789_252312,0
234789_121932,1
234789_117513,1
234789_40528,1
234789_231755,0
234790_66943,1
234790_15270,0
234790_279204,1
234790_57259,0
234790_25269,1
234790_2686,0
234796_47528,1
234796_228598,1
234796_283873,1
234796_24419,1
234796_8598,1
234796_287051,1
234798_24876,1
234798_49146,1
234798_153216,1
234798_275530,0
234798_224034,0
234798_124712,1
234801_292433,1
234801_182054,0
234801_63679,0
234801_84362,1
234801_290569,1
234801_244604,1
234802_41432,1
234802_104584,0
234802_19926,1
234802_138666,1
234802_38020,0
234802_69127,1
234803_158673,1
234803_121093,0
234803_72300,1
234803_90442,0
234803_231141,1
234803_203253,0
234804_147237,1
234804_255060,0
234804_133065,1
234804_73650,0
234804_141762,1
234804_67338,0
234806_109884,1
234806_15821,1
234806_18490,1
234806_256164,1
234806_30594,1
234806_77488,1
234810_71454,1
234810_273340,1
234810_191403,1
234810_235654,0
234810_187940,0
234810_206503,0
234811_219330,0
234811_43284,0
234811_31902,1
234811_145737,1
234811_103992,1
234811_11927,1
234818_65835,1
234818_146465,0
234818_164753,1
234818_160169,0
234818_82653,0
234818_211718,0
234819_104776,1
234819_227141,1
234819_43886,0
234819_214758,0
234819_118129,1
234819_106482,1
234820_103080,0
234820_225500,1
234820_715,0
234820_116925,0
234820_146376,0
234820_55598,0
234823_176687,1
234823_285455,0
234823_294134,1
234823_278137,1
234823_208914,0
234823_249437,1
234824_170140,1
234824_207961,1
234824_51632,0
234824_34815,0
234824_55166,1
234824_87671,1
234825_207659,1
234825_48325,0
234825_204791,1
234825_241491,0
234825_213072,0
234825_46242,1
234826_22937,1
234826_32323,1
234826_107959,0
234826_74126,0
234826_97335,1
234826_128037,0
234827_132424,0
234827_66330,1
234827_20748,0
234827_137128,1
234827_47025,1
234827_11695,1
234832_279565,0
234832_7698,1
234832_226889,1
234832_74098,1
234832_201216,1
234832_26561,1
234834_85914,0
234834_240062,1
234834_92770,1
234834_192366,0
234834_46756,1
234834_145781,1
234838_61196,0
234838_198838,0
234838_63807,0
234838_145554,1
234838_88669,0
234838_84186,1
234840_249827,0
234840_83656,1
234840_39763,1
234840_249959,1
234840_255204,1
234840_179040,0
234842_94365,0
234842_217860,1
234842_105306,0
234842_211446,1
234842_258931,0
234842_255959,1
234845_96488,0
234845_60681,1
234845_149625,0
234845_104463,0
234845_201288,0
234845_71966,0
234846_131073,0
234846_167221,1
234846_98721,1
234846_99683,0
234846_63628,0
234846_86359,0
234848_35555,1
234848_261934,0
234848_191202,1
234848_185451,0
234848_102623,1
234848_230677,0
234849_127818,1
234849_231114,0
234849_67013,0
234849_59139,0
234849_271794,0
234849_167750,0
234850_71865,1
234850_268491,0
234850_126560,0
234850_34470,0
234850_72875,0
234850_48890,0
234852_44388,0
234852_220478,1
234852_155753,0
234852_20196,1
234852_134456,1
234852_34397,1
234854_108397,1
234854_18514,1
234854_184306,1
234854_268716,1
234854_61827,1
234854_214729,0
234857_100142,1
234857_9801,0
234857_120563,1
234857_288829,0
234857_137128,1
234857_292490,1
234859_241266,0
234859_146336,0
234859_141657,0
234859_217972,0
234859_232467,0
234859_284320,0
234860_126992,1
234860_12589,0
234860_208070,0
234860_109910,0
234860_126919,0
234860_184025,0
234863_256611,0
234863_223859,0
234863_45938,0
234863_115116,1
234863_78738,1
234863_109338,1
234866_3620,1
234866_66619,1
234866_123328,1
234866_2518,1
234866_215008,0
234866_158491,1
234868_70306,0
234868_33827,0
234868_234742,0
234868_279130,0
234868_38317,0
234868_66287,1
234869_208526,0
234869_174007,0
234869_228351,0
234869_244376,0
234869_282752,0
234869_258992,0
234871_88929,1
234871_229916,0
234871_227294,0
234871_162550,0
234871_194176,0
234871_12821,0
234872_156913,1
234872_180440,0
234872_234891,1
234872_78910,0
234872_39986,0
234872_15028,0
234873_104542,0
234873_110905,0
234873_177026,1
234873_283669,0
234873_272351,0
234873_234884,0
234876_12020,1
234876_216511,1
234876_167254,0
234876_285508,1
234876_271416,0
234876_248345,0
234877_61189,0
234877_113179,1
234877_70997,1
234877_145607,1
234877_6159,1
234877_253463,0
234878_80916,1
234878_102452,1
234878_119208,0
234878_214995,1
234878_291135,1
234878_150186,1
234879_9758,1
234879_57232,1
234879_199331,1
234879_490,0
234879_145560,1
234879_112211,1
234880_240446,1
234880_172937,1
234880_153400,1
234880_149783,1
234880_207890,1
234880_264857,1
234881_150632,0
234881_58077,0
234881_83231,0
234881_131564,1
234881_184940,1
234881_289249,1
234882_18645,0
234882_75401,1
234882_187117,0
234882_131564,0
234882_163382,1
234882_233293,0
234888_3390,1
234888_131633,1
234888_120492,0
234888_261450,1
234888_49288,1
234888_20895,0
234889_276207,1
234889_215519,1
234889_108134,1
234889_252711,0
234889_113563,0
234889_95704,0
234890_211183,0
234890_252340,1
234890_227762,0
234890_153291,0
234890_204679,1
234890_119375,1
234892_16360,0
234892_231543,0
234892_155012,0
234892_211193,1
234892_135074,1
234892_197553,1
234896_208571,0
234896_100398,1
234896_106858,1
234896_278805,1
234896_186418,0
234896_283018,0
234897_27567,1
234897_115568,1
234897_191197,1
234897_71402,1
234897_13495,1
234897_245984,0
234898_122168,1
234898_55618,1
234898_294251,1
234898_29189,1
234898_128852,0
234898_256008,1
234900_188838,1
234900_219449,0
234900_178939,1
234900_113599,0
234900_45150,1
234900_180331,1
234901_78923,0
234901_165847,0
234901_161738,1
234901_102189,1
234901_2503,0
234901_233769,0
234904_36796,0
234904_66886,0
234904_282572,0
234904_121040,1
234904_175250,0
234904_138151,1
234906_215312,1
234906_52670,0
234906_139745,0
234906_83158,1
234906_7740,0
234906_23365,0
234907_136523,1
234907_201966,1
234907_72387,0
234907_91930,0
234907_97783,0
234907_255924,1
234908_225683,0
234908_230230,1
234908_1193,1
234908_184856,1
234908_56623,1
234908_78345,1
234911_151758,1
234911_175541,1
234911_32586,1
234911_218715,1
234911_16038,1
234911_263171,1
234916_105997,0
234916_212588,1
234916_263711,1
234916_48891,1
234916_203340,1
234916_85690,0
234917_71059,1
234917_141772,1
234917_10628,1
234917_78869,1
234917_9988,0
234917_187329,1
234918_23752,1
234918_31677,1
234918_100171,1
234918_203422,0
234918_205006,1
234918_227912,1
234919_117820,1
234919_78238,1
234919_102247,1
234919_254140,1
234919_192885,0
234919_175784,0
234920_40847,1
234920_281002,1
234920_62052,0
234920_120535,0
234920_106428,1
234920_139007,0
234923_64723,1
234923_194512,0
234923_105375,0
234923_254081,0
234923_162309,1
234923_185283,1
234926_264551,0
234926_98681,1
234926_150766,1
234926_46482,0
234926_124163,1
234926_58680,0
234928_240580,0
234928_47420,0
234928_273613,0
234928_133692,1
234928_11021,1
234928_275816,1
234929_45174,1
234929_171561,0
234929_87650,1
234929_173152,0
234929_231761,1
234929_2398,1
234930_155974,0
234930_236500,0
234930_226902,0
234930_112387,0
234930_216616,0
234930_245737,0
234935_230617,1
234935_144942,1
234935_31958,0
234935_250097,0
234935_107089,1
234935_263685,1
234939_143570,0
234939_111727,0
234939_237718,1
234939_29224,0
234939_52853,1
234939_189973,0
234940_161242,0
234940_153491,1
234940_149535,1
234940_243801,0
234940_90219,0
234940_226754,0
234943_60554,0
234943_170344,1
234943_15187,0
234943_169449,1
234943_22699,1
234943_172323,0
234945_37136,0
234945_212690,0
234945_67897,0
234945_63358,0
234945_202406,0
234945_137479,0
234947_116,1
234947_260905,0
234947_38168,0
234947_45124,0
234947_70188,0
234947_173264,0
234948_271133,1
234948_226946,1
234948_276598,1
234948_276615,1
234948_290588,1
234948_54093,1
234949_39866,1
234949_190962,0
234949_225414,1
234949_105288,1
234949_285162,0
234949_114529,0
234951_274169,0
234951_234849,0
234951_261108,0
234951_104207,0
234951_183591,0
234951_104928,1
234952_96378,1
234952_43564,1
234952_83130,1
234952_60867,0
234952_69860,0
234952_163205,0
234953_89795,0
234953_135383,0
234953_276594,0
234953_31129,1
234953_54773,0
234953_82931,1
234955_276659,0
234955_97007,0
234955_130023,0
234955_187318,0
234955_165948,0
234955_208086,0
234958_172093,0
234958_137084,1
234958_101984,1
234958_286045,1
234958_165877,0
234958_13796,1
234961_57701,1
234961_250766,1
234961_30742,1
234961_38787,0
234961_280345,1
234961_229391,0
234964_36027,0
234964_100919,1
234964_241419,0
234964_229361,0
234964_106999,0
234964_199331,0
234967_86665,1
234967_39736,1
234967_224351,1
234967_23135,1
234967_192662,1
234967_97316,0
234969_68206,0
234969_161829,1
234969_107740,1
234969_63542,1
234969_256047,1
234969_283378,1
234972_72875,1
234972_114805,1
234972_10759,0
234972_130139,1
234972_19130,0
234972_131898,1
234975_59849,1
234975_6016,1
234975_227147,1
234975_138809,1
234975_233923,1
234975_21652,0
234976_145221,1
234976_190788,1
234976_152820,1
234976_98437,1
234976_194652,1
234976_273182,1
234978_50416,0
234978_271941,0
234978_154468,0
234978_63394,1
234978_16728,0
234978_187348,0
234983_15910,1
234983_41109,1
234983_87104,0
234983_9229,1
234983_5933,0
234983_13132,0
234985_46756,1
234985_187847,0
234985_271686,1
234985_1499,1
234985_97256,1
234985_262438,0
234986_286007,0
234986_112017,0
234986_95695,1
234986_285222,0
234986_185562,1
234986_36423,1
234988_17183,0
234988_60602,0
234988_99266,0
234988_46480,1
234988_196144,0
234988_212938,0
234999_136438,0
234999_130023,1
234999_202385,0
234999_128085,0
234999_121306,1
234999_291752,1
235000_278485,1
235000_52068,1
235000_273165,1
235000_61235,1
235000_207076,1
235000_23275,0
235002_246860,1
235002_150679,1
235002_185423,1
235002_135086,0
235002_193262,1
235002_133381,1
235007_288654,1
235007_195249,0
235007_283448,0
235007_164126,1
235007_207618,1
235007_63545,1
235009_209777,1
235009_52885,1
235009_275559,1
235009_200787,0
235009_183431,1
235009_52572,1
235013_136523,1
235013_120535,1
235013_42334,1
235013_150396,0
235013_24582,0
235013_40760,1
235017_70144,0
235017_38168,0
235017_72878,1
235017_185418,1
235017_192224,0
235017_6507,0
235018_113233,1
235018_30617,1
235018_33860,1
235018_64836,1
235018_146725,0
235018_184835,1
235022_17081,1
235022_127339,0
235022_107120,0
235022_280808,1
235022_20790,0
235022_240949,0
235024_270071,0
235024_210945,0
235024_171935,0
235024_259082,0
235024_79115,0
235024_156375,0
235026_38735,0
235026_18395,0
235026_40651,1
235026_237718,1
235026_149765,0
235026_287718,1
235027_166996,0
235027_112473,1
235027_174078,1
235027_170625,1
235027_17790,1
235027_39366,1
235032_35553,1
235032_28168,1
235032_247068,1
235032_213387,1
235032_91871,1
235032_66326,1
235033_50580,1
235033_248723,1
235033_294217,0
235033_230358,0
235033_69262,0
235033_214856,1
235034_287784,0
235034_189861,1
235034_163945,0
235034_225719,0
235034_265918,0
235034_102057,0
235041_71131,1
235041_83546,0
235041_228023,1
235041_200963,0
235041_200497,1
235041_115686,1
235043_142770,0
235043_15352,1
235043_264575,0
235043_35555,0
235043_292416,1
235043_248452,0
235045_280867,0
235045_150186,0
235045_158912,0
235045_55222,0
235045_115847,1
235045_281826,1
235046_151846,0
235046_125889,1
235046_228699,0
235046_250167,1
235046_202503,0
235046_155781,1
235048_229982,1
235048_142425,1
235048_58725,0
235048_251032,1
235048_62327,0
235048_187847,1
235051_29980,1
235051_223155,1
235051_244642,0
235051_88583,1
235051_93820,0
235051_287859,0
235052_45465,1
235052_248723,0
235052_264288,1
235052_108171,0
235052_281822,0
235052_77847,0
235053_12927,0
235053_100746,0
235053_140334,1
235053_239379,0
235053_282753,1
235053_27997,0
235054_63532,0
235054_160343,0
235054_204804,1
235054_188485,0
235054_163649,1
235054_116055,0
235055_64628,1
235055_53331,1
235055_250655,0
235055_161474,0
235055_45337,1
235055_247852,1
235061_224351,1
235061_129684,1
235061_138106,0
235061_248377,0
235061_98166,0
235061_12895,0
235068_121470,0
235068_1139,0
235068_54371,0
235068_111874,1
235068_286426,1
235068_232915,0
235072_44695,1
235072_271594,0
235072_192227,0
235072_239180,1
235072_277159,0
235072_269991,1
235073_92487,0
235073_38913,0
235073_291128,0
235073_144942,0
235073_281826,0
235073_107137,0
235074_231522,1
235074_170570,1
235074_115967,1
235074_217877,1
235074_254140,0
235074_143919,1
235079_242808,1
235079_135617,0
235079_207666,1
235079_77976,1
235079_246593,0
235079_279564,0
235085_35004,0
235085_48874,0
235085_9359,0
235085_295198,0
235085_71455,0
235085_74005,1
235086_124704,1
235086_183310,0
235086_287744,1
235086_55254,1
235086_290555,0
235086_227711,1
235087_172622,0
235087_197553,1
235087_237264,0
235087_44360,1
235087_113112,1
235087_198864,0
235094_208070,0
235094_12452,1
235094_246885,0
235094_66685,1
235094_14579,1
235094_38526,1
235102_100688,0
235102_203717,1
235102_241264,0
235102_178604,1
235102_154321,0
235102_243829,0
235103_20096,0
235103_24582,0
235103_197919,1
235103_286035,0
235103_70637,1
235103_294289,0
235106_207890,1
235106_30742,1
235106_137128,0
235106_80916,0
235106_124674,1
235106_13690,0
235107_222443,1
235107_38390,1
235107_213015,0
235107_130485,1
235107_274788,1
235107_112054,1
235113_272763,0
235113_260175,1
235113_42036,1
235113_231031,0
235113_167470,0
235113_237367,1
235117_76926,0
235117_285162,0
235117_56494,0
235117_81561,1
235117_250273,1
235117_21392,1
235120_111378,1
235120_201023,0
235120_82308,1
235120_275638,1
235120_125452,1
235120_36514,1
235121_217381,0
235121_44622,0
235121_108171,0
235121_278854,0
235121_151720,1
235121_13401,0
235126_271224,1
235126_42072,0
235126_226534,1
235126_208238,0
235126_117339,1
235126_185252,1
235134_293656,0
235134_22536,0
235134_711,1
235134_64255,1
235134_193475,0
235134_284760,1
235136_186477,1
235136_45712,1
235136_247230,0
235136_200432,1
235136_213555,1
235136_35094,1
235146_19494,0
235146_151042,1
235146_106779,1
235146_5236,1
235146_235551,1
235146_262757,1
235152_179299,1
235152_189388,1
235152_55455,0
235152_245479,0
235152_284078,1
235152_155940,1
235153_248194,1
235153_243646,1
235153_286721,0
235153_121298,1
235153_118137,0
235153_159583,1
235161_163440,0
235161_248033,0
235161_177302,1
235161_65381,0
235161_24050,1
235161_119355,0
235164_147573,1
235164_283354,1
235164_104542,1
235164_251902,0
235164_61420,1
235164_153442,1
235165_246627,1
235165_159976,1
235165_40374,1
235165_217824,0
235165_120866,0
235165_193758,1
235166_80165,1
235166_74817,1
235166_202648,0
235166_107740,1
235166_179720,0
235166_20206,1
235170_201216,1
235170_139575,0
235170_207119,1
235170_115642,1
235170_21853,1
235170_278375,0
235171_269685,0
235171_209561,1
235171_138914,0
235171_210171,0
235171_127917,0
235171_2503,1
235178_181277,1
235178_62492,1
235178_71131,1
235178_108546,1
235178_137479,0
235178_80329,1
235183_206525,0
235183_205080,0
235183_19615,0
235183_3973,1
235183_147504,0
235183_139254,1
235185_55751,1
235185_268085,1
235185_118726,0
235185_124022,1
235185_102547,1
235185_268169,1
235187_39763,1
235187_101479,0
235187_146263,1
235187_93084,1
235187_129709,1
235187_41950,1
235188_246946,1
235188_256008,1
235188_86823,1
235188_157155,0
235188_147394,0
235188_160239,0
235190_106849,1
235190_112196,1
235190_223191,0
235190_14542,1
235190_284647,0
235190_189858,0
235191_61224,0
235191_271061,0
235191_255420,0
235191_52660,0
235191_224875,0
235191_272043,1
235200_11237,1
235200_194069,1
235200_236674,1
235200_288689,1
235200_56334,1
235200_234432,1
235207_166203,1
235207_248478,0
235207_207024,0
235207_234920,0
235207_94268,1
235207_31823,1
235209_18306,0
235209_119294,1
235209_117087,0
235209_12821,1
235209_41843,1
235209_237297,0
235214_292203,1
235214_190323,1
235214_61724,0
235214_251427,1
235214_102872,1
235214_181674,1
235217_38015,1
235217_293243,0
235217_288689,1
235217_198034,0
235217_238633,1
235217_148988,0
235219_46629,1
235219_212418,1
235219_199099,1
235219_231315,0
235219_13287,1
235219_188137,0
235221_271496,1
235221_254251,1
235221_203193,0
235221_195174,0
235221_24526,0
235221_38502,1
235223_21911,1
235223_19138,1
235223_92201,0
235223_157001,1
235223_137613,1
235223_143033,1
235225_187847,1
235225_94893,1
235225_243515,0
235225_61144,0
235225_25855,0
235225_112473,1
235226_120535,1
235226_225319,0
235226_1952,0
235226_83130,1
235226_132159,1
235226_30891,0
235233_112069,1
235233_274264,1
235233_134964,1
235233_133554,1
235233_63433,1
235233_220628,1
235235_106751,0
235235_109544,0
235235_236293,1
235235_175381,0
235235_186500,0
235235_107444,1
235236_83093,1
235236_282846,0
235236_92045,1
235236_295623,1
235236_150229,0
235236_178008,1
235237_276428,1
235237_229425,0
235237_40511,0
235237_232665,1
235237_285618,0
235237_252291,0
235241_99448,0
235241_173689,0
235241_89363,0
235241_5888,1
235241_199786,0
235241_204859,1
235245_177497,1
235245_200962,0
235245_271496,1
235245_230797,1
235245_27851,1
235245_115641,1
235247_174693,0
235247_171637,0
235247_113984,1
235247_85654,1
235247_10378,1
235247_58097,0
235250_56525,0
235250_270814,0
235250_38933,0
235250_175397,1
235250_272442,0
235250_187953,1
235251_137615,1
235251_224197,0
235251_114167,1
235251_41067,0
235251_186624,0
235251_273165,1
235252_35481,1
235252_263249,1
235252_92711,1
235252_227594,1
235252_128732,1
235252_112142,1
235254_96915,1
235254_226751,0
235254_280823,0
235254_218593,0
235254_236481,0
235254_218868,1
235257_103813,0
235257_170773,1
235257_136164,0
235257_12688,0
235257_193695,0
235257_253035,0
235262_93799,1
235262_87849,1
235262_254873,0
235262_110739,0
235262_293458,1
235262_9810,1
235263_92711,1
235263_255985,1
235263_226560,1
235263_30902,1
235263_20747,1
235263_148169,0
235266_137209,1
235266_275691,1
235266_225174,1
235266_61351,1
235266_217880,1
235266_50106,0
235270_112142,1
235270_56976,1
235270_49530,0
235270_70459,1
235270_103214,0
235270_194060,0
235272_284835,1
235272_204396,0
235272_105487,0
235272_217016,0
235272_29856,1
235272_84824,1
235276_159212,0
235276_241349,0
235276_268120,1
235276_197217,0
235276_178002,1
235276_94829,0
235280_102921,1
235280_15892,1
235280_46339,0
235280_107627,1
235280_102635,0
235280_92548,1
235282_258883,0
235282_39206,1
235282_158358,0
235282_280507,0
235282_235432,0
235282_131645,0
235283_59365,1
235283_198197,1
235283_283015,1
235283_289978,1
235283_226950,1
235283_63625,1
235287_2877,1
235287_295555,0
235287_234104,1
235287_193274,0
235287_46922,1
235287_113464,0
235291_104996,1
235291_49784,1
235291_208739,0
235291_64677,1
235291_93562,1
235291_126448,0
235292_109544,0
235292_188181,1
235292_109352,0
235292_266622,1
235292_105195,0
235292_127117,1
235294_100831,1
235294_247218,1
235294_116445,1
235294_2121,1
235294_280405,1
235294_130097,0
235301_153442,1
235301_134633,1
235301_183006,0
235301_160262,1
235301_29189,0
235301_212609,1
235302_240854,0
235302_188301,1
235302_53887,1
235302_294216,0
235302_206878,0
235302_86038,1
235305_163853,1
235305_92164,1
235305_110764,1
235305_61451,0
235305_248122,1
235305_261450,1
235307_146633,0
235307_202227,1
235307_29228,1
235307_108161,0
235307_93756,0
235307_236069,0
235310_107167,1
235310_44636,1
235310_283845,1
235310_73490,1
235310_247218,1
235310_148782,0
235311_215314,0
235311_223773,1
235311_52852,0
235311_102921,0
235311_178370,1
235311_261695,0
235312_47136,1
235312_45285,0
235312_96346,1
235312_101297,0
235312_269998,1
235312_148821,1
235313_127691,0
235313_162604,1
235313_180144,1
235313_293706,1
235313_269792,1
235313_100454,1
235315_262279,1
235315_288582,0
235315_20754,0
235315_243335,1
235315_51104,1
235315_228686,1
235316_216214,1
235316_101243,0
235316_103181,1
235316_57610,0
235316_65494,1
235316_227662,1
235323_279521,1
235323_236750,0
235323_30602,0
235323_223314,0
235323_243023,1
235323_62265,0
235324_86185,0
235324_18921,1
235324_69994,1
235324_143913,1
235324_251494,0
235324_129747,0
235326_136523,1
235326_31881,0
235326_272652,1
235326_20747,1
235326_96638,1
235326_239621,0
235328_278582,1
235328_173949,1
235328_143673,1
235328_97883,1
235328_145127,1
235328_122296,1
235331_283699,1
235331_117743,0
235331_55949,0
235331_74142,0
235331_223734,0
235331_30128,0
235336_168462,1
235336_64189,0
235336_125958,1
235336_278922,0
235336_216626,0
235336_190549,1
235338_143204,1
235338_91264,0
235338_18781,1
235338_60495,1
235338_270515,1
235338_22883,1
235340_125604,1
235340_278938,1
235340_231891,0
235340_76321,0
235340_104463,1
235340_7596,1
235344_18152,1
235344_214086,1
235344_288544,1
235344_110764,1
235344_225785,1
235344_160120,1
235346_250273,1
235346_274323,1
235346_42207,1
235346_78192,0
235346_108183,0
235346_179502,1
235348_22655,0
235348_205196,0
235348_280578,0
235348_289595,1
235348_20797,1
235348_191881,1
235349_150287,0
235349_263493,0
235349_103773,1
235349_126448,1
235349_175571,0
235349_271459,0
235351_44927,1
235351_62797,1
235351_204836,1
235351_113571,0
235351_290321,0
235351_4833,1
235352_56664,1
235352_155641,1
235352_108161,1
235352_87138,0
235352_163770,1
235352_185407,0
235353_224666,0
235353_164081,0
235353_280259,0
235353_277867,0
235353_64402,0
235353_26727,1
235354_269483,0
235354_281550,0
235354_1657,1
235354_200907,0
235354_184197,0
235354_20165,1
235355_250273,0
235355_234732,1
235355_177205,1
235355_243026,0
235355_224590,0
235355_219794,1
235356_261974,0
235356_294748,1
235356_281135,1
235356_153172,0
235356_230725,0
235356_124951,1
235359_243078,1
235359_262193,1
235359_137595,1
235359_8669,1
235359_221920,0
235359_276138,1
235360_170732,1
235360_141333,0
235360_145899,0
235360_182119,0
235360_292716,1
235360_236985,0
235361_226700,0
235361_84768,0
235361_194256,0
235361_89668,0
235361_101465,0
235361_223859,0
235364_21454,0
235364_211065,0
235364_90556,0
235364_18674,0
235364_111561,0
235364_2356,0
235367_119064,0
235367_279073,1
235367_257745,1
235367_141358,1
235367_219052,1
235367_96679,1
235368_187117,0
235368_94322,0
235368_295871,0
235368_244657,1
235368_225329,1
235368_290233,1
235369_257711,1
235369_168264,0
235369_245984,0
235369_188681,1
235369_280843,1
235369_167303,0
235370_212664,0
235370_269647,0
235370_39947,0
235370_237718,0
235370_38967,0
235370_251114,0
235376_261345,0
235376_38241,1
235376_223859,1
235376_100174,0
235376_261695,1
235376_70788,1
235379_110173,1
235379_91175,1
235379_198034,0
235379_260206,0
235379_20502,0
235379_279408,1
235380_150186,1
235380_143654,1
235380_120535,1
235380_249919,0
235380_213376,1
235380_22523,0
235381_53652,1
235381_213072,1
235381_228007,1
235381_187346,1
235381_127698,1
235381_294186,0
235384_74142,1
235384_150120,1
235384_12922,1
235384_278140,1
235384_103419,1
235384_273201,1
235385_281436,1
235385_66886,0
235385_273628,1
235385_146408,1
235385_282588,1
235385_295703,0
235387_250949,0
235387_182224,0
235387_68862,0
235387_131109,1
235387_201191,0
235387_131862,1
235389_167292,1
235389_177837,1
235389_69178,1
235389_115602,1
235389_172420,0
235389_256229,1
235392_45150,0
235392_162352,0
235392_20260,0
235392_267861,0
235392_185658,0
235392_101898,0
235395_88313,0
235395_85821,0
235395_23138,0
235395_146407,0
235395_281141,0
235395_41146,1
235404_167698,0
235404_228562,0
235404_224340,1
235404_239469,1
235404_148765,0
235404_14123,0
235405_81061,1
235405_9209,1
235405_218491,0
235405_15735,1
235405_244947,0
235405_35854,0
235407_111331,1
235407_172888,0
235407_137237,1
235407_95277,1
235407_162550,0
235407_247021,0
235408_65494,1
235408_181496,1
235408_15208,1
235408_5058,1
235408_186847,0
235408_256453,1
235409_8669,0
235409_186399,0
235409_24878,0
235409_265417,0
235409_276411,1
235409_199934,0
235410_166445,1
235410_54690,0
235410_149535,1
235410_166186,1
235410_25772,0
235410_96997,0
235412_108279,1
235412_201541,0
235412_195362,1
235412_223073,0
235412_173575,0
235412_202406,1
235414_178134,1
235414_190208,0
235414_159374,1
235414_242061,1
235414_162260,1
235414_154468,1
235420_19789,1
235420_154323,1
235420_55521,1
235420_143295,1
235420_146158,1
235420_238277,0
235421_104252,1
235421_39857,0
235421_120246,0
235421_150748,0
235421_284020,0
235421_34450,0
235422_99448,1
235422_104207,1
235422_295332,0
235422_67942,1
235422_88881,0
235422_92292,0
235424_92539,1
235424_24339,1
235424_53117,0
235424_254165,1
235424_20992,0
235424_13597,0
235426_275043,0
235426_233529,1
235426_271851,0
235426_293535,1
235426_115828,0
235426_173067,1
235427_32295,1
235427_53007,1
235427_223372,1
235427_37363,1
235427_41838,1
235427_221100,1
235430_41852,0
235430_151926,0
235430_256008,0
235430_153291,1
235430_71311,0
235430_130436,0
235433_235584,1
235433_191013,1
235433_148821,1
235433_266594,1
235433_104839,1
235433_214350,1
235434_3830,0
235434_51601,0
235434_7235,0
235434_136275,0
235434_195531,0
235434_271100,0
235435_17927,0
235435_168585,0
235435_226430,0
235435_279398,1
235435_164087,0
235435_169805,0
235437_288807,1
235437_231141,1
235437_238455,0
235437_33495,1
235437_113663,0
235437_97084,1
235439_42369,1
235439_116741,0
235439_263044,0
235439_64318,1
235439_150270,0
235439_226889,0
235441_183528,1
235441_294134,1
235441_126717,0
235441_38179,1
235441_210214,1
235441_270419,0
235442_82667,0
235442_133580,1
235442_42274,0
235442_205714,1
235442_23895,1
235442_125337,1
235443_17662,1
235443_228077,1
235443_94829,0
235443_219973,1
235443_282203,0
235443_92770,0
235444_280405,1
235444_70830,1
235444_89774,1
235444_166193,0
235444_32854,1
235444_283573,0
235448_105876,1
235448_137615,0
235448_224974,1
235448_194256,1
235448_62493,1
235448_109544,1
235450_2686,1
235450_130436,0
235450_3738,0
235450_266779,0
235450_293157,0
235450_123328,1
235452_37686,1
235452_16805,0
235452_191752,1
235452_224655,1
235452_205934,0
235452_292027,0
235453_288536,0
235453_54032,1
235453_162982,1
235453_100907,0
235453_201764,0
235453_198683,1
235456_34930,1
235456_193031,1
235456_2962,0
235456_200036,1
235456_244751,1
235456_27090,1
235459_63077,0
235459_255065,0
235459_93988,1
235459_221846,0
235459_115145,1
235459_256721,0
235462_234755,1
235462_291071,0
235462_62689,0
235462_8750,1
235462_174387,1
235462_211236,0
235468_138963,0
235468_173653,1
235468_192476,1
235468_134277,1
235468_8252,0
235468_241074,0
235470_217228,0
235470_268169,1
235470_3584,0
235470_182318,0
235470_155036,1
235470_197409,0
235475_153275,1
235475_103080,1
235475_34692,1
235475_98116,1
235475_124394,1
235475_161373,1
235481_200438,1
235481_99012,0
235481_49181,0
235481_280033,0
235481_220478,0
235481_5911,1
235483_30318,1
235483_75472,0
235483_250510,0
235483_184986,1
235483_204400,1
235483_10032,1
235484_182307,0
235484_45733,1
235484_30742,1
235484_102147,1
235484_229224,0
235484_147653,0
235485_159686,1
235485_74874,1
235485_188162,1
235485_217557,1
235485_267955,1
235485_138863,1
235489_241922,1
235489_278067,1
235489_138333,0
235489_13690,0
235489_64655,1
235489_66417,0
235492_203152,0
235492_294289,1
235492_43489,1
235492_87181,1
235492_221248,0
235492_276467,1
235494_152525,1
235494_7885,1
235494_120876,0
235494_162604,1
235494_155755,0
235494_102547,1
235495_254625,0
235495_195720,0
235495_61530,0
235495_220067,1
235495_55085,1
235495_29744,1
235497_64250,1
235497_284909,0
235497_132300,0
235497_149321,0
235497_106602,0
235497_25069,0
235499_76043,0
235499_117628,0
235499_235482,1
235499_260274,1
235499_72969,0
235499_255468,1
235500_233221,1
235500_100342,1
235500_78345,1
235500_22840,0
235500_5444,1
235500_155426,0
235501_108843,0
235501_36846,1
235501_120734,1
235501_122589,1
235501_116741,1
235501_5791,1
235503_42927,1
235503_121931,1
235503_72239,1
235503_116721,1
235503_229345,1
235503_115478,0
235504_239180,1
235504_224508,1
235504_252444,1
235504_82912,1
235504_131470,0
235504_269752,0
235506_46549,0
235506_273617,1
235506_211718,0
235506_123687,1
235506_43303,1
235506_153786,1
235507_131131,0
235507_270454,1
235507_133952,1
235507_199,0
235507_122595,0
235507_242473,0
235509_65494,1
235509_256008,1
235509_119908,1
235509_225688,1
235509_92498,1
235509_230050,1
235510_145184,1
235510_187085,1
235510_226439,1
235510_84033,0
235510_277404,1
235510_279682,0
235511_224696,0
235511_121706,0
235511_54147,0
235511_113875,1
235511_60961,0
235511_264667,0
235513_13495,1
235513_96020,1
235513_145526,1
235513_243273,0
235513_54242,0
235513_126775,0
235517_202570,0
235517_213072,0
235517_139158,0
235517_245486,0
235517_40648,0
235517_191995,1
235518_241155,1
235518_261678,0
235518_108560,0
235518_85616,1
235518_200378,0
235518_59612,0
235520_2874,0
235520_295663,0
235520_12114,0
235520_92446,0
235520_34681,0
235520_245760,1
235522_6507,1
235522_131633,1
235522_286580,0
235522_264698,0
235522_196749,0
235522_217666,1
235523_210047,0
235523_38287,1
235523_187969,0
235523_261904,0
235523_80972,1
235523_130536,1
235525_169325,1
235525_115095,1
235525_148765,1
235525_99132,1
235525_84768,1
235525_198454,1
235529_98977,0
235529_240451,1
235529_211324,1
235529_15050,1
235529_2339,0
235529_22466,0
235533_41140,0
235533_81270,0
235533_254377,0
235533_111580,0
235533_43528,0
235533_152800,0
235534_208445,1
235534_175560,0
235534_77591,1
235534_170180,1
235534_244729,0
235534_269846,0
235538_29747,0
235538_48124,1
235538_154286,0
235538_215034,0
235538_238869,1
235538_7596,0
235540_123687,0
235540_194553,0
235540_210428,0
235540_153067,1
235540_256027,0
235540_179535,0
235541_7596,0
235541_157155,0
235541_25076,1
235541_161396,1
235541_237679,1
235541_83656,0
235544_61342,0
235544_112207,1
235544_213072,0
235544_273219,1
235544_183583,0
235544_99329,1
235547_244231,1
235547_50702,0
235547_52315,1
235547_12456,0
235547_5844,0
235547_227416,0
235556_148037,1
235556_248278,1
235556_65957,0
235556_262534,0
235556_33628,1
235556_127247,1
235557_179993,1
235557_109407,0
235557_236215,0
235557_205930,0
235557_32226,1
235557_182596,0
235559_245878,0
235559_64402,1
235559_221316,0
235559_210165,1
235559_181942,1
235559_1414,1
235566_219962,1
235566_92043,0
235566_4932,1
235566_6152,0
235566_49716,0
235566_202140,1
235567_105491,1
235567_89764,1
235567_7596,1
235567_238460,1
235567_12965,0
235567_125863,0
235568_78910,1
235568_149006,1
235568_272332,1
235568_7459,0
235568_257239,1
235568_56769,0
235570_145931,1
235570_289114,1
235570_246541,1
235570_77206,0
235570_32370,0
235570_133200,1
235571_124301,1
235571_268871,0
235571_86017,1
235571_205006,0
235571_120441,0
235571_39381,1
235572_264496,0
235572_238488,0
235572_34295,1
235572_23679,1
235572_114557,0
235572_221441,1
235574_130626,1
235574_233333,1
235574_127043,1
235574_289153,0
235574_29228,1
235574_142831,1
235575_250273,1
235575_150640,1
235575_248692,1
235575_258761,1
235575_69855,1
235575_75391,1
235576_44409,0
235576_256054,1
235576_2129,1
235576_142650,1
235576_15405,0
235576_139835,1
235580_124046,1
235580_263249,1
235580_257874,0
235580_176344,0
235580_268984,1
235580_210733,1
235583_160409,1
235583_108161,1
235583_145615,1
235583_66790,1
235583_248229,0
235583_80256,1
235585_110426,1
235585_250816,1
235585_211834,1
235585_91475,1
235585_119451,1
235585_29862,0
235593_126692,0
235593_216550,0
235593_50778,1
235593_196860,0
235593_225105,0
235593_182840,1
235604_21222,1
235604_170232,1
235604_17035,0
235604_140645,1
235604_129811,1
235604_56154,1
235607_243020,1
235607_164301,1
235607_176639,1
235607_103055,0
235607_71182,0
235607_265407,0
235610_125958,1
235610_283956,1
235610_70431,1
235610_104324,1
235610_190658,1
235610_170480,1
235611_100659,0
235611_146523,0
235611_7655,0
235611_216902,1
235611_144672,1
235611_288162,0
235619_219182,0
235619_151355,0
235619_247467,1
235619_56437,1
235619_10309,1
235619_171901,0
235622_4279,0
235622_162623,1
235622_129845,0
235622_109756,1
235622_232351,1
235622_212210,0
235623_79998,1
235623_64034,0
235623_141055,0
235623_147044,1
235623_249323,0
235623_66859,0
235627_124109,0
235627_32226,1
235627_52855,1
235627_144357,1
235627_220025,0
235627_40786,1
235628_215386,0
235628_246264,1
235628_93492,0
235628_54502,1
235628_209481,1
235628_58476,0
235631_261875,0
235631_110918,0
235631_104050,1
235631_138384,0
235631_226320,1
235631_181455,1
235635_251547,1
235635_233202,1
235635_281016,1
235635_221618,1
235635_270227,0
235635_224707,0
235636_69762,0
235636_224397,1
235636_197061,0
235636_79801,0
235636_260674,0
235636_6507,1
235637_46675,0
235637_279679,1
235637_174081,0
235637_48752,1
235637_244663,0
235637_281139,0
235638_123736,1
235638_159772,1
235638_229455,0
235638_63404,0
235638_243965,0
235638_264826,1
235639_136327,0
235639_231790,0
235639_113354,1
235639_139644,1
235639_214525,1
235639_3883,0
235641_153872,1
235641_65596,1
235641_204471,1
235641_94498,1
235641_11469,1
235641_183331,1
235649_212654,0
235649_100109,1
235649_77355,0
235649_175144,1
235649_268291,0
235649_51301,1
235653_160253,1
235653_165928,1
235653_214714,0
235653_177739,1
235653_90106,1
235653_190039,1
235655_37780,0
235655_136007,0
235655_260184,0
235655_100831,1
235655_103861,1
235655_140670,0
235656_52063,1
235656_209883,0
235656_130276,1
235656_268974,1
235656_234432,1
235656_190356,0
235657_136013,1
235657_221745,1
235657_90178,0
235657_134845,1
235657_223882,1
235657_251511,0
235660_87505,1
235660_289330,1
235660_218706,0
235660_25984,1
235660_214856,1
235660_174171,0
235665_478,1
235665_240558,0
235665_59604,1
235665_136080,1
235665_268968,1
235665_10780,0
235667_286267,0
235667_165847,1
235667_208748,0
235667_126448,1
235667_127244,0
235667_22214,1
235669_88511,1
235669_243448,0
235669_130771,0
235669_163744,0
235669_146570,1
235669_112584,1
235675_267888,1
235675_8289,0
235675_205225,1
235675_106031,0
235675_271287,0
235675_7957,0
235677_65678,0
235677_109024,1
235677_141970,1
235677_187117,1
235677_203633,0
235677_270469,0
235679_276615,0
235679_183103,0
235679_206241,0
235679_175495,1
235679_292341,0
235679_179432,1
235682_30877,1
235682_115698,1
235682_146408,1
235682_136234,0
235682_45631,1
235682_37960,1
235683_73557,1
235683_262191,1
235683_256009,1
235683_278687,0
235683_76149,1
235683_206958,1
235684_91943,0
235684_134456,1
235684_46679,0
235684_130481,1
235684_94498,1
235684_277360,1
235685_94365,0
235685_34397,1
235685_67500,0
235685_253665,0
235685_288689,1
235685_78406,0
235686_22242,0
235686_148119,0
235686_288909,0
235686_214760,0
235686_129783,0
235686_82722,0
235688_233716,1
235688_167965,1
235688_184835,0
235688_101294,1
235688_267612,0
235688_96705,0
235690_232600,0
235690_71402,0
235690_287088,0
235690_151692,0
235690_217219,0
235690_132918,0
235692_92532,0
235692_183307,1
235692_74421,1
235692_250505,0
235692_193419,1
235692_287471,0
235694_201651,1
235694_47618,1
235694_110099,1
235694_218411,1
235694_231225,0
235694_257899,1
235697_264152,1
235697_26594,0
235697_164737,0
235697_1618,0
235697_118129,0
235697_109024,1
235704_10880,1
235704_260245,0
235704_32827,1
235704_89280,0
235704_206310,1
235704_163501,1
235705_240886,1
235705_284289,0
235705_34797,0
235705_225646,1
235705_99329,1
235705_244345,0
235708_271459,0
235708_172022,0
235708_115095,1
235708_292320,0
235708_20206,1
235708_75948,1
235710_125210,1
235710_281936,0
235710_181941,1
235710_250273,1
235710_81434,1
235710_267135,1
235712_39477,1
235712_190068,1
235712_35669,1
235712_226946,1
235712_130606,0
235712_272223,1
235719_261450,1
235719_205721,1
235719_48124,1
235719_1108,1
235719_253216,1
235719_264667,1
235721_204172,1
235721_92062,0
235721_125540,0
235721_20874,0
235721_110014,0
235721_44435,1
235722_73818,0
235722_45495,1
235722_275785,0
235722_85708,0
235722_52853,1
235722_91475,1
235728_239780,1
235728_47258,1
235728_96378,1
235728_77246,1
235728_190099,1
235728_258617,1
235730_282324,1
235730_173652,0
235730_269547,0
235730_257812,0
235730_286770,0
235730_117425,1
235733_273302,1
235733_56008,1
235733_112824,1
235733_169120,1
235733_18645,1
235733_275599,0
235737_203422,1
235737_215322,1
235737_74296,1
235737_263496,1
235737_206806,0
235737_119355,1
235741_219902,1
235741_114421,1
235741_194824,1
235741_249545,1
235741_148436,0
235741_9373,0
235742_39840,0
235742_209664,1
235742_283753,1
235742_124394,1
235742_156679,0
235742_225893,0
235743_82535,1
235743_213350,0
235743_55222,1
235743_144325,1
235743_184573,0
235743_269291,0
235744_142533,0
235744_119901,0
235744_3399,0
235744_43031,0
235744_59211,0
235744_74220,0
235745_237634,0
235745_230496,0
235745_12647,1
235745_13669,0
235745_118690,1
235745_69145,0
235746_40475,1
235746_183431,1
235746_189657,1
235746_48096,1
235746_247800,1
235746_55412,1
235749_20745,0
235749_87423,0
235749_114730,0
235749_124594,0
235749_36793,0
235749_127691,0
235751_132961,0
235751_204209,0
235751_129955,0
235751_49966,0
235751_143883,1
235751_27751,1
235756_204462,0
235756_86544,0
235756_95065,0
235756_231243,0
235756_257000,0
235756_153183,0
235758_114703,0
235758_176099,1
235758_80992,0
235758_251225,1
235758_179979,1
235758_84699,1
235759_210679,0
235759_90034,0
235759_205370,1
235759_105273,0
235759_178534,0
235759_10800,1
235760_1199,1
235760_119005,1
235760_187118,0
235760_143570,1
235760_175144,1
235760_72878,0
235761_145730,1
235761_38543,0
235761_76729,1
235761_74452,1
235761_7669,0
235761_228461,1
235762_94637,0
235762_69219,1
235762_128962,1
235762_178008,0
235762_43571,0
235762_62277,1
235764_129748,0
235764_65831,0
235764_55958,0
235764_52784,0
235764_228096,0
235764_15951,0
235767_63745,0
235767_197897,0
235767_69519,0
235767_226946,1
235767_251955,1
235767_95641,1
235768_173427,1
235768_109352,1
235768_100266,1
235768_122810,0
235768_197392,0
235768_39664,1
235771_82192,0
235771_282320,0
235771_237172,1
235771_145607,1
235771_176633,1
235771_272073,0
235772_281016,1
235772_220368,0
235772_206969,1
235772_169467,0
235772_275643,0
235772_115238,0
235773_74650,1
235773_269065,1
235773_217076,0
235773_247218,1
235773_80050,1
235773_70431,1
235776_145737,1
235776_146408,1
235776_119394,0
235776_168585,0
235776_197919,1
235776_295172,1
235777_190126,1
235777_25408,1
235777_204080,0
235777_247663,0
235777_185815,1
235777_5002,0
235781_272763,0
235781_25722,0
235781_106436,0
235781_242397,0
235781_121681,0
235781_267088,0
235785_100907,0
235785_167727,0
235785_279580,0
235785_41862,1
235785_257951,1
235785_247788,0
235789_286929,0
235789_288857,1
235789_212449,1
235789_166288,1
235789_146379,1
235789_39160,1
235790_15097,1
235790_132263,1
235790_219877,0
235790_55958,1
235790_10661,0
235790_11855,0
235791_42375,1
235791_55312,0
235791_218159,1
235791_121299,1
235791_93055,0
235791_215511,0
235794_231806,0
235794_29189,1
235794_154982,0
235794_119217,1
235794_153756,1
235794_48394,0
235796_182009,1
235796_166959,0
235796_256132,0
235796_113135,1
235796_144942,0
235796_7375,0
235797_44343,1
235797_138488,0
235797_57083,1
235797_200969,0
235797_118912,0
235797_6163,1
235806_295019,0
235806_60011,0
235806_105097,0
235806_131720,1
235806_61335,0
235806_185768,0
235810_31440,1
235810_218090,1
235810_288705,1
235810_124022,0
235810_73557,1
235810_198461,0
235815_258132,0
235815_266176,1
235815_252086,0
235815_163508,0
235815_273979,0
235815_260829,0
235820_207948,0
235820_26131,0
235820_153595,1
235820_55871,1
235820_291248,1
235820_6433,0
235823_183981,0
235823_75614,0
235823_294967,1
235823_112493,0
235823_24876,0
235823_224508,1
235824_99683,1
235824_133807,0
235824_49964,0
235824_20953,0
235824_175955,1
235824_234432,1
235825_154441,1
235825_160253,1
235825_140420,0
235825_93644,1
235825_93896,0
235825_155570,0
235826_283482,1
235826_49305,1
235826_82912,1
235826_5207,1
235826_102735,1
235826_164812,1
235836_269269,1
235836_136108,1
235836_183138,1
235836_165457,1
235836_171330,1
235836_223597,1
235837_163591,0
235837_11947,1
235837_167292,0
235837_94893,1
235837_92030,1
235837_43571,0
235838_101888,1
235838_207982,1
235838_80992,0
235838_196596,1
235838_34397,1
235838_103242,1
235843_98805,1
235843_265508,1
235843_61198,0
235843_233247,1
235843_47641,1
235843_279299,0
235845_9474,0
235845_90291,0
235845_57777,0
235845_233003,0
235845_149191,0
235845_273446,0
235850_115927,0
235850_134918,1
235850_244210,0
235850_65494,0
235850_145973,0
235850_262463,0
235851_246130,1
235851_217614,0
235851_287047,1
235851_29381,0
235851_274169,0
235851_277815,0
235858_13429,1
235858_268933,1
235858_279002,1
235858_195565,1
235858_256944,1
235858_152602,1
235861_68832,0
235861_187940,0
235861_231665,0
235861_65494,0
235861_256424,0
235861_87505,0
235865_275328,0
235865_103546,0
235865_14994,0
235865_115198,0
235865_271560,0
235865_259838,0
235868_250202,1
235868_267135,1
235868_249827,1
235868_176842,0
235868_198890,1
235868_113083,0
235869_115289,0
235869_252573,0
235869_13470,1
235869_47047,1
235869_141772,0
235869_210508,1
235872_84473,1
235872_192661,1
235872_252372,1
235872_210062,0
235872_58183,0
235872_93021,1
235875_42912,1
235875_216843,1
235875_294616,0
235875_2252,1
235875_128063,1
235875_166608,1
235876_12688,1
235876_152511,1
235876_196653,0
235876_211766,1
235876_135181,0
235876_18415,0
235883_185986,1
235883_132159,1
235883_281623,1
235883_246729,0
235883_221643,1
235883_245668,1
235886_281224,1
235886_230371,0
235886_189755,1
235886_233429,1
235886_256132,1
235886_40041,1
235887_256229,1
235887_59158,1
235887_157639,1
235887_253478,1
235887_38453,1
235887_18515,1
235892_167873,1
235892_232322,0
235892_150724,1
235892_83688,0
235892_120535,0
235892_83251,1
235896_186596,1
235896_98965,1
235896_155884,1
235896_63542,1
235896_60913,1
235896_263613,1
235899_634,0
235899_159637,1
235899_103431,0
235899_171065,1
235899_26102,0
235899_214296,0
235900_281141,0
235900_162611,0
235900_225329,0
235900_225499,1
235900_252498,0
235900_220358,1
235904_271941,0
235904_239314,0
235904_204432,0
235904_9411,1
235904_287949,0
235904_110001,1
235906_252700,1
235906_164737,1
235906_179505,1
235906_242681,0
235906_12572,0
235906_138410,1
235907_98426,0
235907_59426,0
235907_156913,0
235907_185407,0
235907_253344,0
235907_33233,1
235908_249165,0
235908_113475,1
235908_143570,1
235908_60895,1
235908_17931,1
235908_210380,1
235909_229894,1
235909_74296,1
235909_47425,1
235909_9526,0
235909_49798,1
235909_195181,1
235910_272078,1
235910_272689,0
235910_151000,1
235910_91475,1
235910_283775,0
235910_34084,0
235911_116977,1
235911_223975,0
235911_80428,0
235911_266720,0
235911_124815,1
235911_233293,0
235912_20260,0
235912_20128,0
235912_20901,0
235912_260619,0
235912_166837,0
235912_72842,0
235918_88453,0
235918_219756,0
235918_243454,0
235918_134458,0
235918_69611,1
235918_77684,1
235920_94829,0
235920_51234,1
235920_225781,1
235920_272223,0
235920_219052,1
235920_287257,0
235922_96679,1
235922_148821,1
235922_129467,1
235922_105030,1
235922_131,0
235922_25107,1
235927_182668,0
235927_201966,1
235927_31436,1
235927_74098,1
235927_263647,1
235927_259559,1
235928_10867,0
235928_171373,0
235928_181900,0
235928_137850,0
235928_135697,0
235928_49408,0
235929_131453,0
235929_177552,0
235929_62895,0
235929_122589,0
235929_250273,1
235929_91894,0
235933_61826,1
235933_188775,1
235933_263806,1
235933_39907,0
235933_48104,1
235933_168344,0
235934_6137,0
235934_286464,0
235934_105583,0
235934_206716,1
235934_51643,1
235934_201147,1
235936_274895,0
235936_251902,0
235936_218956,0
235936_289844,0
235936_197997,0
235936_136449,0
235937_5376,0
235937_166592,0
235937_245972,1
235937_130531,0
235937_72300,0
235937_111539,0
235938_124387,1
235938_109806,1
235938_259598,1
235938_60940,0
235938_134458,1
235938_35012,1
235939_17302,1
235939_219937,1
235939_240094,1
235939_793,0
235939_26278,0
235939_197751,1
235941_79787,1
235941_39575,0
235941_261824,1
235941_250866,1
235941_253198,0
235941_50712,1
235942_259315,1
235942_224300,1
235942_232056,1
235942_5798,0
235942_246189,1
235942_23430,1
235946_219794,1
235946_138785,0
235946_251785,0
235946_132395,0
235946_196821,1
235946_156814,0
235947_159976,1
235947_180539,0
235947_31440,0
235947_6064,0
235947_158796,0
235947_185036,0
235949_296028,0
235949_200680,0
235949_211958,1
235949_169929,1
235949_103080,0
235949_87732,0
235950_12541,1
235950_269227,0
235950_117750,0
235950_87763,1
235950_280999,1
235950_123720,0
235951_101110,1
235951_90012,1
235951_120734,0
235951_23384,0
235951_282565,0
235951_210679,0
235953_182054,1
235953_34824,1
235953_232270,0
235953_200432,1
235953_10628,0
235953_31842,0
235956_85435,1
235956_185423,1
235956_32854,1
235956_119294,1
235956_201449,1
235956_166592,1
235958_29894,1
235958_258343,1
235958_80165,1
235958_143734,1
235958_143617,1
235958_258410,1
235965_224256,1
235965_235536,1
235965_69378,0
235965_236723,0
235965_151534,1
235965_252052,0
235968_247862,0
235968_24909,0
235968_112142,0
235968_286329,1
235968_194256,1
235968_53767,0
235971_198994,1
235971_68213,1
235971_186905,0
235971_36734,1
235971_55324,1
235971_107493,0
235972_180073,0
235972_284415,1
235972_22257,0
235972_171850,0
235972_111231,0
235972_187117,1
235975_310,0
235975_57671,0
235975_284909,0
235975_87181,1
235975_219726,0
235975_230677,1
235976_70431,0
235976_39963,0
235976_132199,0
235976_46428,1
235976_159634,1
235976_248783,1
235977_146505,1
235977_129666,1
235977_192960,1
235977_129274,0
235977_24681,1
235977_203481,1
235979_31128,0
235979_175622,0
235979_244894,0
235979_41843,0
235979_106125,0
235979_187355,1
235981_256996,0
235981_184644,1
235981_41336,1
235981_29228,1
235981_95106,1
235981_261013,1
235984_254465,1
235984_171830,1
235984_224888,1
235984_135899,1
235984_238720,1
235984_162773,0
235985_40250,1
235985_9160,0
235985_114383,1
235985_32743,0
235985_209462,1
235985_287246,0
235989_150047,1
235989_101875,1
235989_170897,1
235989_100122,1
235989_131302,1
235989_293332,1
235990_87819,1
235990_13570,0
235990_29894,1
235990_105192,0
235990_20176,0
235990_97522,1
235991_112904,1
235991_163853,0
235991_88880,0
235991_15715,0
235991_177881,1
235991_150113,1
235994_48253,0
235994_63597,0
235994_290578,0
235994_23018,1
235994_83093,0
235994_150707,0
236001_201205,1
236001_190992,0
236001_68749,1
236001_40215,0
236001_56288,1
236001_108038,0
236002_115187,0
236002_29806,1
236002_234091,1
236002_271794,1
236002_164966,1
236002_41067,0
236005_275211,1
236005_156293,1
236005_276334,1
236005_147466,1
236005_155802,1
236005_248665,1
236013_51234,1
236013_165326,1
236013_163853,1
236013_178170,0
236013_122747,1
236013_78910,1
236017_205438,1
236017_35647,0
236017_83560,0
236017_255065,1
236017_210150,0
236017_115355,1
236019_259375,1
236019_278582,1
236019_134743,0
236019_112694,0
236019_279878,1
236019_88041,0
236022_199629,0
236022_184620,0
236022_225329,0
236022_155619,0
236022_79444,1
236022_173988,0
236025_45683,1
236025_230019,0
236025_237899,0
236025_122036,1
236025_227015,0
236025_291338,0
236030_108064,1
236030_52303,1
236030_205161,1
236030_14521,1
236030_3193,1
236030_195950,0
236032_81561,1
236032_148270,1
236032_152626,0
236032_29345,0
236032_121578,0
236032_123579,0
236033_82878,1
236033_129516,0
236033_9274,0
236033_176916,0
236033_258301,1
236033_260065,1
236034_274164,1
236034_163665,1
236034_285250,1
236034_274209,1
236034_151436,1
236034_244053,0
236035_224657,0
236035_249195,0
236035_192661,0
236035_218916,0
236035_190117,0
236035_153551,0
236037_80916,1
236037_224827,1
236037_107138,1
236037_28489,1
236037_36273,1
236037_121855,1
236038_5532,1
236038_116549,1
236038_138343,1
236038_186913,1
236038_104050,1
236038_37517,1
236040_99683,1
236040_177370,1
236040_106788,1
236040_169065,1
236040_109544,1
236040_247946,0
236042_117728,1
236042_186266,1
236042_235471,1
236042_268019,1
236042_133004,0
236042_280405,1
236044_232332,0
236044_80198,1
236044_184702,1
236044_287257,1
236044_263712,1
236044_53964,1
236045_45916,1
236045_181730,0
236045_189775,1
236045_264962,0
236045_211235,0
236045_217249,0
236046_82772,1
236046_240392,1
236046_33784,0
236046_70997,1
236046_45166,0
236046_83669,0
236049_30260,0
236049_272285,0
236049_7740,1
236049_109352,1
236049_116541,0
236049_28579,1
236051_12106,0
236051_295799,1
236051_63802,0
236051_254625,0
236051_18152,1
236051_243378,1
236053_281079,1
236053_172713,1
236053_177575,0
236053_182805,0
236053_49440,0
236053_190001,1
236066_218523,0
236066_214657,0
236066_175120,0
236066_12690,0
236066_219320,0
236066_285950,0
236067_234728,1
236067_104262,0
236067_47697,1
236067_163322,1
236067_191023,1
236067_209757,1
236069_219640,0
236069_33444,0
236069_174892,0
236069_87498,0
236069_122503,0
236069_212220,0
236074_113384,1
236074_277301,1
236074_275952,0
236074_88448,1
236074_218326,1
236074_103661,0
236076_184536,0
236076_271070,1
236076_229894,0
236076_28975,0
236076_73557,1
236076_165847,1
236077_69804,1
236077_13696,1
236077_203569,0
236077_168943,0
236077_256284,1
236077_278764,0
236081_22100,0
236081_219283,1
236081_152867,0
236081_113224,1
236081_151964,1
236081_14415,0
236082_226889,0
236082_61921,0
236082_284280,0
236082_293535,0
236082_147466,1
236082_253628,1
236087_276467,0
236087_224615,1
236087_78005,0
236087_132298,0
236087_44222,1
236087_215486,1
236088_117043,1
236088_3053,1
236088_17810,1
236088_171608,0
236088_44943,0
236088_237561,1
236090_60428,1
236090_92910,1
236090_150048,1
236090_17086,1
236090_118072,1
236090_122458,0
236093_243829,1
236093_200132,1
236093_129695,0
236093_204400,0
236093_122187,1
236093_182717,0
236096_286721,0
236096_97998,1
236096_12791,1
236096_251171,0
236096_6064,1
236096_283762,0
236100_209658,0
236100_145554,0
236100_191403,1
236100_32961,1
236100_136529,0
236100_6575,1
236102_128541,1
236102_196904,1
236102_134261,0
236102_42929,0
236102_283022,1
236102_232322,1
236108_245086,1
236108_224671,1
236108_147966,0
236108_234131,1
236108_213866,1
236108_1464,0
236111_287168,0
236111_194221,0
236111_105649,1
236111_281938,0
236111_104207,0
236111_65150,1
236112_54559,0
236112_13083,1
236112_39605,0
236112_130436,0
236112_70431,1
236112_55630,1
236115_181556,1
236115_275687,0
236115_126607,1
236115_21947,1
236115_112866,1
236115_233911,1
236117_231141,1
236117_112669,1
236117_97524,1
236117_3307,0
236117_263321,1
236117_254529,1
236118_65731,1
236118_150186,1
236118_116078,0
236118_224101,0
236118_246898,0
236118_294808,0
236120_37283,1
236120_40934,0
236120_254181,1
236120_27834,0
236120_181772,0
236120_6548,1
236122_130543,1
236122_26131,1
236122_21593,1
236122_277179,1
236122_142351,1
236122_41827,1
236125_218956,0
236125_239143,1
236125_85242,0
236125_286684,0
236125_35450,0
236125_295936,1
236128_113520,1
236128_282840,1
236128_146263,1
236128_98751,1
236128_197553,1
236128_151458,0
236129_17739,0
236129_35278,1
236129_129070,1
236129_246946,0
236129_33965,0
236129_10249,1
236135_228938,1
236135_56811,1
236135_237246,1
236135_232705,1
236135_171151,0
236135_112824,0
236136_187169,0
236136_117177,1
236136_41115,0
236136_244709,0
236136_236554,1
236136_86430,0
236137_131416,0
236137_51234,1
236137_1429,1
236137_153596,0
236137_66502,0
236137_156293,0
236140_197751,0
236140_56976,0
236140_226836,0
236140_171631,0
236140_45916,0
236140_158197,0
236142_280405,0
236142_4107,0
236142_123454,0
236142_5888,1
236142_77048,1
236142_70547,0
236143_179378,1
236143_55677,1
236143_231679,0
236143_70431,1
236143_19314,1
236143_113162,0
236149_224918,0
236149_288481,0
236149_109667,0
236149_24748,0
236149_106975,0
236149_168736,0
236152_251819,1
236152_38708,1
236152_289109,0
236152_21593,1
236152_192375,1
236152_142669,1
236153_13564,1
236153_102876,0
236153_228844,1
236153_187355,1
236153_208284,0
236153_199072,1
236160_116048,0
236160_195002,1
236160_173059,1
236160_229045,1
236160_6451,0
236160_216655,1
236163_142858,0
236163_261322,0
236163_90962,0
236163_252285,0
236163_208755,1
236163_167345,0
236164_139135,0
236164_153212,0
236164_66257,1
236164_149377,1
236164_294134,0
236164_134866,1
236165_195546,1
236165_16500,0
236165_12174,0
236165_278037,1
236165_42375,0
236165_12868,1
236166_130747,1
236166_264667,1
236166_106807,1
236166_115182,0
236166_142715,1
236166_14355,0
236167_203000,0
236167_235132,0
236167_183431,0
236167_260175,0
236167_13495,0
236167_94829,0
236169_83825,1
236169_123577,1
236169_92035,1
236169_36131,1
236169_173176,1
236169_98751,1
236171_146699,0
236171_222067,1
236171_93808,0
236171_117290,1
236171_173691,0
236171_238214,0
236172_213012,1
236172_244923,1
236172_132159,0
236172_158908,0
236172_68179,1
236172_248798,0
236176_16384,1
236176_139872,0
236176_206368,0
236176_21365,1
236176_204679,1
236176_253265,1
236179_209690,0
236179_141996,0
236179_92062,0
236179_266367,1
236179_33827,1
236179_83791,1
236181_65494,1
236181_83688,1
236181_195223,1
236181_234072,1
236181_238065,0
236181_264347,1
236182_124231,1
236182_40326,1
236182_239656,1
236182_272859,0
236182_39993,1
236182_108116,1
236183_246970,0
236183_123764,1
236183_30547,1
236183_246058,0
236183_192126,1
236183_266141,0
236184_281016,0
236184_177754,0
236184_123191,0
236184_74389,0
236184_239829,0
236184_134160,0
236189_193216,0
236189_153565,1
236189_237246,1
236189_247777,1
236189_167564,0
236189_147613,0
236191_187117,1
236191_267135,1
236191_251445,1
236191_60185,0
236191_235828,1
236191_231892,0
236192_59704,0
236192_104207,1
236192_65567,1
236192_176004,1
236192_113233,1
236192_272052,0
236193_21493,1
236193_180124,1
236193_66613,1
236193_125251,1
236193_150337,1
236193_27573,1
236195_16878,1
236195_104342,1
236195_105306,1
236195_71402,1
236195_155802,1
236195_187714,0
236200_231263,1
236200_79922,1
236200_287507,1
236200_278214,1
236200_272039,1
236200_203014,1
236205_252285,0
236205_158756,1
236205_232809,0
236205_104324,1
236205_100621,1
236205_92764,1
236207_153877,0
236207_61571,1
236207_42567,0
236207_189920,0
236207_55613,1
236207_133188,1
236209_263072,1
236209_76477,1
236209_105064,1
236209_250047,0
236209_138040,1
236209_134155,1
236212_83125,0
236212_282147,1
236212_285034,1
236212_256998,0
236212_283493,0
236212_87671,1
236213_198888,0
236213_292983,1
236213_15561,0
236213_98442,1
236213_49392,0
236213_139745,1
236214_174750,0
236214_100174,1
236214_93699,1
236214_247494,1
236214_4445,1
236214_108078,1
236216_189222,1
236216_256863,1
236216_8379,1
236216_173538,0
236216_109070,1
236216_271794,1
236217_37517,1
236217_18863,1
236217_80323,0
236217_169945,1
236217_189966,1
236217_286910,1
236218_228745,1
236218_227582,1
236218_186873,0
236218_134116,0
236218_289647,0
236218_210733,0
236222_92995,1
236222_6116,0
236222_23823,0
236222_107910,0
236222_226815,0
236222_20460,1
236223_163189,1
236223_131555,1
236223_231206,1
236223_59371,0
236223_249320,1
236223_74296,1
236225_207770,1
236225_7031,1
236225_290018,1
236225_83093,1
236225_112227,1
236225_69464,0
236228_178563,1
236228_295221,0
236228_52044,1
236228_226047,1
236228_168,0
236228_201216,0
236230_273793,0
236230_260862,0
236230_992,0
236230_96536,0
236230_131224,0
236230_89432,0
236231_85077,1
236231_278077,0
236231_181390,0
236231_7031,1
236231_57448,0
236231_114667,0
236233_156832,1
236233_271100,1
236233_74879,0
236233_27259,1
236233_294507,1
236233_286684,1
236234_115182,0
236234_174591,0
236234_117867,0
236234_105450,1
236234_123985,0
236234_166837,0
236235_246550,1
236235_76043,1
236235_23480,1
236235_205438,1
236235_42339,1
236235_113895,1
236239_128659,1
236239_261827,0
236239_156165,0
236239_259782,1
236239_17764,1
236239_234437,0
236240_180595,1
236240_218813,1
236240_142900,1
236240_276635,1
236240_151595,0
236240_249993,1
236244_214382,0
236244_34333,1
236244_254092,0
236244_151311,1
236244_8066,1
236244_30154,1
236246_61587,1
236246_290335,1
236246_162447,1
236246_235311,1
236246_68746,0
236246_94531,0
236248_133594,0
236248_22790,0
236248_292073,0
236248_216902,1
236248_111874,1
236248_271100,0
236249_26958,1
236249_217871,0
236249_138786,0
236249_273801,0
236249_106294,0
236249_213160,0
236251_269065,1
236251_111720,1
236251_238888,0
236251_228574,0
236251_253231,1
236251_294674,0
236252_155036,1
236252_48584,1
236252_9464,0
236252_248917,1
236252_252052,1
236252_179502,0
236263_22497,0
236263_237561,1
236263_38502,0
236263_244768,0
236263_228205,0
236263_186923,1
236268_282514,0
236268_75666,0
236268_122470,1
236268_202199,0
236268_69634,0
236268_231614,0
236271_205279,1
236271_189966,0
236271_175852,0
236271_282174,1
236271_76329,0
236271_134456,1
236272_172962,1
236272_167539,0
236272_216918,1
236272_86427,1
236272_271460,1
236272_267103,0
236273_193216,0
236273_5621,0
236273_47084,0
236273_220024,0
236273_271639,0
236273_92064,0
236275_107160,0
236275_84988,0
236275_108755,1
236275_283814,1
236275_120246,1
236275_45524,1
236279_62906,1
236279_85720,0
236279_258929,1
236279_44677,1
236279_228424,1
236279_223599,0
236282_235408,1
236282_73818,0
236282_254160,0
236282_265681,0
236282_133701,0
236282_156802,0
236283_163472,0
236283_250273,1
236283_260793,1
236283_90264,0
236283_163382,1
236283_286152,1
236284_278320,1
236284_68914,0
236284_81224,1
236284_240478,1
236284_92196,1
236284_277148,1
236285_222443,1
236285_81180,1
236285_85743,1
236285_132321,0
236285_108855,1
236285_124231,1
236287_116728,0
236287_86928,1
236287_55412,1
236287_261025,1
236287_44222,1
236287_94531,0
236288_265026,1
236288_116312,1
236288_232071,1
236288_190702,0
236288_117104,1
236288_243895,0
236289_282197,1
236289_114590,1
236289_7180,1
236289_232270,1
236289_207449,1
236289_92193,1
236292_155572,1
236292_130590,1
236292_8314,1
236292_15629,1
236292_93820,1
236292_165361,0
236293_30014,1
236293_70268,1
236293_97482,0
236293_89767,1
236293_55563,0
236293_225942,1
236294_187071,1
236294_116055,1
236294_48889,1
236294_290018,0
236294_70174,0
236294_69913,0
236297_90468,0
236297_82522,0
236297_164466,0
236297_120178,0
236297_285305,1
236297_221867,1
236300_282297,0
236300_12003,0
236300_87046,0
236300_271466,0
236300_261450,0
236300_237039,0
236303_286978,0
236303_107768,0
236303_163189,0
236303_218956,1
236303_17480,0
236303_172006,1
236304_184131,1
236304_178167,0
236304_15405,0
236304_89198,0
236304_249247,0
236304_85663,1
236305_238731,1
236305_238792,1
236305_168637,0
236305_254181,1
236305_48673,0
236305_176554,0
236306_29191,0
236306_114658,1
236306_23182,1
236306_244155,0
236306_125148,1
236306_128892,1
236311_259100,1
236311_198589,0
236311_251652,1
236311_231566,0
236311_252519,0
236311_207717,0
236314_252041,1
236314_271083,1
236314_171529,1
236314_70379,1
236314_269547,1
236314_81799,1
236319_231030,1
236319_15798,1
236319_271941,0
236319_183204,1
236319_138698,1
236319_56437,1
236321_126656,0
236321_278609,1
236321_226836,1
236321_59838,0
236321_117116,1
236321_81061,0
236323_35397,1
236323_260975,0
236323_254008,1
236323_77545,0
236323_85946,0
236323_126584,0
236328_120563,0
236328_114926,0
236328_60855,0
236328_143883,1
236328_205664,1
236328_230898,1
236330_186400,0
236330_86300,1
236330_192107,0
236330_205656,1
236330_50689,1
236330_114730,0
236331_289137,0
236331_124444,1
236331_72035,1
236331_276929,1
236331_240024,1
236331_196860,1
236333_81466,0
236333_86871,0
236333_198514,0
236333_203369,0
236333_63785,0
236333_92742,0
236334_263958,1
236334_162907,0
236334_247019,1
236334_284211,1
236334_122804,1
236334_150719,1
236338_197966,0
236338_108137,0
236338_227933,0
236338_37161,1
236338_28872,1
236338_252006,1
236339_24023,0
236339_252994,1
236339_153442,1
236339_285658,1
236339_132909,1
236339_109638,0
236342_29856,1
236342_53505,0
236342_168851,1
236342_132497,0
236342_90219,1
236342_36024,1
236343_63236,0
236343_191808,0
236343_121386,0
236343_166118,0
236343_279260,0
236343_145730,0
236344_134774,0
236344_107089,1
236344_246261,1
236344_14016,0
236344_231146,0
236344_85681,1
236352_76317,1
236352_221953,1
236352_292761,1
236352_20878,1
236352_249701,1
236352_267450,1
236355_129684,1
236355_21571,0
236355_62052,1
236355_48189,1
236355_230358,1
236355_157090,0
236356_86733,0
236356_147743,1
236356_142898,0
236356_159936,0
236356_92035,1
236356_1743,1
236357_95376,0
236357_207389,0
236357_142017,0
236357_172450,0
236357_54690,0
236357_96799,0
236359_283265,1
236359_68085,1
236359_102452,1
236359_221745,0
236359_268388,1
236359_151324,0
236360_56154,0
236360_52617,0
236360_194547,0
236360_167070,0
236360_66661,0
236360_73557,0
236363_292141,1
236363_221371,1
236363_60984,0
236363_9852,0
236363_147585,1
236363_197858,1
236365_73203,0
236365_52613,0
236365_284020,1
236365_276805,1
236365_222396,0
236365_30405,0
236366_226093,1
236366_163311,1
236366_109544,1
236366_262540,1
236366_157356,1
236366_73469,0
236369_166484,1
236369_272268,1
236369_13495,1
236369_26147,1
236369_34905,1
236369_24419,1
236372_117790,0
236372_68236,0
236372_146879,0
236372_60873,1
236372_271145,1
236372_281818,0
236375_205488,0
236375_160367,1
236375_155907,1
236375_117920,0
236375_29016,1
236375_61827,0
236376_43161,0
236376_235311,1
236376_136018,1
236376_146178,0
236376_162167,0
236376_204859,0
236377_204351,1
236377_263589,1
236377_251810,1
236377_150618,1
236377_89984,1
236377_279013,1
236378_278582,1
236378_126312,1
236378_87505,1
236378_279958,0
236378_50696,0
236378_132174,0
236382_240132,1
236382_235820,1
236382_165847,1
236382_145030,0
236382_256658,1
236382_65831,0
236383_17097,0
236383_63120,1
236383_131620,1
236383_188579,0
236383_105511,0
236383_141022,1
236384_83057,1
236384_57083,1
236384_146417,1
236384_286329,1
236384_102921,1
236384_244947,1
236386_187577,1
236386_212395,1
236386_290611,0
236386_111965,1
236386_72749,0
236386_78910,0
236389_41843,0
236389_59785,1
236389_112535,1
236389_281514,0
236389_258914,1
236389_244729,0
236390_206878,1
236390_169249,0
236390_286476,0
236390_235721,0
236390_264667,1
236390_281623,0
236392_5573,1
236392_110855,1
236392_74650,1
236392_262914,1
236392_36641,1
236392_73744,1
236393_153689,1
236393_92193,1
236393_234729,1
236393_254625,1
236393_59944,0
236393_165197,0
236394_111925,0
236394_62190,0
236394_93616,1
236394_195496,0
236394_139096,1
236394_120246,0
236397_46841,0
236397_269227,1
236397_203325,1
236397_143026,1
236397_79067,0
236397_259817,1
236399_125062,0
236399_168601,0
236399_250115,1
236399_269846,0
236399_2518,1
236399_235658,1
236402_12501,0
236402_60666,0
236402_148002,1
236402_219052,0
236402_20052,1
236402_220478,1
236404_221221,0
236404_282,0
236404_122757,1
236404_54378,1
236404_137485,1
236404_104542,1
236406_4833,1
236406_98116,1
236406_20559,1
236406_102133,1
236406_163568,1
236406_249804,1
236413_25371,0
236413_213506,1
236413_80165,0
236413_197439,1
236413_133121,0
236413_211236,1
236414_181030,0
236414_165376,1
236414_226320,1
236414_190001,0
236414_278582,1
236414_235011,0
236422_130097,1
236422_175991,1
236422_1805,0
236422_105155,1
236422_20240,1
236422_138596,1
236426_272833,1
236426_278200,0
236426_176506,0
236426_134458,1
236426_251785,0
236426_116601,1
236427_9209,1
236427_9758,1
236427_105017,0
236427_63879,0
236427_209371,0
236427_98305,1
236428_244947,0
236428_153923,0
236428_248766,0
236428_110855,0
236428_110014,1
236428_232744,0
236430_272851,1
236430_97522,1
236430_264511,0
236430_86266,0
236430_28361,0
236430_130023,1
236433_139569,1
236433_218238,1
236433_218525,1
236433_106594,1
236433_251937,0
236433_278943,0
236439_285884,0
236439_107923,0
236439_246464,1
236439_49090,1
236439_77781,0
236439_17882,1
236444_126118,1
236444_264152,1
236444_253265,1
236444_226153,0
236444_221248,1
236444_105563,1
236445_137933,1
236445_275559,1
236445_42815,1
236445_110256,1
236445_283227,1
236445_72878,1
236448_273001,1
236448_206878,1
236448_84196,0
236448_287587,0
236448_2129,1
236448_254974,0
236451_109937,1
236451_15154,0
236451_225928,0
236451_10745,0
236451_215158,1
236451_239936,1
236454_74389,1
236454_111501,1
236454_128762,0
236454_66439,1
236454_55926,0
236454_49284,0
236455_102489,1
236455_28053,1
236455_261774,1
236455_186288,0
236455_79396,1
236455_37749,0
236456_111064,0
236456_247467,0
236456_249153,0
236456_204113,0
236456_37539,0
236456_41473,0
236457_214825,0
236457_91301,1
236457_37753,1
236457_281869,1
236457_195551,0
236457_83380,0
236460_291627,1
236460_110244,1
236460_74382,0
236460_148821,1
236460_258582,0
236460_87086,0
236461_158005,1
236461_152982,1
236461_69186,1
236461_30742,1
236461_96598,1
236461_15876,0
236463_224264,0
236463_188703,0
236463_202980,1
236463_180124,0
236463_179437,1
236463_149201,1
236466_267888,0
236466_289330,0
236466_155061,0
236466_42050,0
236466_43859,0
236466_272575,0
236468_192343,0
236468_220518,1
236468_143033,1
236468_175651,1
236468_277753,0
236468_178681,1
236469_122933,1
236469_87040,0
236469_260780,1
236469_282809,0
236469_59177,0
236469_135754,0
236472_284781,0
236472_228032,1
236472_250273,1
236472_46922,0
236472_210522,0
236472_122434,0
236474_118820,0
236474_184514,0
236474_244360,1
236474_118170,1
236474_120876,1
236474_165206,1
236475_4365,1
236475_97320,1
236475_3434,0
236475_225847,1
236475_276025,1
236475_106390,1
236478_213449,0
236478_148821,1
236478_279818,0
236478_187843,1
236478_102912,1
236478_182890,0
236481_233925,0
236481_140840,1
236481_194267,0
236481_43564,1
236481_67996,1
236481_215325,1
236486_242840,1
236486_295674,1
236486_84196,1
236486_151268,1
236486_51547,1
236486_55222,1
236488_96095,1
236488_249368,1
236488_145661,1
236488_165648,1
236488_146361,0
236488_285305,1
236490_32903,1
236490_36487,0
236490_104659,0
236490_164423,0
236490_70711,0
236490_99500,0
236491_144661,0
236491_182311,0
236491_113485,1
236491_33353,1
236491_192574,0
236491_226095,1
236493_49162,1
236493_55668,1
236493_51277,1
236493_104876,1
236493_75788,0
236493_57359,1
236495_243829,1
236495_172876,1
236495_200132,1
236495_278687,0
236495_125799,0
236495_19883,0
236497_188301,1
236497_72876,1
236497_3324,1
236497_155049,0
236497_207658,0
236497_249466,0
236498_220358,1
236498_145050,0
236498_246794,0
236498_60285,1
236498_220501,1
236498_242432,1
236499_111805,0
236499_185584,1
236499_263200,0
236499_214994,1
236499_259770,1
236499_258883,0
236509_143257,1
236509_200061,1
236509_86437,0
236509_86323,0
236509_192753,1
236509_223657,1
236511_239817,1
236511_64559,1
236511_89880,0
236511_203086,0
236511_273165,1
236511_292924,0
236512_244309,0
236512_246657,0
236512_123328,0
236512_216324,1
236512_96200,0
236512_175408,0
236516_66637,0
236516_42331,1
236516_269227,1
236516_60470,0
236516_235716,0
236516_220488,0
236517_12823,1
236517_147585,1
236517_262191,1
236517_113168,0
236517_119229,1
236517_163800,1
236521_285227,0
236521_54378,0
236521_248267,0
236521_161474,0
236521_98681,0
236521_100572,0
236522_6629,0
236522_241724,0
236522_122138,1
236522_68874,0
236522_207449,0
236522_221618,1
236524_205165,0
236524_251559,1
236524_292388,0
236524_157149,1
236524_175991,0
236524_12003,0
236527_183115,1
236527_229680,0
236527_203969,0
236527_5207,0
236527_55567,1
236527_252262,1
236530_28745,1
236530_205523,1
236530_288811,0
236530_19169,0
236530_48703,1
236530_139963,0
236531_77106,0
236531_167373,1
236531_163189,1
236531_68204,0
236531_38202,1
236531_248452,1
236535_283018,0
236535_135278,0
236535_77193,0
236535_250753,0
236535_115504,0
236535_13495,0
236538_123130,1
236538_103579,1
236538_71056,0
236538_138112,1
236538_159936,1
236538_140334,0
236542_5389,0
236542_264286,1
236542_60560,1
236542_225388,1
236542_206537,1
236542_157411,1
236543_120535,1
236543_45735,0
236543_66741,1
236543_238266,0
236543_173007,1
236543_68014,0
236544_10596,0
236544_274083,1
236544_202061,1
236544_169415,0
236544_104997,0
236544_159601,0
236547_206322,0
236547_255048,1
236547_109899,1
236547_70788,1
236547_18275,1
236547_187532,1
236550_176953,0
236550_290018,0
236550_293634,0
236550_220900,0
236550_101903,0
236550_48331,0
236555_206368,1
236555_48303,0
236555_163169,0
236555_168943,0
236555_190612,0
236555_285262,1
236556_116601,0
236556_204604,0
236556_197311,0
236556_50435,0
236556_295909,0
236556_90215,0
236559_9561,0
236559_108116,1
236559_221299,1
236559_239882,0
236559_290062,0
236559_110032,1
236560_95497,0
236560_102248,0
236560_172835,1
236560_294159,1
236560_5222,1
236560_94893,1
236564_228078,1
236564_143524,1
236564_150668,1
236564_61826,1
236564_225327,1
236564_274709,1
236567_65084,1
236567_198699,1
236567_131453,1
236567_163568,1
236567_147982,1
236567_52572,1
236569_33353,1
236569_295729,1
236569_213582,0
236569_290829,1
236569_258547,1
236569_175292,0
236571_223238,0
236571_278369,1
236571_244894,1
236571_239864,0
236571_131453,1
236571_131564,1
236576_45374,0
236576_21911,1
236576_21830,1
236576_123342,1
236576_224508,1
236576_249929,1
236577_42178,1
236577_294885,0
236577_29623,0
236577_257249,0
236577_113018,0
236577_288741,1
236583_129955,1
236583_71483,0
236583_231,0
236583_21609,1
236583_291971,1
236583_133980,1
236584_191236,0
236584_158796,1
236584_136343,1
236584_197270,0
236584_161182,1
236584_225414,0
236586_275309,0
236586_119755,1
236586_204883,1
236586_66859,1
236586_133701,0
236586_181674,1
236588_93806,1
236588_19596,0
236588_30148,0
236588_296020,1
236588_223146,1
236588_137246,0
236589_142351,1
236589_31300,0
236589_57636,0
236589_10628,1
236589_135306,1
236589_86420,1
236591_230595,0
236591_262471,0
236591_198231,0
236591_177436,0
236591_240286,0
236591_83111,0
236593_177384,1
236593_279565,1
236593_259393,0
236593_295659,0
236593_223191,1
236593_22265,0
236596_243493,1
236596_36742,0
236596_102306,1
236596_31341,1
236596_98266,1
236596_265316,0
236600_173879,1
236600_207784,1
236600_91145,1
236600_160650,1
236600_183711,1
236600_203325,1
236601_29189,1
236601_105075,1
236601_210900,1
236601_18067,1
236601_283599,1
236601_141945,1
236605_235993,0
236605_198171,0
236605_138591,1
236605_19092,0
236605_19411,1
236605_294881,1
236610_273690,1
236610_145634,0
236610_255523,0
236610_132976,0
236610_49270,0
236610_195451,0
236621_142886,0
236621_298,1
236621_112449,0
236621_168861,0
236621_119451,0
236621_141638,0
236622_284781,0
236622_127276,0
236622_39623,0
236622_12008,0
236622_230358,0
236622_715,0
236626_202503,1
236626_43783,0
236626_49580,1
236626_287260,1
236626_5577,0
236626_284781,0
236627_179268,0
236627_68739,1
236627_156743,1
236627_175250,1
236627_280387,0
236627_85507,0
236631_209517,1
236631_109338,1
236631_88048,0
236631_209371,1
236631_274015,1
236631_58729,1
236632_124296,1
236632_129051,0
236632_277309,0
236632_249498,1
236632_252711,1
236632_154016,0
236634_260399,0
236634_45150,1
236634_196883,0
236634_228689,0
236634_243829,1
236634_285508,1
236636_61826,1
236636_44368,0
236636_222443,1
236636_56004,0
236636_189540,0
236636_55468,1
236638_249177,0
236638_155158,1
236638_165444,0
236638_268388,1
236638_191546,0
236638_226836,0
236639_16429,1
236639_88612,0
236639_221702,0
236639_146282,1
236639_59510,0
236639_283015,1
236642_275934,1
236642_171850,0
236642_10880,1
236642_27573,1
236642_266000,0
236642_100076,1
236643_145261,0
236643_103230,0
236643_230333,0
236643_210865,0
236643_295623,0
236643_84699,0
236644_77302,0
236644_31677,1
236644_129684,1
236644_51694,0
236644_286329,1
236644_206044,0
236645_212980,1
236645_50712,1
236645_174669,1
236645_241912,1
236645_272073,0
236645_276465,0
236647_15178,1
236647_3295,0
236647_104612,0
236647_256061,1
236647_193635,0
236647_183732,1
236649_49648,1
236649_25392,0
236649_208079,1
236649_234962,1
236649_26363,0
236649_273224,1
236650_11904,1
236650_260202,1
236650_103709,1
236650_31233,1
236650_85352,1
236650_36689,1
236654_245097,0
236654_218525,1
236654_191023,1
236654_241845,0
236654_199716,0
236654_153291,1
236658_258030,0
236658_209852,0
236658_166303,1
236658_91475,0
236658_192131,1
236658_14162,0
236659_287377,0
236659_24556,1
236659_272763,1
236659_143002,0
236659_205104,0
236659_150707,1
236660_71311,0
236660_139607,0
236660_207846,1
236660_208750,1
236660_239172,1
236660_15222,1
236666_181688,1
236666_207239,1
236666_33194,0
236666_197799,0
236666_31128,1
236666_105487,0
236667_34658,1
236667_103204,1
236667_80833,0
236667_157639,1
236667_273223,1
236667_187289,0
236670_246663,1
236670_278233,1
236670_234441,1
236670_36538,1
236670_113135,1
236670_170809,1
236677_265000,1
236677_145889,1
236677_44222,1
236677_78961,1
236677_263901,1
236677_166171,1
236683_239936,1
236683_100464,1
236683_155802,1
236683_217877,0
236683_7878,1
236683_124329,0
236686_139425,1
236686_112142,1
236686_97283,1
236686_30742,1
236686_71299,0
236686_154323,0
236689_269223,1
236689_196539,0
236689_219917,1
236689_142621,0
236689_87505,1
236689_114943,1
236690_265974,0
236690_254626,1
236690_105125,0
236690_224337,1
236690_275379,0
236690_146003,0
236694_257250,0
236694_206406,1
236694_169020,1
236694_119365,0
236694_49046,1
236694_26956,0
236696_89887,0
236696_58168,0
236696_37331,1
236696_260943,1
236696_220833,1
236696_65618,0
236697_33330,1
236697_128370,1
236697_97514,0
236697_39080,1
236697_54772,1
236697_124029,1
236699_127431,1
236699_17563,1
236699_165136,1
236699_260125,1
236699_207202,1
236699_26273,1
236706_27046,0
236706_109278,1
236706_7512,0
236706_167291,1
236706_119451,0
236706_165503,1
236707_60074,1
236707_92035,1
236707_192273,1
236707_227981,1
236707_108755,0
236707_230910,1
236708_156491,1
236708_293929,0
236708_222717,1
236708_27701,1
236708_1535,1
236708_106441,0
236711_8605,0
236711_82822,0
236711_61916,0
236711_281844,0
236711_110764,0
236711_194662,0
236714_17302,1
236714_137262,1
236714_51234,0
236714_12896,0
236714_105064,1
236714_150772,1
236716_164191,1
236716_88090,1
236716_8321,1
236716_78157,0
236716_249915,0
236716_145584,1
236717_99448,1
236717_18901,1
236717_283712,0
236717_133372,1
236717_13743,1
236717_111631,1
236718_176104,1
236718_255215,1
236718_280405,1
236718_132199,1
236718_77086,1
236718_4558,1
236719_239292,0
236719_196171,1
236719_287168,0
236719_64493,0
236719_79638,1
236719_262522,1
236721_32601,1
236721_114465,0
236721_94531,1
236721_6241,0
236721_286694,1
236721_224550,1
236726_180685,0
236726_81665,0
236726_66886,1
236726_152709,0
236726_10488,1
236726_26121,1
236731_270598,0
236731_220317,0
236731_86857,1
236731_115579,1
236731_66092,0
236731_116957,0
236733_218916,1
236733_288758,0
236733_182593,1
236733_237594,1
236733_247423,0
236733_93180,0
236737_170386,1
236737_77503,1
236737_10679,0
236737_100592,0
236737_186068,1
236737_20338,0
236741_97353,1
236741_61934,0
236741_125794,1
236741_103482,0
236741_73524,1
236741_100654,0
236742_31223,1
236742_169626,0
236742_92064,1
236742_275169,0
236742_61941,1
236742_210455,0
236743_274808,1
236743_20350,0
236743_15645,1
236743_76685,1
236743_4502,1
236743_213012,1
236745_5030,1
236745_115198,1
236745_185900,0
236745_284617,0
236745_103381,0
236745_262715,0
236746_46906,0
236746_15270,0
236746_281818,0
236746_286942,0
236746_171901,0
236746_166554,0
236749_248333,0
236749_197554,1
236749_194913,0
236749_176736,0
236749_272598,1
236749_73203,1
236750_233681,1
236750_196364,0
236750_220732,0
236750_219764,1
236750_78817,1
236750_196882,1
236755_224668,0
236755_175188,0
236755_233552,1
236755_91083,1
236755_99374,1
236755_141970,1
236758_106975,1
236758_270640,0
236758_137742,0
236758_151580,1
236758_238094,1
236758_105375,1
236763_273719,0
236763_10129,0
236763_275595,0
236763_261055,0
236763_210372,0
236763_76154,0
236764_193475,0
236764_108279,0
236764_179880,0
236764_139014,0
236764_148563,0
236764_180381,0
236768_187751,0
236768_234953,1
236768_42765,0
236768_3506,0
236768_101195,1
236768_267104,1
236771_150250,1
236771_225477,0
236771_27035,1
236771_72517,1
236771_254191,1
236771_238441,1
236772_278043,1
236772_113233,1
236772_239591,1
236772_9563,0
236772_48703,0
236772_20999,0
236786_230239,1
236786_234742,1
236786_8229,1
236786_208526,0
236786_205926,0
236786_240912,1
236789_38665,1
236789_261695,0
236789_112819,0
236789_191871,1
236789_90972,1
236789_22002,0
236791_227732,0
236791_147466,0
236791_76477,0
236791_187428,0
236791_281330,1
236791_124489,0
236797_246203,0
236797_47025,1
236797_98681,1
236797_85681,0
236797_130771,1
236797_249136,0
236799_272829,0
236799_92874,1
236799_204876,1
236799_102495,1
236799_287137,0
236799_229838,0
236800_113464,0
236800_251980,1
236800_286581,1
236800_32629,1
236800_2081,0
236800_204791,1
236803_2770,1
236803_202243,0
236803_123623,1
236803_131564,1
236803_187283,0
236803_82931,1
236805_21830,1
236805_137315,0
236805_114831,1
236805_76222,1
236805_166977,1
236805_176639,1
236806_126064,0
236806_194950,0
236806_43448,0
236806_52334,0
236806_39286,0
236806_260879,0
236807_153264,0
236807_154286,1
236807_291302,0
236807_151690,0
236807_220929,1
236807_184634,1
236808_107923,1
236808_10800,1
236808_8809,0
236808_230358,1
236808_79848,0
236808_249924,0
236809_77706,1
236809_260175,1
236809_210733,1
236809_91619,0
236809_37259,1
236809_251902,1
236813_5718,0
236813_250784,0
236813_173060,0
236813_167908,0
236813_204775,0
236813_69460,1
236814_99513,0
236814_187169,1
236814_272816,0
236814_289968,0
236814_204053,0
236814_43879,0
236818_3472,1
236818_23103,1
236818_13171,1
236818_201987,1
236818_58132,1
236818_189985,1
236819_82931,1
236819_123749,1
236819_106204,1
236819_180824,0
236819_223008,1
236819_272559,0
236820_38933,0
236820_157061,0
236820_101548,1
236820_209370,1
236820_24607,0
236820_244768,0
236821_268110,1
236821_80916,0
236821_256403,0
236821_59338,0
236821_105306,1
236821_268263,0
236825_161617,0
236825_43571,0
236825_205467,1
236825_207449,1
236825_257896,0
236825_274931,1
236827_183607,0
236827_285305,0
236827_217946,0
236827_126584,0
236827_132263,0
236827_113016,0
236831_125896,0
236831_190549,0
236831_162582,0
236831_147523,0
236831_142163,1
236831_154755,0
236836_109598,0
236836_99448,1
236836_46635,0
236836_27174,1
236836_21593,1
236836_220276,1
236839_63855,1
236839_169310,1
236839_104875,1
236839_214851,1
236839_62157,1
236839_136453,1
236841_10933,0
236841_13822,1
236841_128579,1
236841_100333,1
236841_8029,0
236841_213194,1
236845_72196,1
236845_106494,0
236845_261450,1
236845_17979,0
236845_151149,0
236845_151866,0
236846_26939,1
236846_77154,0
236846_56168,0
236846_286395,0
236846_292630,0
236846_223595,1
236847_262757,0
236847_89528,0
236847_151109,0
236847_262921,0
236847_293108,0
236847_1051,0
236858_78961,0
236858_127431,1
236858_294732,1
236858_169805,0
236858_284415,1
236858_260410,0
236868_21434,1
236868_137130,0
236868_197462,1
236868_154832,0
236868_99783,0
236868_161489,0
236870_126992,1
236870_52572,1
236870_226836,1
236870_17348,0
236870_114634,1
236870_214177,1
236874_29189,0
236874_76934,0
236874_246852,1
236874_220125,0
236874_247317,1
236874_161804,0
236876_112760,0
236876_265528,0
236876_196596,0
236876_28607,0
236876_64402,0
236876_98596,0
236877_244768,1
236877_127195,1
236877_53964,1
236877_134456,0
236877_100299,0
236877_240606,1
236879_291128,0
236879_44453,1
236879_80916,0
236879_225216,0
236879_29293,0
236879_164710,0
236883_67939,0
236883_132076,1
236883_132072,1
236883_284780,0
236883_290461,1
236883_42317,1
236884_77875,0
236884_30838,0
236884_259579,0
236884_254328,0
236884_138450,1
236884_111505,1
236889_125958,1
236889_69236,0
236889_179489,1
236889_155043,0
236889_128255,1
236889_3295,0
236890_77266,0
236890_63542,1
236890_248385,1
236890_164692,1
236890_230600,0
236890_241394,0
236893_41733,1
236893_78097,0
236893_69297,1
236893_9687,1
236893_241646,1
236893_214851,1
236897_71087,0
236897_10417,0
236897_54327,1
236897_243797,0
236897_124291,1
236897_211816,0
236898_158675,0
236898_143904,0
236898_261972,0
236898_45159,1
236898_189442,1
236898_237211,1
236905_250006,0
236905_191298,1
236905_250481,0
236905_285337,0
236905_246939,1
236905_17422,1
236906_28745,0
236906_247769,0
236906_209225,0
236906_128008,0
236906_121932,1
236906_264265,1
236909_75833,1
236909_137348,1
236909_249251,1
236909_159035,1
236909_218155,1
236909_281818,1
236911_45070,1
236911_224815,1
236911_74575,1
236911_88397,1
236911_246439,0
236911_222554,1
236915_294305,0
236915_110129,0
236915_288311,0
236915_154183,1
236915_225134,1
236915_266496,1
236917_261695,1
236917_102547,1
236917_152008,1
236917_55015,1
236917_208257,0
236917_213196,1
236924_286147,1
236924_106619,1
236924_67013,0
236924_229279,1
236924_286170,0
236924_270933,1
236927_198558,0
236927_63433,1
236927_264826,0
236927_77875,1
236927_56437,0
236927_71455,0
236931_48067,1
236931_273581,0
236931_58608,0
236931_271794,1
236931_223165,1
236931_211192,1
236935_171901,1
236935_178880,1
236935_16017,1
236935_235014,1
236935_243646,1
236935_199756,0
236936_227294,0
236936_175274,1
236936_176654,0
236936_127552,1
236936_246489,0
236936_52454,1
236939_72266,0
236939_213279,1
236939_50482,0
236939_133188,1
236939_194520,1
236939_106788,1
236942_53385,1
236942_104668,1
236942_276615,1
236942_258161,0
236942_265106,1
236942_275866,0
236946_159817,1
236946_136791,1
236946_137199,1
236946_211739,0
236946_141599,1
236946_257260,1
236947_76580,0
236947_281826,1
236947_133537,1
236947_168585,0
236947_29228,1
236947_288720,0
236948_170194,1
236948_8565,1
236948_284554,0
236948_285322,0
236948_255420,1
236948_256126,0
236949_229916,1
236949_42966,0
236949_18526,0
236949_288807,1
236949_255065,1
236949_145917,0
236950_182009,0
236950_35938,1
236950_49968,0
236950_101871,1
236950_90813,1
236950_108381,0
236951_66542,1
236951_118649,1
236951_82674,1
236951_282840,1
236951_76039,1
236951_197524,1
236952_55958,1
236952_37161,0
236952_291293,1
236952_164789,0
236952_226836,0
236952_5526,0
236953_281818,1
236953_117728,1
236953_259166,1
236953_293108,1
236953_180229,1
236953_105779,1
236961_101372,0
236961_120246,1
236961_68845,0
236961_185349,1
236961_295828,1
236961_120740,1
236963_233112,1
236963_288025,0
236963_47295,0
236963_37436,0
236963_94258,1
236963_68080,1
236968_81075,0
236968_127768,1
236968_60331,1
236968_253265,1
236968_100380,1
236968_154286,1
236971_138427,0
236971_124188,1
236971_198987,1
236971_11430,0
236971_194714,1
236971_173933,0
236972_148376,0
236972_134081,0
236972_62265,0
236972_42557,1
236972_58037,0
236972_285034,1
236976_234265,1
236976_149121,0
236976_250745,1
236976_269688,0
236976_16595,1
236976_170608,0
236977_123997,0
236977_136523,1
236977_46347,0
236977_92843,1
236977_246130,1
236977_20460,1
236980_41728,0
236980_237718,1
236980_152652,1
236980_284123,1
236980_181761,0
236980_182581,0
236981_278687,1
236981_259598,0
236981_253265,0
236981_178133,1
236981_204462,1
236981_59870,1
236982_1504,0
236982_74874,0
236982_244191,0
236982_81651,0
236982_69994,0
236982_142449,1
236983_110276,1
236983_38617,1
236983_121095,1
236983_51016,0
236983_120395,1
236983_232559,0
236985_271842,0
236985_112017,0
236985_246315,1
236985_192650,0
236985_217614,1
236985_105967,1
236987_92557,1
236987_210313,0
236987_178648,1
236987_257781,1
236987_223542,1
236987_96327,1
236993_141439,0
236993_90670,0
236993_39477,0
236993_5798,0
236993_100174,0
236993_81207,0
236994_189417,0
236994_233242,1
236994_145554,1
236994_6280,1
236994_14858,1
236994_2190,0
236998_252657,0
236998_185584,1
236998_203753,1
236998_234652,1
236998_55647,0
236998_22940,1
237000_244768,0
237000_293745,1
237000_203623,0
237000_60913,1
237000_55400,1
237000_85844,1
237008_261875,0
237008_239676,1
237008_118322,0
237008_176953,1
237008_254837,1
237008_18152,1
237011_262811,0
237011_56824,0
237011_170214,1
237011_291135,1
237011_192550,1
237011_201948,0
237012_175651,1
237012_122086,0
237012_59789,0
237012_119524,0
237012_192375,1
237012_278136,1
237015_275559,1
237015_109352,0
237015_96971,0
237015_174788,0
237015_262191,1
237015_248554,1
237017_262192,1
237017_73241,1
237017_58311,1
237017_219770,0
237017_181830,0
237017_178865,0
237019_219576,1
237019_130074,1
237019_279246,1
237019_25772,1
237019_281826,1
237019_101871,1
237020_271488,1
237020_89099,1
237020_174604,0
237020_133716,0
237020_125944,0
237020_277735,1
237024_98284,1
237024_165044,1
237024_269401,1
237024_106630,1
237024_249611,0
237024_169032,1
237025_224508,0
237025_268974,1
237025_249919,1
237025_196957,1
237025_281141,1
237025_276635,0
237026_87216,1
237026_91385,1
237026_277202,1
237026_126448,1
237026_125586,1
237026_263281,1
237032_236498,1
237032_91043,0
237032_29587,1
237032_64481,1
237032_8260,1
237032_293132,0
237034_37202,1
237034_209764,1
237034_272078,1
237034_92793,1
237034_62966,1
237034_32503,1
237042_38502,0
237042_226836,1
237042_108116,0
237042_227141,1
237042_76522,1
237042_53089,1
237045_148430,0
237045_282588,1
237045_32141,1
237045_107493,0
237045_93843,1
237045_129821,1
237051_36454,1
237051_86354,1
237051_128192,0
237051_213945,1
237051_214731,0
237051_292278,0
237054_21471,0
237054_271794,1
237054_226320,1
237054_238094,0
237054_256855,0
237054_186266,1
237055_187847,0
237055_230677,0
237055_156133,0
237055_65494,0
237055_30023,0
237055_128974,0
237057_244864,1
237057_196620,0
237057_133036,1
237057_146599,1
237057_194256,1
237057_73885,1
237061_205438,0
237061_112535,1
237061_58258,0
237061_167662,1
237061_61827,1
237061_116743,0
237062_163227,0
237062_79557,1
237062_133421,0
237062_234928,0
237062_24119,0
237062_116601,1
237070_91837,1
237070_134458,1
237070_162435,1
237070_88626,1
237070_18645,0
237070_73371,0
237071_54263,0
237071_150618,1
237071_140692,1
237071_129684,1
237071_2866,0
237071_61778,1
237077_93453,1
237077_129467,1
237077_189841,0
237077_52082,1
237077_148779,0
237077_270801,0
237078_222789,0
237078_21830,0
237078_231855,0
237078_3854,0
237078_74312,0
237078_83061,0
237081_185426,1
237081_88576,1
237081_170175,1
237081_234268,0
237081_266016,1
237081_140878,0
237082_23821,1
237082_179079,0
237082_204340,1
237082_91629,0
237082_110816,1
237082_294821,0
237088_216733,0
237088_59426,0
237088_49412,1
237088_86936,1
237088_31552,1
237088_251174,1
237089_287113,0
237089_77233,1
237089_93257,1
237089_129596,1
237089_187847,0
237089_19939,0
237091_117196,0
237091_198297,0
237091_225598,1
237091_46756,1
237091_73557,1
237091_629,1
237094_146685,0
237094_46756,0
237094_165413,0
237094_130023,0
237094_207847,0
237094_116439,0
237095_249919,1
237095_209783,1
237095_5283,0
237095_84772,1
237095_90821,1
237095_234884,1
237097_284931,1
237097_293310,1
237097_187843,0
237097_132698,1
237097_125944,0
237097_191303,0
237098_202291,0
237098_96732,0
237098_54602,1
237098_70177,1
237098_264309,1
237098_162690,1
237099_130878,1
237099_212527,1
237099_81579,0
237099_47788,0
237099_153972,0
237099_283443,1
237100_208037,0
237100_201191,0
237100_57906,0
237100_242280,0
237100_79194,0
237100_134743,0
237102_175571,0
237102_114634,1
237102_150837,0
237102_225414,1
237102_104542,1
237102_47528,1
237103_194442,0
237103_29684,0
237103_137485,0
237103_267859,1
237103_257449,1
237103_241554,1
237104_290409,1
237104_275691,0
237104_193101,1
237104_244768,1
237104_227732,1
237104_67078,0
237109_71402,0
237109_57638,0
237109_86038,0
237109_283956,1
237109_18967,0
237109_10062,1
237110_218633,1
237110_52853,0
237110_89880,0
237110_6682,1
237110_32338,0
237110_42375,1
237116_282197,1
237116_96407,1
237116_78096,0
237116_186450,1
237116_187050,1
237116_146981,1
237117_218867,0
237117_246137,0
237117_265588,1
237117_283858,1
237117_160569,1
237117_8141,0
237118_33603,1
237118_65494,1
237118_76512,1
237118_184453,1
237118_226946,0
237118_163067,0
237119_13641,0
237119_116743,1
237119_122484,0
237119_178185,0
237119_64402,1
237119_79396,1
237121_83891,1
237121_51675,0
237121_220181,0
237121_167303,0
237121_132807,1
237121_229508,1
237122_110051,0
237122_3687,0
237122_291128,1
237122_287257,0
237122_8379,0
237122_45340,1
237125_90973,1
237125_272015,1
237125_141022,1
237125_127276,0
237125_178242,1
237125_195546,1
237128_289676,0
237128_246027,0
237128_15164,1
237128_95881,1
237128_139233,1
237128_203689,0
237131_286662,1
237131_142408,1
237131_283018,1
237131_253711,0
237131_271941,0
237131_189966,0
237132_264582,1
237132_281139,1
237132_137428,0
237132_110406,1
237132_219726,0
237132_66741,1
237134_211834,1
237134_159829,0
237134_27387,1
237134_932,1
237134_136018,1
237134_31746,0
237138_102978,0
237138_124325,0
237138_74296,1
237138_21853,0
237138_269998,1
237138_171356,0
237139_294294,1
237139_218867,1
237139_218326,1
237139_249735,1
237139_244686,1
237139_94093,1
237140_216319,0
237140_1108,0
237140_74142,0
237140_136275,0
237140_83840,0
237140_166477,0
237141_62280,1
237141_228432,1
237141_14303,1
237141_245613,1
237141_156205,1
237141_213415,1
237143_60285,1
237143_169308,1
237143_235436,1
237143_15405,1
237143_238510,1
237143_92570,1
237144_163762,0
237144_269647,0
237144_68499,0
237144_165877,0
237144_278687,0
237144_276467,1
237145_85242,1
237145_128402,0
237145_8039,0
237145_129467,0
237145_292356,0
237145_230521,1
237146_17790,1
237146_153158,1
237146_256370,1
237146_141772,1
237146_38630,1
237146_72023,1
237147_110411,0
237147_245241,1
237147_100371,0
237147_168056,1
237147_148670,0
237147_181751,1
237149_257899,1
237149_273663,1
237149_19780,1
237149_24632,1
237149_197995,1
237149_288210,0
237151_149237,0
237151_294806,0
237151_67341,0
237151_217785,1
237151_240434,0
237151_227015,0
237154_3481,1
237154_268310,0
237154_143459,1
237154_260179,0
237154_34397,1
237154_92094,0
237158_237829,0
237158_27814,0
237158_281693,0
237158_133817,0
237158_23599,0
237158_272986,0
237160_82249,0
237160_215704,0
237160_40741,1
237160_184839,0
237160_13981,1
237160_214191,1
237164_209191,0
237164_78423,0
237164_180450,1
237164_94318,0
237164_143363,1
237164_169538,1
237168_96841,1
237168_78384,1
237168_268917,0
237168_83168,0
237168_59884,0
237168_188676,1
237171_207677,0
237171_48096,0
237171_154062,0
237171_76255,0
237171_248745,0
237171_268686,0
237175_34603,1
237175_254814,1
237175_63433,0
237175_269762,0
237175_198864,1
237175_46756,0
237177_287718,1
237177_264627,1
237177_239573,0
237177_246593,1
237177_260879,1
237177_33709,1
237180_75679,1
237180_145221,0
237180_279398,1
237180_212427,1
237180_92564,0
237180_183658,1
237182_284503,1
237182_226402,1
237182_161202,1
237182_14697,0
237182_50467,0
237182_222786,1
237187_133906,0
237187_270394,0
237187_240127,0
237187_119011,0
237187_288576,1
237187_46426,0
237188_47926,0
237188_200166,0
237188_208687,0
237188_93867,0
237188_17790,0
237188_36734,0
237189_39788,0
237189_33948,0
237189_103870,1
237189_105125,1
237189_278687,0
237189_149337,1
237190_129835,1
237190_219762,1
237190_272274,1
237190_286426,1
237190_202896,0
237190_163853,1
237191_116064,0
237191_271783,1
237191_122509,1
237191_88612,0
237191_219084,1
237191_143782,0
237192_292510,0
237192_61351,0
237192_138478,0
237192_132961,0
237192_191403,1
237192_93562,0
237195_120535,0
237195_20203,1
237195_31066,1
237195_210979,0
237195_143132,0
237195_129034,0
237200_166916,1
237200_60913,1
237200_259273,1
237200_216909,1
237200_8159,1
237200_133701,1
237201_45295,1
237201_122096,1
237201_259346,0
237201_187494,0
237201_41142,0
237201_14434,0
237202_133617,1
237202_127034,1
237202_256132,1
237202_270134,1
237202_89740,1
237202_186289,1
237203_276862,0
237203_230578,1
237203_224550,1
237203_69860,1
237203_20558,1
237203_18515,1
237206_93611,0
237206_279408,1
237206_12538,0
237206_185243,1
237206_246261,1
237206_80256,0
237207_257051,1
237207_154578,0
237207_136624,1
237207_292524,1
237207_287831,1
237207_144424,0
237212_87922,1
237212_93090,0
237212_199982,1
237212_48386,0
237212_177754,1
237212_151926,0
237213_53037,0
237213_27209,1
237213_170480,1
237213_253533,1
237213_235518,0
237213_372,1
237214_147031,0
237214_103784,0
237214_234891,1
237214_277600,0
237214_217200,0
237214_51468,1
237216_54167,1
237216_180229,1
237216_227294,0
237216_269473,1
237216_187117,1
237216_148082,1
237219_23018,1
237219_203422,1
237219_271192,1
237219_150250,1
237219_80165,1
237219_181475,1
237220_248991,1
237220_47420,0
237220_167345,0
237220_7596,1
237220_170331,0
237220_244823,0
237223_48230,0
237223_83672,1
237223_188666,0
237223_7543,0
237223_142289,0
237223_22468,1
237225_54662,1
237225_195435,0
237225_233293,1
237225_11437,1
237225_107007,0
237225_58672,0
237239_85672,1
237239_76749,0
237239_273750,0
237239_201987,1
237239_76820,1
237239_233202,1
237241_161268,1
237241_111229,0
237241_234091,0
237241_212592,0
237241_89105,0
237241_201706,1
237245_201966,1
237245_284020,1
237245_107577,0
237245_98915,1
237245_171065,1
237245_172333,1
237248_24769,1
237248_2146,0
237248_5869,0
237248_250022,0
237248_153923,1
237248_294054,0
237254_57842,1
237254_3909,0
237254_113576,1
237254_215321,0
237254_158428,1
237254_228258,0
237255_158665,0
237255_41939,1
237255_239143,0
237255_607,1
237255_172012,0
237255_176639,0
237268_9190,0
237268_25005,1
237268_127573,0
237268_15405,0
237268_113702,0
237268_209544,1
237269_153551,1
237269_139063,0
237269_429,1
237269_226133,1
237269_76680,0
237269_286045,0
237270_48891,0
237270_216947,1
237270_179626,1
237270_149076,0
237270_78132,0
237270_61004,0
237272_95620,1
237272_187315,1
237272_17245,1
237272_290850,1
237272_291466,1
237272_83452,1
237274_10628,1
237274_69505,1
237274_194753,1
237274_15208,1
237274_216244,1
237274_134414,1
237278_126064,0
237278_238541,0
237278_122580,1
237278_39252,0
237278_98116,1
237278_36935,0
237279_211464,0
237279_243645,0
237279_264882,0
237279_101895,0
237279_91014,0
237279_128510,0
237280_84920,1
237280_65150,0
237280_2051,0
237280_254181,1
237280_274802,1
237280_184275,1
237281_163934,1
237281_88624,1
237281_35963,0
237281_13796,0
237281_61420,1
237281_271459,0
237285_249320,1
237285_276805,1
237285_274931,1
237285_142762,0
237285_173257,1
237285_240833,1
237290_275379,1
237290_113233,1
237290_142408,1
237290_261346,1
237290_54559,1
237290_117043,1
237291_187117,1
237291_101871,1
237291_91366,0
237291_261450,1
237291_286426,1
237291_16440,1
237295_85803,0
237295_23323,0
237295_142831,0
237295_71372,0
237295_195976,0
237295_292863,0
237298_84099,1
237298_48010,0
237298_278320,0
237298_86038,0
237298_108078,1
237298_256232,1
237301_38941,1
237301_151926,1
237301_29239,1
237301_254916,0
237301_37775,1
237301_283327,1
237303_166592,1
237303_3630,1
237303_126271,0
237303_138809,1
237303_261970,1
237303_177219,0
237304_48570,1
237304_64554,0
237304_267850,1
237304_187603,0
237304_245942,0
237304_61934,1
237306_234884,1
237306_195357,1
237306_58813,0
237306_72906,0
237306_233293,0
237306_145767,1
237307_271739,1
237307_15451,1
237307_187480,1
237307_289702,0
237307_128630,0
237307_84638,0
237310_30397,1
237310_6607,1
237310_206911,0
237310_252291,0
237310_285610,0
237310_47361,0
237312_53334,1
237312_140230,1
237312_244009,1
237312_217148,0
237312_160064,1
237312_283822,0
237313_277207,0
237313_75344,1
237313_32262,1
237313_217698,0
237313_138117,1
237313_54824,0
237314_211119,0
237314_188366,0
237314_63625,1
237314_200079,0
237314_254191,1
237314_258540,0
237316_22049,0
237316_246404,0
237316_33195,1
237316_152134,1
237316_113043,0
237316_207542,1
237318_272503,1
237318_129648,0
237318_258162,1
237318_289196,0
237318_263958,0
237318_185962,1
237320_29072,1
237320_127596,0
237320_247781,0
237320_238888,1
237320_284420,0
237320_224769,1
237326_218867,0
237326_272829,0
237326_13390,0
237326_168755,0
237326_113112,0
237326_114293,0
237328_208792,1
237328_260325,0
237328_50350,0
237328_79159,0
237328_115738,0
237328_166230,1
237330_20280,0
237330_255925,1
237330_142747,1
237330_268120,1
237330_128307,1
237330_140840,1
237331_271783,1
237331_123363,1
237331_113002,1
237331_48450,0
237331_151061,0
237331_156387,0
237335_56551,1
237335_13495,1
237335_66741,1
237335_199512,1
237335_60706,0
237335_273182,0
237336_96378,1
237336_198348,0
237336_44287,1
237336_247508,1
237336_21123,0
237336_150120,1
237347_188047,0
237347_177526,0
237347_256368,1
237347_294289,1
237347_291248,1
237347_242123,0
237348_144251,0
237348_74056,1
237348_212852,0
237348_275209,0
237348_21146,1
237348_89402,1
237353_8665,0
237353_232663,0
237353_28397,0
237353_100522,0
237353_214856,0
237353_182203,0
237356_31789,1
237356_264582,1
237356_46897,0
237356_133994,1
237356_100090,0
237356_146361,0
237357_166131,0
237357_191525,1
237357_261453,0
237357_197522,1
237357_12984,0
237357_67334,1
237358_110458,0
237358_62665,0
237358_193028,1
237358_204109,1
237358_296000,0
237358_180311,1
237359_100669,1
237359_148419,1
237359_129990,0
237359_255452,0
237359_224337,1
237359_175604,0
237361_134533,0
237361_224414,0
237361_75104,0
237361_27090,1
237361_77616,1
237361_6776,0
237364_23311,1
237364_15067,1
237364_124732,1
237364_139764,1
237364_98176,0
237364_31341,1
237365_250340,0
237365_234791,1
237365_138056,1
237365_243001,1
237365_288322,0
237365_261413,1
237366_188802,1
237366_157766,1
237366_192227,0
237366_261844,1
237366_32194,1
237366_252291,1
237367_203679,1
237367_277837,1
237367_87090,1
237367_288176,0
237367_266209,1
237367_240074,0
237368_115095,1
237368_250273,1
237368_63982,0
237368_270530,1
237368_213569,1
237368_209776,1
237371_128351,1
237371_270374,1
237371_272073,0
237371_269383,1
237371_31859,0
237371_226489,0
237373_166592,1
237373_194926,1
237373_203738,0
237373_9769,1
237373_227732,1
237373_289745,0
237376_11091,1
237376_162728,1
237376_210699,1
237376_9608,1
237376_5527,1
237376_53302,0
237378_152033,1
237378_84196,0
237378_293360,0
237378_122250,1
237378_143734,1
237378_10628,1
237379_221801,0
237379_24460,1
237379_177267,1
237379_145942,1
237379_241090,0
237379_216403,0
237380_63313,0
237380_9252,1
237380_200079,0
237380_195923,1
237380_230915,1
237380_100174,0
237385_101875,0
237385_247769,1
237385_185252,0
237385_112358,1
237385_37304,1
237385_202648,1
237386_166103,1
237386_72752,1
237386_87590,0
237386_285862,0
237386_19411,1
237386_266780,0
237387_190741,0
237387_225443,0
237387_292266,0
237387_98097,1
237387_217518,1
237387_116957,0
237388_111748,1
237388_140955,1
237388_257837,0
237388_80451,1
237388_211339,1
237388_109144,1
237389_130229,0
237389_86053,1
237389_35309,0
237389_1990,1
237389_15021,0
237389_66803,1
237391_78856,1
237391_185252,1
237391_210865,1
237391_257982,0
237391_262693,1
237391_80397,0
237397_141206,1
237397_19222,1
237397_128498,1
237397_34257,1
237397_77879,1
237397_176788,1
237398_246720,0
237398_170977,0
237398_59211,1
237398_233209,0
237398_106318,1
237398_202385,1
237405_54360,1
237405_33587,1
237405_285322,1
237405_34851,1
237405_43152,0
237405_43031,1
237406_125944,1
237406_66439,1
237406_105779,1
237406_114214,0
237406_3420,0
237406_97320,1
237407_267357,1
237407_112899,1
237407_250601,0
237407_152839,0
237407_253265,1
237407_36641,1
237408_66741,0
237408_190341,1
237408_140692,0
237408_113789,0
237408_234512,0
237408_249827,1
237409_136867,1
237409_29009,1
237409_147237,0
237409_288851,0
237409_91083,1
237409_192588,1
237414_150186,0
237414_200030,0
237414_25750,0
237414_187494,0
237414_20559,0
237414_123149,0
237415_156814,0
237415_212639,1
237415_62966,1
237415_113790,1
237415_169981,1
237415_164236,0
237418_71859,1
237418_267525,0
237418_251729,1
237418_257421,1
237418_148383,0
237418_22854,0
237420_139327,1
237420_223796,1
237420_116706,1
237420_63442,1
237420_92035,1
237420_102231,0
237422_246635,1
237422_279194,1
237422_27426,1
237422_86247,1
237422_3380,1
237422_179349,1
237424_152087,1
237424_262270,0
237424_215486,1
237424_5892,1
237424_284781,0
237424_128407,1
237427_252711,0
237427_72288,0
237427_183168,0
237427_88123,1
237427_69804,1
237427_141283,0
237428_12922,1
237428_50892,0
237428_185423,1
237428_105006,0
237428_86191,1
237428_239109,0
237430_216829,0
237430_209166,1
237430_190154,1
237430_68623,1
237430_203198,1
237430_113662,0
237433_88839,1
237433_173513,1
237433_103393,1
237433_130023,0
237433_236855,1
237433_64236,1
237434_252021,1
237434_146450,0
237434_170261,1
237434_266872,1
237434_111621,0
237434_203935,0
237435_78316,1
237435_226950,1
237435_97522,1
237435_9768,1
237435_225824,1
237435_66651,0
237436_55085,0
237436_86171,1
237436_107923,1
237436_43031,1
237436_183872,0
237436_210682,1
237438_267960,1
237438_112363,0
237438_217570,0
237438_154393,1
237438_181505,0
237438_226560,0
237442_167452,0
237442_92193,1
237442_197150,0
237442_262937,1
237442_52617,1
237442_170082,1
237443_26363,0
237443_267909,0
237443_12580,1
237443_60910,1
237443_212582,1
237443_22728,0
237447_184785,0
237447_52010,0
237447_218715,1
237447_115550,1
237447_7031,0
237447_153183,1
237448_105779,1
237448_168215,1
237448_264702,0
237448_79309,1
237448_259254,0
237448_156593,0
237453_261651,0
237453_54217,1
237453_33538,0
237453_122442,1
237453_181408,0
237453_139654,1
237454_191510,0
237454_120603,1
237454_206720,1
237454_292003,1
237454_45193,0
237454_51849,0
237456_228077,0
237456_40847,0
237456_196177,1
237456_118861,0
237456_110857,1
237456_179540,1
237460_48494,1
237460_67659,0
237460_28038,1
237460_190200,1
237460_69178,0
237460_214420,1
237461_40847,0
237461_253858,1
237461_140334,1
237461_177661,0
237461_68214,0
237461_121772,0
237462_291338,1
237462_25426,0
237462_45938,0
237462_226469,1
237462_255692,0
237462_93562,0
237463_80992,1
237463_150912,0
237463_124387,1
237463_109024,1
237463_264152,1
237463_139595,1
237466_169783,0
237466_40537,0
237466_121643,1
237466_182267,0
237466_246657,0
237466_160262,1
237468_116073,0
237468_27737,1
237468_229744,0
237468_15208,0
237468_141242,0
237468_241580,0
237477_205401,1
237477_284908,1
237477_243945,1
237477_271280,0
237477_107554,1
237477_190213,1
237478_261875,1
237478_26085,0
237478_278266,0
237478_48173,1
237478_210454,1
237478_148821,0
237479_291805,1
237479_16731,0
237479_48386,1
237479_184410,0
237479_179535,0
237479_138088,1
237480_216341,0
237480_124682,0
237480_256008,1
237480_148124,0
237480_46913,1
237480_142408,1
237481_85242,1
237481_177149,1
237481_151387,1
237481_171490,0
237481_159219,1
237481_279578,1
237485_143536,0
237485_133985,1
237485_32596,1
237485_170542,1
237485_258668,1
237485_227732,1
237488_53394,1
237488_74650,0
237488_208449,0
237488_17460,0
237488_33029,0
237488_162824,1
237490_152462,1
237490_214729,0
237490_114459,0
237490_139848,1
237490_294804,1
237490_179334,0
237491_52676,0
237491_217443,1
237491_14898,1
237491_74887,0
237491_170773,0
237491_60454,1
237492_12922,0
237492_263321,1
237492_22704,0
237492_295555,1
237492_269160,1
237492_46661,1
237496_96999,1
237496_209165,0
237496_25028,0
237496_191995,1
237496_129918,0
237496_167345,1
237497_283354,0
237497_11206,0
237497_144357,0
237497_201147,0
237497_251427,0
237497_36911,0
237498_87836,0
237498_14866,1
237498_238291,0
237498_136869,1
237498_144140,1
237498_200757,1
237500_202061,0
237500_18009,0
237500_21911,0
237500_79141,0
237500_18501,0
237500_266771,1
237502_138809,0
237502_73150,1
237502_91343,1
237502_280405,1
237502_44782,1
237502_283956,1
237508_92731,1
237508_32721,0
237508_157733,1
237508_60074,1
237508_175884,1
237508_43457,1
237513_237342,0
237513_87307,1
237513_144124,1
237513_253299,1
237513_239172,0
237513_288261,1
237519_109541,1
237519_196539,1
237519_228077,0
237519_217917,0
237519_274332,0
237519_91735,0
237521_262150,0
237521_73557,1
237521_101013,1
237521_225414,1
237521_134510,1
237521_246058,0
237522_68602,0
237522_274906,1
237522_81561,1
237522_46746,0
237522_284888,1
237522_275242,0
237525_927,1
237525_145639,1
237525_241006,1
237525_247264,0
237525_42209,1
237525_290150,1
237526_185415,1
237526_224544,0
237526_287377,1
237526_156293,0
237526_108996,0
237526_76321,1
237528_289383,1
237528_230358,0
237528_84274,1
237528_21548,1
237528_126893,0
237528_137305,1
237529_185658,1
237529_25866,1
237529_262744,0
237529_219052,1
237529_17790,0
237529_220131,0
237532_47008,1
237532_24364,1
237532_3620,1
237532_246966,1
237532_116527,1
237532_178370,0
237534_52467,1
237534_149762,0
237534_100720,1
237534_148823,0
237534_106602,0
237534_210791,1
237537_247095,1
237537_293172,0
237537_179476,1
237537_90142,1
237537_41802,0
237537_239503,1
237540_47317,0
237540_205568,0
237540_53217,0
237540_217778,0
237540_27929,0
237540_285058,0
237552_141022,1
237552_99448,1
237552_263592,0
237552_74269,0
237552_46341,0
237552_35953,1
237555_266872,1
237555_160161,0
237555_54947,0
237555_102270,1
237555_54502,1
237555_29042,1
237556_54378,0
237556_68499,0
237556_141003,0
237556_262915,1
237556_13578,1
237556_271916,1
237557_33495,1
237557_99329,1
237557_14203,1
237557_295050,0
237557_2461,0
237557_221686,0
237560_207389,1
237560_239212,0
237560_141945,1
237560_46337,0
237560_116178,1
237560_103055,1
237562_7740,1
237562_142304,1
237562_145554,1
237562_226946,1
237562_56500,0
237562_233812,0
237563_46854,0
237563_285546,0
237563_273622,0
237563_18674,0
237563_48891,0
237563_235341,0
237568_103747,0
237568_161810,1
237568_104432,0
237568_119886,1
237568_146641,0
237568_133127,1
237569_98681,0
237569_27408,0
237569_59557,0
237569_6209,1
237569_36815,1
237569_4319,0
237574_259824,1
237574_56360,0
237574_14790,0
237574_79419,1
237574_176639,0
237574_225329,1
237576_26233,0
237576_10727,1
237576_196882,0
237576_156081,0
237576_64230,0
237576_86212,0
237577_189775,1
237577_24185,1
237577_227364,0
237577_141514,0
237577_150748,1
237577_5933,1
237580_293142,1
237580_28103,0
237580_11437,0
237580_19879,1
237580_284135,1
237580_180543,0
237582_145667,0
237582_10582,1
237582_155551,1
237582_137084,0
237582_206902,0
237582_25454,1
237588_270142,0
237588_212525,1
237588_120694,0
237588_73595,1
237588_107137,1
237588_1618,1
237589_185815,1
237589_270880,1
237589_203926,1
237589_278149,1
237589_104394,1
237589_177355,1
237591_31300,0
237591_271827,1
237591_112352,0
237591_136245,1
237591_160489,0
237591_112142,0
237592_125356,1
237592_167557,0
237592_228469,0
237592_112142,0
237592_289780,0
237592_69951,0
237593_253706,0
237593_293763,0
237593_111874,0
237593_101757,0
237593_266150,0
237593_213396,0
237597_115906,1
237597_42500,1
237597_119772,1
237597_254008,0
237597_210390,0
237597_268263,0
237599_156667,1
237599_153875,0
237599_72878,0
237599_241883,0
237599_227347,0
237599_58294,1
237604_5219,1
237604_110716,0
237604_133336,1
237604_265646,1
237604_185407,0
237604_129903,1
237605_277790,1
237605_62702,0
237605_120633,0
237605_259648,1
237605_17805,1
237605_187314,0
237606_292599,1
237606_244608,0
237606_289026,1
237606_57636,1
237606_263234,0
237606_32224,0
237608_27200,0
237608_12003,0
237608_81739,0
237608_29336,0
237608_113576,0
237608_238906,1
237610_9183,1
237610_220177,0
237610_45014,0
237610_42036,1
237610_66159,0
237610_112705,1
237611_18701,0
237611_239796,0
237611_22704,0
237611_22974,1
237611_30315,1
237611_16360,0
237612_275816,1
237612_77818,1
237612_249717,1
237612_173915,1
237612_175703,1
237612_161898,1
237615_29345,0
237615_283936,1
237615_245097,0
237615_220233,0
237615_213252,0
237615_281157,1
237616_131532,1
237616_52949,0
237616_6173,1
237616_265682,1
237616_218155,1
237616_291238,1
237618_238113,0
237618_88123,1
237618_286583,0
237618_54292,1
237618_172855,1
237618_136430,1
237619_269431,0
237619_189192,0
237619_37239,0
237619_94685,1
237619_74096,1
237619_25107,1
237623_163853,0
237623_10062,0
237623_87110,0
237623_210995,0
237623_79419,1
237623_85754,0
237625_228745,1
237625_120115,0
237625_271488,1
237625_78147,0
237625_178269,1
237625_180065,1
237626_177436,0
237626_66713,1
237626_118162,1
237626_215788,1
237626_259363,1
237626_107707,1
237627_238099,1
237627_160121,0
237627_12647,1
237627_32392,1
237627_123778,1
237627_33195,1
237631_8411,0
237631_147523,0
237631_82366,1
237631_244184,0
237631_130023,1
237631_172779,1
237633_222294,0
237633_75469,1
237633_139312,1
237633_131585,1
237633_115203,0
237633_110171,1
237634_46006,1
237634_286395,0
237634_13946,1
237634_134395,0
237634_148314,1
237634_136523,1
237638_235006,0
237638_260996,0
237638_29214,1
237638_94893,1
237638_184902,1
237638_44290,1
237640_21593,0
237640_133674,1
237640_77957,1
237640_291232,1
237640_190979,0
237640_49716,0
237641_255392,0
237641_159208,1
237641_74025,1
237641_16564,0
237641_167616,0
237641_260780,0
237642_213874,1
237642_99753,1
237642_130577,0
237642_298,0
237642_137130,0
237642_24748,1
237643_283316,0
237643_107420,0
237643_115503,0
237643_72875,0
237643_98086,0
237643_243646,0
237645_285472,1
237645_72878,1
237645_73885,0
237645_189058,1
237645_27767,1
237645_268469,1
237646_181441,1
237646_212592,1
237646_285227,0
237646_212024,1
237646_239308,0
237646_269551,1
237647_157486,1
237647_23275,1
237647_192146,0
237647_95986,0
237647_32841,0
237647_235471,1
237648_162199,1
237648_283011,0
237648_72517,1
237648_135677,0
237648_6898,1
237648_219926,0
237649_106176,0
237649_34829,1
237649_96999,1
237649_278465,0
237649_30096,1
237649_246130,1
237650_197465,1
237650_130480,1
237650_62493,1
237650_285162,1
237650_35704,0
237650_250792,1
237651_101372,0
237651_164098,0
237651_184197,1
237651_44222,1
237651_129642,1
237651_196827,1
237660_38015,1
237660_264228,0
237660_170909,1
237660_206195,1
237660_61235,1
237660_145885,0
237661_114730,0
237661_57287,1
237661_172333,0
237661_62046,1
237661_14329,1
237661_248194,0
237665_210602,1
237665_180864,0
237665_15291,0
237665_271817,1
237665_141772,0
237665_185423,1
237673_273787,0
237673_157389,0
237673_138050,0
237673_275222,1
237673_5496,1
237673_79640,0
237678_240634,0
237678_212852,1
237678_256840,1
237678_295221,1
237678_71898,0
237678_267462,0
237679_21858,1
237679_8243,1
237679_153926,1
237679_118725,1
237679_84491,1
237679_255073,0
237680_152243,1
237680_68044,0
237680_223164,1
237680_227966,0
237680_261743,1
237680_39585,0
237681_233791,1
237681_113669,0
237681_14898,0
237681_64451,1
237681_45078,1
237681_3461,1
237682_10595,1
237682_216175,1
237682_280280,0
237682_285569,1
237682_105459,1
237682_176099,1
237683_270205,0
237683_113407,0
237683_114421,0
237683_122357,0
237683_146976,1
237683_122086,0
237686_255916,1
237686_268110,1
237686_64855,1
237686_146263,1
237686_10234,0
237686_58555,0
237687_146263,1
237687_136234,0
237687_262542,1
237687_3464,0
237687_232467,0
237687_58964,0
237689_107493,0
237689_94809,0
237689_214722,1
237689_234816,0
237689_219394,1
237689_248709,1
237697_236851,0
237697_156230,1
237697_118296,1
237697_106127,0
237697_226675,1
237697_134456,1
237698_275379,1
237698_50334,0
237698_140692,1
237698_192558,1
237698_295221,1
237698_57073,1
237704_137771,0
237704_41136,0
237704_274931,1
237704_278243,1
237704_258890,1
237704_90407,0
237710_61829,0
237710_196957,1
237710_144552,1
237710_177409,0
237710_140802,1
237710_249323,0
237712_283280,1
237712_293282,0
237712_137307,1
237712_255988,0
237712_159729,0
237712_164423,0
237716_128579,0
237716_199132,0
237716_209776,0
237716_293667,1
237716_281521,0
237716_163259,1
237717_61827,1
237717_91740,1
237717_130023,1
237717_50061,0
237717_72878,1
237717_123307,1
237718_151042,1
237718_105441,0
237718_74142,1
237718_121837,0
237718_289595,1
237718_227416,1
237720_62052,1
237720_178352,0
237720_257780,1
237720_107731,1
237720_45331,1
237720_194712,1
237722_66550,0
237722_42334,1
237722_271794,0
237722_4118,0
237722_113055,1
237722_242102,0
237731_160585,1
237731_128078,1
237731_73557,1
237731_99050,1
237731_38949,1
237731_283098,1
237732_268771,0
237732_224784,1
237732_268289,1
237732_213997,0
237732_222892,1
237732_79141,1
237740_68017,0
237740_273209,1
237740_136590,0
237740_24876,1
237740_46930,0
237740_69395,1
237744_205890,1
237744_239521,0
237744_177528,0
237744_294944,0
237744_204462,1
237744_16745,1
237745_90219,0
237745_163189,1
237745_44383,0
237745_60331,0
237745_256132,1
237745_276208,0
237749_53638,1
237749_86942,0
237749_108100,0
237749_99165,0
237749_238214,1
237749_54921,1
237751_226607,1
237751_74714,1
237751_129028,1
237751_231387,0
237751_295380,0
237751_217897,1
237755_188238,1
237755_146570,1
237755_83157,0
237755_122769,1
237755_88825,1
237755_118920,1
237759_145946,1
237759_138954,0
237759_253737,1
237759_167046,1
237759_124070,0
237759_286453,1
237761_41150,1
237761_74714,1
237761_291465,1
237761_198362,0
237761_64665,1
237761_2328,1
237767_287260,1
237767_109877,1
237767_105487,0
237767_264575,1
237767_36641,1
237767_226149,0
237771_153216,1
237771_76248,1
237771_133656,1
237771_262716,0
237771_177724,1
237771_198864,1
237773_118690,0
237773_145699,0
237773_286863,0
237773_74622,0
237773_174318,0
237773_140229,0
237774_254776,0
237774_271874,0
237774_38071,0
237774_137271,1
237774_84531,0
237774_193439,0
237781_264558,0
237781_263846,1
237781_94274,0
237781_187117,1
237781_210679,1
237781_21454,0
237784_36398,0
237784_150707,0
237784_117734,1
237784_172368,1
237784_56775,1
237784_262921,0
237785_193532,1
237785_158588,1
237785_77871,1
237785_233197,1
237785_180822,1
237785_158770,0
237786_124387,0
237786_113464,1
237786_9209,1
237786_22156,0
237786_1222,1
237786_183238,0
237791_175192,1
237791_185368,0
237791_15758,1
237791_275274,1
237791_50179,1
237791_289258,0
237793_291212,1
237793_152941,1
237793_137794,1
237793_250451,1
237793_90821,1
237793_47433,1
237794_46422,0
237794_140849,1
237794_119375,1
237794_208840,1
237794_108669,1
237794_26225,1
237796_140955,1
237796_71489,1
237796_108780,1
237796_218525,1
237796_87505,1
237796_61874,1
237797_13371,1
237797_139002,1
237797_222938,0
237797_291958,1
237797_145018,1
237797_215445,1
237801_145117,0
237801_160012,1
237801_120535,0
237801_113233,1
237801_178645,0
237801_261450,1
237802_184275,0
237802_34056,0
237802_248814,1
237802_98596,1
237802_84824,1
237802_260399,1
237805_96755,0
237805_98798,1
237805_161694,1
237805_203422,1
237805_271462,1
237805_58523,1
237807_274725,0
237807_84591,1
237807_240074,0
237807_85144,1
237807_21365,1
237807_175818,1
237811_34514,1
237811_134257,0
237811_278152,0
237811_218956,1
237811_233221,0
237811_150120,0
237812_131359,1
237812_72723,0
237812_291128,1
237812_187388,1
237812_167303,1
237812_141772,0
237814_271922,0
237814_47781,1
237814_208873,1
237814_113235,1
237814_38244,1
237814_120290,1
237820_138863,1
237820_67567,0
237820_63877,1
237820_139425,1
237820_5185,1
237820_99922,1
237821_160194,1
237821_253306,0
237821_246255,1
237821_143401,0
237821_72517,1
237821_91842,0
237822_71685,0
237822_176675,1
237822_264660,0
237822_83554,1
237822_194060,0
237822_139698,0
237823_149089,0
237823_190068,1
237823_293789,1
237823_272833,1
237823_149988,0
237823_114198,1
237825_119532,1
237825_100199,0
237825_173257,1
237825_184302,0
237825_233187,1
237825_176733,1
237828_279318,0
237828_174498,1
237828_256825,0
237828_261709,0
237828_192574,0
237828_42207,1
237829_38667,1
237829_70306,1
237829_200132,0
237829_70878,1
237829_55878,0
237829_27509,0
237835_17348,1
237835_149572,0
237835_177409,1
237835_186004,0
237835_158413,0
237835_130741,1
237836_210865,1
237836_197639,0
237836_292863,1
237836_242733,1
237836_195650,0
237836_281622,0
237838_137701,0
237838_76112,1
237838_245097,1
237838_91129,1
237838_182318,1
237838_273219,1
237839_120417,1
237839_155627,0
237839_106604,1
237839_260230,1
237839_143755,0
237839_63199,0
237840_12942,1
237840_30496,1
237840_135461,0
237840_1414,0
237840_96473,1
237840_234849,0
237843_193173,1
237843_245760,1
237843_203163,0
237843_31751,1
237843_187112,1
237843_290789,1
237845_69327,1
237845_87728,0
237845_74650,1
237845_219762,0
237845_278136,1
237845_32841,0
237848_80256,0
237848_194053,1
237848_100831,0
237848_132069,0
237848_233487,1
237848_134877,0
237849_221284,0
237849_266866,1
237849_39381,1
237849_177409,1
237849_45387,1
237849_212234,1
237852_3251,1
237852_140334,1
237852_54637,0
237852_260478,0
237852_66445,0
237852_235826,1
237856_172779,1
237856_94597,0
237856_21642,0
237856_139852,0
237856_143734,1
237856_39906,1
237859_67063,0
237859_43528,0
237859_110169,0
237859_89746,0
237859_176004,0
237859_141611,1
237860_253246,1
237860_118642,1
237860_228184,1
237860_220478,1
237860_7845,0
237860_274197,0
237861_75601,0
237861_244794,0
237861_47700,1
237861_150618,0
237861_187377,0
237861_178002,0
237863_11769,0
237863_163189,1
237863_127431,0
237863_133821,1
237863_56334,1
237863_279189,0
237864_124587,0
237864_157893,0
237864_118922,1
237864_39649,1
237864_221946,0
237864_274784,1
237865_264901,1
237865_177370,1
237865_100608,1
237865_136245,1
237865_230296,1
237865_188781,1
237866_118170,1
237866_5944,0
237866_202984,0
237866_9503,0
237866_52853,1
237866_220317,0
237869_45596,1
237869_111844,1
237869_66359,1
237869_239516,1
237869_227991,1
237869_67487,0
237872_64763,1
237872_44166,1
237872_154206,0
237872_59510,1
237872_73096,0
237872_71131,0
237873_271521,1
237873_43284,1
237873_61830,0
237873_275881,0
237873_255452,0
237873_1650,1
237874_286454,1
237874_175250,1
237874_16376,0
237874_30995,1
237874_93699,1
237874_106273,1
237875_83139,1
237875_155463,1
237875_186011,1
237875_289648,1
237875_154016,1
237875_84611,0
237877_51480,0
237877_93996,1
237877_113561,1
237877_274684,1
237877_31940,1
237877_143570,0
237880_190713,1
237880_128511,1
237880_190445,1
237880_160505,0
237880_228016,1
237880_72974,1
237886_118997,0
237886_182991,1
237886_223314,0
237886_83168,1
237886_136273,0
237886_206993,1
237893_139884,0
237893_245719,0
237893_117078,1
237893_165644,1
237893_267888,1
237893_111767,0
237894_291248,1
237894_283588,0
237894_45360,1
237894_25144,1
237894_56105,0
237894_81561,0
237898_67602,1
237898_15598,1
237898_261450,1
237898_255690,0
237898_60096,0
237898_64341,0
237899_50277,1
237899_216449,0
237899_54398,0
237899_60913,1
237899_78192,1
237899_90710,0
237907_216973,1
237907_241106,0
237907_42557,1
237907_112519,1
237907_191730,1
237907_270576,1
237910_213132,1
237910_121931,1
237910_280405,1
237910_10696,1
237910_143033,0
237910_253132,0
237911_223422,0
237911_132300,1
237911_22088,0
237911_289431,0
237911_234849,1
237911_43544,1
237914_230019,1
237914_97827,1
237914_186289,1
237914_83050,0
237914_161474,1
237914_20206,1
237917_152314,0
237917_119272,1
237917_176274,0
237917_143936,0
237917_14845,0
237917_167388,1
237919_139138,0
237919_13796,1
237919_152680,0
237919_107923,0
237919_278513,0
237919_216514,1
237920_238705,0
237920_226842,1
237920_215381,1
237920_242681,0
237920_48289,0
237920_217432,1
237922_271496,0
237922_181521,1
237922_216902,0
237922_185815,1
237922_295954,1
237922_65201,0
237923_177642,1
237923_255988,0
237923_289727,0
237923_45956,0
237923_112760,1
237923_63801,0
237926_234691,0
237926_99290,0
237926_53192,0
237926_248779,0
237926_205918,0
237926_287260,0
237932_88840,1
237932_122595,1
237932_92793,1
237932_261450,1
237932_174864,1
237932_220259,1
237935_179747,0
237935_266225,1
237935_144786,1
237935_114376,1
237935_89110,0
237935_219317,1
237936_292779,1
237936_263117,0
237936_9907,0
237936_267888,0
237936_281055,0
237936_11876,0
237938_118861,0
237938_37938,0
237938_168462,1
237938_130090,0
237938_134533,0
237938_284374,0
237940_158268,0
237940_8915,0
237940_118998,1
237940_141610,1
237940_23679,1
237940_230358,1
237941_205881,0
237941_237211,1
237941_137479,0
237941_19944,0
237941_17302,0
237941_222845,1
237943_213279,0
237943_115095,1
237943_288091,1
237943_79655,1
237943_180346,0
237943_14823,0
237944_233209,1
237944_279325,0
237944_14779,0
237944_93084,1
237944_219579,1
237944_170290,0
237945_54423,1
237945_3109,1
237945_20460,0
237945_23138,1
237945_157001,1
237945_52044,1
237950_74092,0
237950_188802,1
237950_226115,0
237950_80234,0
237950_169160,0
237950_71273,0
237951_200778,1
237951_259598,1
237951_269468,0
237951_67182,0
237951_225847,1
237951_27957,0
237956_65276,1
237956_137307,1
237956_262193,1
237956_104542,1
237956_269273,1
237956_159936,1
237961_13783,0
237961_15798,1
237961_131295,0
237961_52572,1
237961_9422,1
237961_42972,1
237962_289855,1
237962_250273,1
237962_214856,1
237962_283762,0
237962_2924,0
237962_210679,1
237963_81561,0
237963_214592,1
237963_131633,1
237963_173426,0
237963_52885,1
237963_262192,0
237965_67130,1
237965_24631,0
237965_193424,1
237965_232013,1
237965_124296,1
237965_189679,0
237969_196878,1
237969_238150,0
237969_35266,0
237969_238254,1
237969_22994,0
237969_112821,1
237970_179993,1
237970_180185,1
237970_206537,1
237970_107923,0
237970_253265,1
237970_129865,0
237977_20284,1
237977_281016,0
237977_125490,0
237977_274606,1
237977_20124,1
237977_157372,1
237978_6750,0
237978_213484,0
237978_263877,0
237978_126728,1
237978_20989,1
237978_282197,0
237981_45336,1
237981_136275,0
237981_197242,0
237981_46242,1
237981_84668,0
237981_188903,0
237982_194353,0
237982_72911,0
237982_180381,1
237982_231093,0
237982_273837,0
237982_135181,0
237984_118861,0
237984_265328,0
237984_192313,0
237984_282026,0
237984_7423,0
237984_242252,0
237986_64394,0
237986_216973,1
237986_235427,0
237986_29744,1
237986_102349,1
237986_273384,1
237987_153923,0
237987_61902,1
237987_286541,1
237987_273581,1
237987_80563,1
237987_106318,1
237988_156657,1
237988_243801,1
237988_145011,1
237988_95713,0
237988_177824,1
237988_208839,0
237989_244657,0
237989_130771,0
237989_131302,0
237989_227472,0
237989_69821,0
237989_69797,0
237990_241966,1
237990_64402,1
237990_249743,0
237990_230460,0
237990_196577,1
237990_21319,0
237992_61063,1
237992_172324,1
237992_255916,1
237992_276411,1
237992_244336,0
237992_120004,1
237995_291396,0
237995_248820,0
237995_124029,0
237995_100342,0
237995_141376,0
237995_64012,0
237997_40508,1
237997_211324,1
237997_59211,1
237997_129436,0
237997_163317,1
237997_286598,0
238001_244619,1
238001_152518,0
238001_50417,0
238001_78750,0
238001_295953,1
238001_215673,1
238002_188942,1
238002_281871,0
238002_155887,1
238002_65334,1
238002_53887,0
238002_80904,0
238004_139377,0
238004_11851,0
238004_186155,1
238004_43406,1
238004_92872,1
238004_100679,1
238005_225329,1
238005_59749,1
238005_225472,0
238005_227105,1
238005_137794,0
238005_224533,0
238006_35391,0
238006_239570,1
238006_238389,1
238006_213944,0
238006_151503,0
238006_52613,0
238007_21593,1
238007_264380,0
238007_281937,1
238007_9955,1
238007_30594,1
238007_54650,0
238008_51561,0
238008_54263,1
238008_38933,0
238008_129117,0
238008_158588,1
238008_190051,0
238010_26085,1
238010_40547,0
238010_278805,1
238010_251403,0
238010_172787,0
238010_284984,1
238012_97085,0
238012_173225,0
238012_278582,1
238012_74936,0
238012_20602,1
238012_293696,1
238013_134310,0
238013_242231,1
238013_190039,0
238013_249559,0
238013_248401,0
238013_213577,0
238014_72713,0
238014_231141,1
238014_167873,1
238014_118998,0
238014_105192,1
238014_182869,1
238016_147099,0
238016_54217,0
238016_160239,0
238016_228941,0
238016_81558,0
238016_104207,0
238018_87357,1
238018_148856,0
238018_168483,1
238018_138985,1
238018_255010,1
238018_213012,1
238019_18300,0
238019_175803,0
238019_38447,0
238019_285724,0
238019_33163,0
238019_273374,0
238022_38543,1
238022_264575,1
238022_201974,1
238022_211644,0
238022_203049,0
238022_198034,1
238027_82520,1
238027_197995,1
238027_152820,1
238027_77237,1
238027_211688,0
238027_143081,1
238029_111965,0
238029_14905,0
238029_230358,0
238029_15038,1
238029_250401,0
238029_235240,0
238030_111631,0
238030_116,0
238030_5704,0
238030_285194,0
238030_43978,0
238030_205656,0
238031_53392,1
238031_48244,1
238031_291238,1
238031_178659,1
238031_813,1
238031_264216,1
238033_197854,1
238033_208113,1
238033_106594,1
238033_139977,1
238033_72033,0
238033_1222,1
238034_195839,0
238034_126976,1
238034_274012,0
238034_87671,0
238034_44946,1
238034_288041,1
238038_100712,1
238038_291586,1
238038_35270,1
238038_128103,1
238038_20999,0
238038_239279,0
238039_94274,1
238039_183431,1
238039_15135,1
238039_62493,1
238039_165984,1
238039_40056,1
238047_256008,1
238047_169120,1
238047_279629,0
238047_144357,1
238047_209937,0
238047_294724,0
238049_210900,1
238049_142408,1
238049_138742,1
238049_89274,1
238049_263,1
238049_32913,1
238053_55958,1
238053_209368,1
238053_187847,1
238053_127195,1
238053_110928,0
238053_43851,0
238055_220317,1
238055_168536,1
238055_5791,0
238055_118260,0
238055_147585,1
238055_5509,1
238056_210352,0
238056_48523,1
238056_226291,1
238056_248971,1
238056_290850,0
238056_96694,0
238057_155844,1
238057_147402,1
238057_66202,1
238057_94893,0
238057_126097,0
238057_4214,0
238061_244657,1
238061_248103,0
238061_81268,0
238061_138726,0
238061_16669,0
238061_86428,0
238062_152625,1
238062_177168,1
238062_106428,0
238062_125944,1
238062_262307,1
238062_291135,1
238063_98915,1
238063_11196,1
238063_205370,1
238063_150186,1
238063_12541,0
238063_286426,1
238065_48961,0
238065_111927,1
238065_26225,1
238065_207418,0
238065_231440,1
238065_140992,1
238066_284734,1
238066_151401,1
238066_126301,1
238066_54371,0
238066_259522,0
238066_82384,0
238068_121064,0
238068_265512,1
238068_229508,1
238068_117593,0
238068_87090,1
238068_59573,1
238069_175144,1
238069_192375,1
238069_122589,1
238069_83740,0
238069_161257,0
238069_131921,1
238071_91558,1
238071_257789,1
238071_107707,0
238071_117449,0
238071_275729,1
238071_261904,0
238072_251630,0
238072_215428,0
238072_3415,1
238072_30816,0
238072_43473,1
238072_22062,1
238073_225974,0
238073_137370,1
238073_182009,0
238073_99448,0
238073_53089,0
238073_2538,0
238074_38502,0
238074_109356,0
238074_99448,0
238074_128892,0
238074_178133,1
238074_113199,0
238079_188671,1
238079_253179,0
238079_250273,1
238079_80916,0
238079_123997,0
238079_31349,1
238081_59870,1
238081_171136,1
238081_26279,1
238081_71131,0
238081_225447,1
238081_116128,1
238082_12004,1
238082_218340,1
238082_226957,0
238082_249778,1
238082_30881,0
238082_273185,1
238086_7596,1
238086_122532,0
238086_57610,1
238086_288603,1
238086_283203,0
238086_166156,0
238089_94889,0
238089_30979,0
238089_132159,0
238089_182363,0
238089_214409,0
238089_74714,0
238091_120986,0
238091_157365,1
238091_94285,1
238091_179974,1
238091_54559,1
238091_152969,1
238092_236797,0
238092_32601,0
238092_90219,0
238092_269270,1
238092_170773,0
238092_6064,0
238095_45552,1
238095_134785,0
238095_293108,1
238095_22940,1
238095_43497,1
238095_279142,0
238097_140465,1
238097_165136,1
238097_172286,0
238097_74688,0
238097_276963,0
238097_100669,1
238098_79942,1
238098_204162,0
238098_225739,0
238098_200468,1
238098_103138,1
238098_207659,0
238099_11424,1
238099_139583,0
238099_156433,1
238099_279187,1
238099_273386,1
238099_57649,1
238102_115993,1
238102_95400,0
238102_287112,1
238102_36191,0
238102_16021,0
238102_203039,0
238105_249335,1
238105_113923,1
238105_5983,0
238105_239877,1
238105_145607,1
238105_186561,1
238106_18509,0
238106_104912,0
238106_120246,1
238106_228016,1
238106_12763,1
238106_60074,1
238107_238377,0
238107_197997,1
238107_159073,0
238107_230028,1
238107_210455,1
238107_154468,1
238109_249778,0
238109_30877,0
238109_124168,0
238109_70306,0
238109_252996,0
238109_256229,0
238110_76449,1
238110_244947,1
238110_248320,1
238110_206878,1
238110_123109,1
238110_129146,0
238111_230065,1
238111_108,1
238111_162126,1
238111_275458,1
238111_10843,1
238111_172800,0
238114_14205,1
238114_116842,1
238114_201595,1
238114_232041,1
238114_100088,1
238114_239042,1
238118_270365,1
238118_220803,1
238118_60913,1
238118_208905,1
238118_272503,1
238118_38004,0
238119_123391,0
238119_5323,0
238119_137641,0
238119_190549,0
238119_122821,0
238119_289727,0
238121_78132,1
238121_34397,1
238121_205620,1
238121_29147,0
238121_63625,1
238121_205871,1
238122_157944,1
238122_131956,1
238122_183128,1
238122_159363,0
238122_100174,0
238122_203679,0
238125_155209,1
238125_62157,0
238125_72683,1
238125_97128,1
238125_153203,1
238125_21128,0
238128_249251,1
238128_256132,1
238128_125958,1
238128_142393,1
238128_123542,1
238128_101745,1
238129_244652,0
238129_250273,1
238129_221953,1
238129_61827,1
238129_224866,0
238129_93787,1
238130_123683,0
238130_23752,0
238130_275334,0
238130_19797,0
238130_295600,0
238130_229798,1
238132_15715,1
238132_147044,1
238132_259565,1
238132_46866,0
238132_124188,0
238132_57059,0
238140_199905,1
238140_154269,0
238140_64459,0
238140_174660,1
238140_133302,1
238140_288240,1
238142_295703,1
238142_270469,1
238142_293556,0
238142_38557,1
238142_140019,1
238142_176916,1
238143_154970,1
238143_51319,1
238143_71999,0
238143_31587,1
238143_273446,1
238143_61277,1
238144_52885,1
238144_117856,1
238144_291782,1
238144_285250,1
238144_91018,1
238144_30147,0
238146_80916,1
238146_251496,0
238146_76353,1
238146_143673,1
238146_24878,1
238146_246966,1
238149_9727,0
238149_75040,1
238149_255759,1
238149_284909,1
238149_38663,1
238149_231141,1
238150_197936,1
238150_241682,1
238150_125458,0
238150_237622,0
238150_106788,1
238150_229894,0
238151_182804,1
238151_163477,1
238151_139795,0
238151_216137,1
238151_295066,1
238151_285706,1
238156_131084,0
238156_144499,1
238156_130097,0
238156_171151,0
238156_119772,1
238156_271100,1
238157_4720,1
238157_187688,0
238157_152525,0
238157_109544,0
238157_212849,1
238157_120441,0
238160_21758,1
238160_63502,0
238160_182234,0
238160_70482,0
238160_234713,1
238160_289120,1
238163_73945,0
238163_83511,1
238163_139425,1
238163_123299,0
238163_254916,0
238163_82422,1
238165_133594,1
238165_216820,0
238165_9151,0
238165_244608,1
238165_132173,1
238165_76866,0
238166_141173,1
238166_214446,0
238166_209776,1
238166_279360,0
238166_30048,1
238166_91475,1
238168_187388,0
238168_34334,1
238168_26716,1
238168_184670,0
238168_33163,1
238168_98231,1
238169_102875,0
238169_62665,1
238169_138293,1
238169_85777,1
238169_232893,0
238169_98231,1
238171_290018,1
238171_161098,1
238171_120535,1
238171_182520,1
238171_259481,0
238171_181344,0
238173_207656,0
238173_51543,1
238173_284781,0
238173_137715,0
238173_88248,1
238173_122769,1
238176_207849,1
238176_231680,1
238176_43530,1
238176_93568,1
238176_234652,1
238176_217557,1
238178_103458,0
238178_50411,1
238178_237211,1
238178_280389,1
238178_170260,0
238178_80700,1
238182_74375,1
238182_57311,0
238182_44210,0
238182_12564,0
238182_65731,0
238182_200966,1
238183_46694,1
238183_106619,1
238183_224854,1
238183_111116,1
238183_284554,0
238183_237915,0
238184_143750,1
238184_223222,1
238184_103775,0
238184_212654,0
238184_282216,0
238184_235546,0
238192_153321,1
238192_279246,0
238192_275643,0
238192_81759,0
238192_61644,1
238192_67368,1
238196_189306,1
238196_161324,0
238196_248952,1
238196_15506,0
238196_72768,0
238196_6234,0
238198_27786,1
238198_137485,1
238198_10628,1
238198_277408,1
238198_291041,1
238198_25694,1
238199_212572,0
238199_80454,1
238199_279819,0
238199_224668,1
238199_158912,0
238199_28396,1
238203_5260,1
238203_67104,0
238203_83612,0
238203_74185,1
238203_271410,1
238203_220729,1
238205_260491,0
238205_5944,0
238205_111400,0
238205_192794,0
238205_64258,1
238205_256491,0
238206_246130,1
238206_34829,0
238206_52710,0
238206_287949,0
238206_107959,1
238206_66943,1
238207_20564,0
238207_286165,0
238207_100158,0
238207_104424,1
238207_63977,0
238207_54245,1
238212_281406,1
238212_183431,0
238212_177409,0
238212_295531,1
238212_211484,0
238212_251335,0
238213_103204,1
238213_59647,1
238213_2205,1
238213_11206,1
238213_223602,0
238213_255925,1
238214_22858,0
238214_248986,0
238214_77833,1
238214_249471,1
238214_175351,1
238214_69797,1
238215_114534,0
238215_208181,0
238215_234091,1
238215_5030,1
238215_77246,0
238215_268877,0
238217_34031,0
238217_6037,1
238217_33997,1
238217_41864,0
238217_31928,0
238217_137084,1
238219_222083,1
238219_206649,1
238219_214584,0
238219_3939,1
238219_70177,1
238219_77834,1
238220_52253,0
238220_81363,0
238220_146407,0
238220_147336,0
238220_82599,0
238220_116166,0
238222_87813,1
238222_267157,1
238222_200937,1
238222_285239,1
238222_23182,1
238222_66749,1
238224_257421,1
238224_73978,1
238224_10357,1
238224_161571,1
238224_256187,1
238224_44343,1
238231_176795,1
238231_242358,0
238231_94893,1
238231_246923,1
238231_93036,0
238231_183204,1
238233_235971,0
238233_124260,0
238233_207889,0
238233_129274,0
238233_32425,0
238233_192439,0
238236_157464,0
238236_228634,0
238236_126755,0
238236_169816,0
238236_263998,0
238236_233529,0
238238_271097,1
238238_243895,0
238238_8280,0
238238_124221,1
238238_151313,0
238238_262191,0
238239_158881,0
238239_131898,0
238239_147585,0
238239_133110,1
238239_213107,1
238239_247942,1
238240_135537,1
238240_264575,1
238240_178260,1
238240_110317,0
238240_116741,1
238240_184807,1
238241_269551,1
238241_234425,1
238241_108365,1
238241_288302,1
238241_118642,1
238241_230725,1
238242_258699,1
238242_292488,0
238242_78316,0
238242_16916,1
238242_291128,1
238242_171306,0
238243_32229,1
238243_197700,0
238243_137748,1
238243_238411,1
238243_131453,1
238243_292483,0
238244_55591,1
238244_56896,0
238244_225414,1
238244_128541,1
238244_117257,0
238244_126688,1
238249_127822,0
238249_261464,1
238249_140334,0
238249_245790,1
238249_283699,0
238249_33177,1
238252_104330,0
238252_132628,0
238252_255959,0
238252_97925,0
238252_203679,0
238252_233339,0
238257_254191,1
238257_255238,1
238257_151942,1
238257_72225,1
238257_171076,1
238257_180533,1
238258_158719,0
238258_262192,0
238258_258398,0
238258_32226,0
238258_130660,0
238258_210736,1
238261_65779,1
238261_129723,1
238261_202185,1
238261_20397,1
238261_253770,0
238261_208258,0
238262_94210,1
238262_60074,1
238262_248645,0
238262_262757,0
238262_235558,0
238262_122769,0
238263_225329,1
238263_168399,1
238263_244718,0
238263_51516,0
238263_86266,1
238263_150186,1
238264_172050,0
238264_154493,1
238264_200797,0
238264_34399,1
238264_219658,0
238264_64402,1
238274_97883,1
238274_257498,0
238274_153275,1
238274_132016,0
238274_57910,0
238274_171227,1
238278_117406,0
238278_72297,1
238278_8045,1
238278_199521,1
238278_245668,1
238278_179000,1
238281_81561,1
238281_133906,1
238281_72875,1
238281_216891,1
238281_136119,1
238281_33495,1
238284_65,0
238284_100142,0
238284_163855,1
238284_270004,1
238284_213231,1
238284_115095,1
238286_282875,1
238286_252608,0
238286_182828,0
238286_177497,1
238286_108795,1
238286_12647,0
238288_74562,0
238288_210380,0
238288_291338,0
238288_27085,0
238288_236013,0
238288_136273,1
238294_39841,1
238294_284760,0
238294_280411,0
238294_51519,1
238294_16879,1
238294_12647,1
238298_157936,0
238298_104980,1
238298_178010,1
238298_21274,0
238298_214722,1
238298_37539,1
238306_80759,0
238306_291190,1
238306_250851,1
238306_149675,1
238306_107138,1
238306_178849,0
238307_37283,0
238307_193350,0
238307_121091,0
238307_254494,1
238307_25091,0
238307_47124,1
238314_168682,0
238314_290649,0
238314_207604,0
238314_138106,1
238314_123579,1
238314_125958,1
238316_98002,0
238316_1618,0
238316_7031,1
238316_6152,0
238316_78024,0
238316_207659,0
238317_177509,1
238317_11827,1
238317_103835,0
238317_281079,1
238317_145551,0
238317_101037,0
238320_191005,1
238320_169188,1
238320_167899,0
238320_157960,0
238320_154016,1
238320_61654,1
238323_59132,1
238323_232679,1
238323_81539,1
238323_155302,1
238323_149391,1
238323_40064,1
238325_29806,0
238325_18837,0
238325_238616,0
238325_8637,0
238325_84512,0
238325_66473,0
238326_202784,1
238326_128732,1
238326_240278,1
238326_163568,1
238326_148846,0
238326_69860,1
238327_264198,1
238327_215438,0
238327_23233,1
238327_140645,1
238327_220711,1
238327_91718,1
238330_285010,1
238330_99119,1
238330_121423,1
238330_294808,1
238330_290931,0
238330_66685,1
238332_84612,1
238332_135088,1
238332_196723,0
238332_97418,1
238332_109352,0
238332_144222,0
238335_65314,0
238335_210679,1
238335_116842,0
238335_166193,1
238335_269979,1
238335_205407,0
238339_220937,1
238339_70582,1
238339_207709,0
238339_190292,0
238339_253143,1
238339_32050,1
238342_66269,0
238342_157210,0
238342_264496,1
238342_271941,0
238342_130023,0
238342_187117,0
238346_161639,1
238346_94093,1
238346_192375,1
238346_203707,1
238346_246272,1
238346_216947,0
238347_75999,1
238347_193774,1
238347_47945,1
238347_125330,0
238347_72969,1
238347_74142,0
238348_187050,1
238348_7260,0
238348_242852,0
238348_169120,1
238348_277142,0
238348_69899,1
238353_174387,1
238353_131232,1
238353_38967,0
238353_119531,0
238353_112824,0
238353_77086,1
238355_3687,1
238355_281433,0
238355_195439,0
238355_93470,0
238355_284691,0
238355_250816,1
238356_30405,0
238356_285250,1
238356_34415,0
238356_107707,1
238356_220405,0
238356_211093,1
238358_973,1
238358_74096,1
238358_52572,0
238358_71059,1
238358_262970,1
238358_42811,1
238359_171839,1
238359_268269,0
238359_8410,0
238359_260441,0
238359_105290,0
238359_33900,1
238361_251318,1
238361_75649,0
238361_155772,0
238361_169931,1
238361_235661,0
238361_236586,1
238367_242252,1
238367_104676,1
238367_291465,1
238367_198595,1
238367_34658,1
238367_52670,1
238368_1447,1
238368_130747,1
238368_67146,0
238368_12922,0
238368_80225,1
238368_202493,1
238369_129243,1
238369_208629,0
238369_233117,0
238369_255224,0
238369_189192,0
238369_150899,1
238371_101871,0
238371_49343,0
238371_42359,0
238371_121361,0
238371_3945,0
238371_209776,0
238376_227668,0
238376_114421,1
238376_8229,0
238376_12922,1
238376_15876,0
238376_164037,0
238377_271591,0
238377_269907,1
238377_128974,1
238377_3800,0
238377_230842,1
238377_212572,1
238378_157802,1
238378_217557,1
238378_222047,1
238378_288051,1
238378_242960,1
238378_141300,0
238379_46522,0
238379_8926,0
238379_188488,1
238379_27302,1
238379_98114,1
238379_40080,0
238381_60203,0
238381_144576,0
238381_73203,1
238381_133906,1
238381_36287,0
238381_122742,1
238386_139490,1
238386_191023,0
238386_10206,1
238386_220908,0
238386_270196,0
238386_10080,0
238388_193722,0
238388_175884,0
238388_246593,1
238388_217032,0
238388_283147,0
238388_231046,0
238392_141668,0
238392_265296,0
238392_220518,0
238392_200081,0
238392_52853,0
238392_164219,0
238395_34948,0
238395_28271,0
238395_181390,0
238395_87671,0
238395_226507,0
238395_127339,0
238396_136275,1
238396_98681,1
238396_101360,0
238396_231664,1
238396_290470,1
238396_286541,1
238397_5735,1
238397_5389,0
238397_185364,1
238397_200132,0
238397_285250,1
238397_255382,0
238401_42375,1
238401_40978,1
238401_48170,0
238401_3687,1
238401_145146,0
238401_185456,1
238403_68153,0
238403_191447,1
238403_109868,0
238403_141416,1
238403_9183,1
238403_276377,1
238407_89646,1
238407_131633,1
238407_252994,1
238407_206809,1
238407_228941,0
238407_115550,1
238409_131179,0
238409_40196,0
238409_273191,0
238409_126976,0
238409_250544,0
238409_92062,0
238410_72878,1
238410_42334,1
238410_290562,1
238410_231894,1
238410_168081,1
238410_71685,1
238412_53830,0
238412_277417,0
238412_107584,0
238412_193711,0
238412_291461,1
238412_182979,0
238415_110246,1
238415_19517,1
238415_80165,1
238415_222083,1
238415_217308,1
238415_184940,1
238417_108780,1
238417_258883,1
238417_233112,1
238417_212369,0
238417_15715,1
238417_21060,0
238418_169325,1
238418_55080,0
238418_333,1
238418_72591,1
238418_130023,1
238418_142408,1
238422_292341,1
238422_189365,1
238422_164212,1
238422_225073,0
238422_3109,1
238422_40258,1
238423_138509,0
238423_259841,0
238423_287946,1
238423_121932,0
238423_269381,1
238423_62460,0
238429_108116,1
238429_200907,0
238429_137512,1
238429_147615,1
238429_185571,0
238429_114620,0
238433_263903,1
238433_109477,0
238433_46569,1
238433_198803,0
238433_120549,1
238433_202648,0
238434_163853,1
238434_16125,1
238434_67231,0
238434_269580,0
238434_85388,1
238434_261450,1
238436_265693,0
238436_110429,0
238436_264861,1
238436_193069,1
238436_16897,0
238436_195437,0
238442_244768,1
238442_164966,1
238442_158557,0
238442_284020,1
238442_184275,1
238442_187117,1
238444_73043,1
238444_236486,0
238444_192656,0
238444_225761,0
238444_219643,0
238444_207422,1
238446_23822,1
238446_120563,1
238446_262036,0
238446_6349,1
238446_159121,1
238446_259527,1
238447_161152,1
238447_106597,1
238447_160239,1
238447_86094,0
238447_144953,1
238447_20754,1
238449_146458,0
238449_22597,0
238449_79655,1
238449_77434,0
238449_142163,1
238449_54650,1
238450_157425,0
238450_258603,0
238450_252176,0
238450_179990,0
238450_248870,0
238450_21679,0
238455_126889,0
238455_241488,0
238455_3809,1
238455_13061,1
238455_274391,0
238455_288645,1
238460_234432,0
238460_50251,1
238460_44997,0
238460_226836,1
238460_84662,0
238460_110680,1
238462_97522,1
238462_42334,1
238462_160941,1
238462_138809,0
238462_134550,0
238462_70268,1
238465_19445,0
238465_150772,1
238465_164591,1
238465_120623,1
238465_259598,1
238465_249121,0
238468_236745,0
238468_241860,0
238468_83184,1
238468_289727,1
238468_67144,1
238468_88848,1
238470_69674,1
238470_92147,0
238470_115746,0
238470_181005,1
238470_286476,1
238470_226889,0
238471_193350,0
238471_124387,1
238471_92035,1
238471_188639,1
238471_113707,0
238471_167345,0
238473_21918,0
238473_246632,1
238473_150827,1
238473_119544,0
238473_91978,0
238473_166203,1
238475_153742,1
238475_199179,0
238475_269289,1
238475_273219,1
238475_58443,1
238475_32083,1
238477_176713,0
238477_125452,1
238477_12690,1
238477_113130,0
238477_114421,0
238477_288488,1
238478_225690,1
238478_256232,1
238478_96327,0
238478_169030,0
238478_147950,0
238478_3601,0
238479_94675,1
238479_155463,0
238479_13390,1
238479_292203,1
238479_106094,1
238479_26412,1
238480_38390,1
238480_285564,0
238480_183872,1
238480_285415,0
238480_173887,1
238480_86106,0
238481_169305,0
238481_31263,0
238481_21593,0
238481_123878,1
238481_139444,1
238481_231332,1
238483_243020,1
238483_133617,1
238483_247347,1
238483_54257,0
238483_32141,1
238483_159199,1
238484_268615,1
238484_277790,1
238484_79648,0
238484_5580,0
238484_46329,0
238484_286439,1
238486_160324,1
238486_187048,1
238486_29806,1
238486_161348,0
238486_3419,1
238486_244372,1
238489_58353,0
238489_273318,0
238489_246219,0
238489_124561,1
238489_154089,1
238489_223328,0
238491_248714,1
238491_137362,1
238491_246572,0
238491_115738,0
238491_221705,1
238491_90393,0
238492_226090,0
238492_151735,0
238492_101494,1
238492_214837,1
238492_176953,0
238492_287193,0
238496_5712,1
238496_125284,1
238496_169538,1
238496_246783,1
238496_73312,1
238496_26219,0
238500_38990,1
238500_258761,0
238500_198803,1
238500_40429,1
238500_125315,0
238500_148809,1
238501_132961,0
238501_11318,1
238501_85777,1
238501_204887,1
238501_42331,1
238501_244608,0
238504_225209,0
238504_219640,1
238504_80050,1
238504_154705,0
238504_129803,0
238504_14306,1
238505_236180,0
238505_100806,1
238505_167345,1
238505_115478,0
238505_98810,0
238505_276334,1
238507_111718,1
238507_210165,1
238507_199905,1
238507_42147,1
238507_23629,1
238507_113394,1
238510_247597,1
238510_278233,1
238510_292863,1
238510_78933,0
238510_180381,1
238510_234742,1
238512_116232,1
238512_134446,0
238512_283579,0
238512_198831,1
238512_249261,1
238512_279759,1
238513_293085,0
238513_115478,1
238513_146263,0
238513_10453,1
238513_273827,0
238513_284199,0
238514_90487,0
238514_1779,0
238514_146536,0
238514_243023,1
238514_1468,0
238514_64394,1
238515_295256,0
238515_295199,0
238515_138863,0
238515_240229,1
238515_249611,1
238515_72969,1
238517_11036,0
238517_175275,0
238517_276508,0
238517_223770,0
238517_179119,0
238517_170897,0
238518_153877,0
238518_178502,1
238518_184453,1
238518_279927,1
238518_234072,1
238518_39186,1
238519_261850,0
238519_104855,0
238519_38700,0
238519_264575,0
238519_271100,1
238519_159637,0
238529_228140,0
238529_175884,1
238529_216094,0
238529_161054,0
238529_29894,1
238529_289330,0
238532_13566,1
238532_30731,1
238532_211240,0
238532_187539,1
238532_227044,0
238532_77246,0
238533_20206,1
238533_273203,0
238533_202298,0
238533_124609,0
238533_22687,1
238533_25974,0
238535_160043,0
238535_42510,0
238535_146263,0
238535_105397,0
238535_103080,0
238535_281016,0
238539_210545,1
238539_56937,0
238539_290018,1
238539_139252,0
238539_283762,0
238539_137250,1
238540_178726,1
238540_92147,0
238540_155965,1
238540_290862,0
238540_138265,1
238540_248452,1
238546_255196,0
238546_39840,1
238546_244652,0
238546_133304,0
238546_250001,1
238546_271169,1
238547_65494,0
238547_186590,0
238547_126448,0
238547_63983,0
238547_107420,0
238547_251937,1
238550_4236,1
238550_277417,0
238550_37643,1
238550_283579,1
238550_198141,1
238550_7595,0
238555_136897,1
238555_233221,1
238555_189306,1
238555_89134,1
238555_197195,1
238555_54409,1
238556_231293,0
238556_238802,0
238556_87671,1
238556_186396,0
238556_15776,1
238556_36934,1
238558_266566,1
238558_8862,1
238558_180803,1
238558_196965,0
238558_102112,1
238558_34779,0
238559_122589,0
238559_265129,1
238559_131585,0
238559_158665,0
238559_237172,1
238559_134510,1
238560_233073,1
238560_37626,1
238560_70211,1
238560_21116,1
238560_255191,0
238560_129019,1
238562_10211,1
238562_152626,0
238562_230725,0
238562_33540,0
238562_68904,1
238562_203138,0
238563_72691,0
238563_293158,1
238563_153085,0
238563_108780,1
238563_146570,1
238563_187117,1
238565_183998,0
238565_122930,0
238565_182397,0
238565_52572,0
238565_56497,0
238565_38202,0
238566_225426,0
238566_64560,0
238566_59459,0
238566_17790,0
238566_230245,1
238566_70709,0
238567_45223,1
238567_184707,1
238567_271092,0
238567_62833,1
238567_230065,1
238567_289563,1
238568_159400,0
238568_17773,0
238568_233112,1
238568_265278,0
238568_195587,0
238568_63108,0
238573_74879,1
238573_213072,1
238573_201957,0
238573_279246,1
238573_294233,1
238573_61617,0
238575_173879,0
238575_9222,1
238575_59310,0
238575_135949,1
238575_235334,0
238575_140348,0
238576_295762,0
238576_153970,0
238576_12647,0
238576_175481,0
238576_172480,0
238576_191942,0
238579_137485,1
238579_295703,1
238579_79396,1
238579_168795,1
238579_83560,1
238579_145737,1
238580_280305,1
238580_280055,0
238580_66295,0
238580_35248,1
238580_254728,0
238580_100520,1
238582_252227,1
238582_63625,1
238582_287640,1
238582_7462,0
238582_192439,0
238582_118714,1
238588_125284,1
238588_5359,0
238588_1680,0
238588_120603,1
238588_166608,1
238588_164591,1
238589_212609,0
238589_132815,0
238589_220054,1
238589_262471,0
238589_175468,1
238589_14974,0
238593_278582,1
238593_139862,0
238593_80165,1
238593_269783,1
238593_24748,1
238593_16745,1
238595_84938,1
238595_178645,0
238595_244025,0
238595_398,0
238595_58037,1
238595_107923,1
238598_278223,0
238598_134225,0
238598_152994,1
238598_68198,0
238598_153877,0
238598_13061,1
238601_232785,1
238601_121777,1
238601_15281,0
238601_161303,1
238601_183122,1
238601_178372,0
238603_44210,0
238603_276334,1
238603_77804,0
238603_170402,0
238603_288061,0
238603_235813,0
238606_210968,1
238606_265046,1
238606_44796,0
238606_113742,1
238606_157056,0
238606_101002,0
238609_294674,0
238609_248345,0
238609_119006,1
238609_82990,1
238609_188838,0
238609_259847,0
238611_20107,1
238611_9335,1
238611_275408,0
238611_203813,1
238611_153410,1
238611_253459,1
238615_4010,0
238615_134414,0
238615_83184,1
238615_153035,1
238615_189365,0
238615_153580,1
238617_22496,1
238617_112739,1
238617_242589,1
238617_248957,1
238617_20968,1
238617_169269,0
238618_290462,1
238618_1618,1
238618_30742,0
238618_295221,1
238618_226497,1
238618_11502,1
238619_87654,1
238619_4310,0
238619_54407,0
238619_199099,1
238619_238713,0
238619_87732,0
238621_248267,1
238621_125210,1
238621_46564,1
238621_184252,0
238621_70089,0
238621_137485,1
238627_242681,0
238627_187514,1
238627_9209,1
238627_157104,1
238627_149426,0
238627_17790,0
238628_87090,1
238628_84099,1
238628_45078,0
238628_249854,0
238628_216012,1
238628_197929,0
238629_274895,1
238629_7810,1
238629_259343,0
238629_140840,1
238629_72595,1
238629_150186,1
238631_205926,0
238631_184145,1
238631_193024,1
238631_130138,1
238631_295221,0
238631_269223,1
238633_219052,1
238633_37202,1
238633_161452,1
238633_213415,0
238633_265278,0
238633_52956,0
238634_246135,0
238634_15775,0
238634_121881,0
238634_250273,0
238634_77246,0
238634_247070,0
238635_250072,0
238635_231141,1
238635_85215,0
238635_534,1
238635_89212,1
238635_117621,1
238637_90542,1
238637_160843,1
238637_77419,1
238637_30547,0
238637_136557,1
238637_214897,1
238639_219794,1
238639_260780,1
238639_72969,1
238639_257420,0
238639_172357,0
238639_53192,0
238641_129904,1
238641_100342,1
238641_110556,1
238641_237166,1
238641_265247,0
238641_294806,0
238647_108987,1
238647_148406,0
238647_208514,0
238647_108833,0
238647_221820,1
238647_72718,1
238653_10103,1
238653_71957,0
238653_75054,1
238653_85642,0
238653_109907,0
238653_58361,1
238655_177018,1
238655_235536,1
238655_111102,0
238655_130276,1
238655_232719,1
238655_106381,0
238656_228097,0
238656_237832,0
238656_16981,1
238656_252312,0
238656_175398,1
238656_29979,1
238658_15876,1
238658_96522,0
238658_216947,0
238658_216028,0
238658_127776,1
238658_239573,0
238664_34693,0
238664_110928,0
238664_71708,0
238664_251022,1
238664_62265,1
238664_119952,0
238668_280508,0
238668_24849,0
238668_81689,0
238668_259598,0
238668_212592,0
238668_214767,0
238670_213468,0
238670_116957,0
238670_182009,0
238670_85242,1
238670_239948,0
238670_231680,1
238671_36686,0
238671_249559,1
238671_10751,0
238671_225897,1
238671_196955,1
238671_129964,0
238677_225849,0
238677_82792,1
238677_77746,1
238677_103861,0
238677_270399,0
238677_30314,1
238680_52475,1
238680_190345,0
238680_95924,1
238680_274606,0
238680_101563,1
238680_235551,0
238682_293310,1
238682_15718,0
238682_295130,0
238682_35937,0
238682_42334,1
238682_55806,1
238684_56165,0
238684_42309,1
238684_206449,1
238684_72544,1
238684_274167,1
238684_93148,0
238685_187953,1
238685_169574,0
238685_238444,1
238685_41340,1
238685_124221,1
238685_201364,1
238690_63961,1
238690_76289,1
238690_293576,1
238690_273340,1
238690_48785,1
238690_75833,1
238694_244283,0
238694_51584,1
238694_225103,1
238694_99325,0
238694_109128,1
238694_221732,0
238695_228676,1
238695_1051,0
238695_287015,1
238695_9517,1
238695_128543,0
238695_240860,0
238698_270169,1
238698_152143,0
238698_167425,0
238698_227559,0
238698_127608,1
238698_78977,0
238700_253298,1
238700_114670,1
238700_153469,0
238700_283760,0
238700_102597,0
238700_151027,1
238702_20895,0
238702_216671,1
238702_76492,1
238702_41243,1
238702_41843,1
238702_175142,1
238710_24607,1
238710_6408,0
238710_90370,0
238710_167790,1
238710_235460,1
238710_235600,1
238711_168465,1
238711_194804,1
238711_196755,1
238711_116010,0
238711_276392,1
238711_134816,1
238713_116537,0
238713_123978,0
238713_130623,0
238713_99448,0
238713_136123,0
238713_287918,0
238715_91721,0
238715_239409,0
238715_3860,0
238715_114459,0
238715_275816,0
238715_265541,0
238716_180229,0
238716_246838,0
238716_286243,0
238716_182268,0
238716_156905,1
238716_149710,1
238720_190154,0
238720_38502,1
238720_85130,1
238720_78157,1
238720_264629,0
238720_248700,0
238723_67678,0
238723_14241,1
238723_293773,0
238723_273164,0
238723_35571,1
238723_42732,1
238725_274758,0
238725_22062,0
238725_195921,0
238725_109336,0
238725_34824,0
238725_66685,0
238727_215812,1
238727_129916,0
238727_62620,0
238727_6173,1
238727_130543,0
238727_118170,1
238728_220488,1
238728_180770,1
238728_11413,1
238728_244768,1
238728_180729,0
238728_267390,1
238731_207604,0
238731_295623,1
238731_2529,0
238731_6672,1
238731_166444,0
238731_63516,0
238732_104424,0
238732_46911,1
238732_239573,0
238732_178394,0
238732_42366,0
238732_180443,0
238739_234345,0
238739_41275,0
238739_174124,1
238739_134456,0
238739_105125,1
238739_256755,0
238743_261450,1
238743_230797,1
238743_49886,0
238743_55244,0
238743_150250,1
238743_69427,0
238745_76021,0
238745_148555,1
238745_45631,0
238745_1158,1
238745_100439,0
238745_149751,0
238753_193711,1
238753_151189,1
238753_236695,1
238753_34031,0
238753_184940,1
238753_93787,1
238756_80992,0
238756_118759,0
238756_149658,1
238756_183711,0
238756_108998,1
238756_113219,1
238757_240786,1
238757_125452,1
238757_237331,0
238757_267422,1
238757_209776,1
238757_238638,0
238758_52853,1
238758_51122,1
238758_212439,1
238758_71203,1
238758_191175,0
238758_131301,0
238760_59158,1
238760_47822,0
238760_225550,0
238760_265963,1
238760_61778,1
238760_179546,0
238762_205353,1
238762_183571,0
238762_82931,1
238762_201393,1
238762_59870,1
238762_252608,1
238767_279521,1
238767_16374,1
238767_227347,0
238767_150110,1
238767_205926,1
238767_86732,1
238771_196470,1
238771_78530,1
238771_91106,0
238771_54650,1
238771_69708,0
238771_250287,1
238775_83168,0
238775_83158,1
238775_41728,0
238775_262257,0
238775_272332,1
238775_80725,0
238777_47044,0
238777_236595,0
238777_282307,1
238777_234441,1
238777_230571,0
238777_145847,1
238782_189365,0
238782_291302,0
238782_148702,1
238782_92064,1
238782_100077,1
238782_160104,1
238786_168065,0
238786_114129,0
238786_31868,0
238786_110124,0
238786_282465,0
238786_52082,0
238789_286863,0
238789_3481,0
238789_18701,0
238789_189037,0
238789_150719,0
238789_201668,0
238792_86170,1
238792_134310,0
238792_241950,0
238792_119772,1
238792_279521,1
238792_16388,0
238793_247946,1
238793_154498,0
238793_101683,0
238793_27776,0
238793_228509,1
238793_24951,0
238795_204887,0
238795_182222,1
238795_10640,0
238795_33709,0
238795_175941,1
238795_110698,1
238796_209275,0
238796_43542,0
238796_29546,0
238796_182297,0
238796_70166,0
238796_153532,0
238797_167945,1
238797_35669,1
238797_45459,1
238797_126309,1
238797_33680,1
238797_38254,1
238798_225386,0
238798_2129,1
238798_287657,0
238798_65494,1
238798_286329,1
238798_34889,0
238799_264360,0
238799_188194,0
238799_289978,0
238799_31440,0
238799_132076,0
238799_230797,0
238800_166994,0
238800_63975,0
238800_165653,0
238800_132003,1
238800_634,1
238800_99448,1
238801_288091,1
238801_150640,1
238801_212515,1
238801_197171,0
238801_269539,0
238801_48174,0
238802_58807,1
238802_150618,1
238802_59006,1
238802_214212,1
238802_171649,1
238802_278874,1
238805_7113,1
238805_47978,0
238805_11987,1
238805_43868,1
238805_10453,1
238805_226434,0
238808_125867,1
238808_277360,1
238808_40443,0
238808_173677,1
238808_217200,0
238808_182604,0
238809_74073,0
238809_38940,1
238809_179993,0
238809_81605,1
238809_29257,1
238809_37834,0
238810_257801,0
238810_155991,0
238810_24171,1
238810_125316,1
238810_153923,1
238810_103870,1
238812_150625,1
238812_283584,1
238812_288078,1
238812_103138,0
238812_215322,1
238812_263828,1
238814_94531,1
238814_110276,1
238814_119229,1
238814_153040,0
238814_82535,0
238814_189576,1
238817_8742,0
238817_102611,0
238817_253203,0
238817_8402,0
238817_225228,0
238817_242359,0
238823_60913,1
238823_281793,1
238823_275559,1
238823_71524,0
238823_54502,1
238823_157104,1
238824_170773,0
238824_293108,0
238824_231282,0
238824_20747,0
238824_268244,0
238824_196864,0
238825_257828,0
238825_179530,0
238825_35669,1
238825_13765,1
238825_67733,1
238825_53834,0
238826_282035,1
238826_149129,0
238826_1511,1
238826_271817,1
238826_82931,0
238826_247100,0
238828_256922,0
238828_245984,1
238828_151250,1
238828_180650,1
238828_231197,0
238828_205438,1
238829_132628,0
238829_126714,1
238829_188391,0
238829_172812,0
238829_41785,0
238829_217583,0
238831_41851,1
238831_158796,0
238831_153606,1
238831_159585,0
238831_252711,0
238831_92093,1
238832_26115,0
238832_181167,1
238832_6426,0
238832_30865,1
238832_149515,1
238832_273605,1
238833_191995,1
238833_134116,0
238833_246946,0
238833_20895,1
238833_63199,1
238833_121932,0
238840_237484,1
238840_115919,0
238840_167404,0
238840_136392,0
238840_17387,0
238840_224155,1
238842_47420,0
238842_254929,1
238842_289275,0
238842_122862,1
238842_283422,1
238842_200455,0
238844_198605,1
238844_257976,0
238844_193035,0
238844_268779,1
238844_122084,0
238844_26762,1
238845_26210,0
238845_69129,0
238845_152820,1
238845_177497,1
238845_220276,1
238845_292961,0
238852_40842,0
238852_226564,1
238852_4536,1
238852_277753,0
238852_138985,1
238852_184253,1
238855_240150,0
238855_235282,1
238855_251403,1
238855_102725,0
238855_249357,1
238855_149229,1
238856_47402,1
238856_231141,1
238856_291513,1
238856_213381,0
238856_208768,1
238856_254020,0
238857_252104,0
238857_151926,1
238857_159155,1
238857_107709,0
238857_144014,1
238857_116190,1
238858_230600,1
238858_65494,0
238858_153291,0
238858_112211,1
238858_112584,1
238858_92758,0
238860_64497,0
238860_119583,1
238860_83891,1
238860_277154,1
238860_170125,0
238860_114730,0
238862_93533,1
238862_238091,1
238862_87910,0
238862_1158,1
238862_5444,1
238862_180378,1
238863_130249,1
238863_254249,1
238863_49426,1
238863_10591,1
238863_41297,0
238863_165760,1
238865_91229,0
238865_192034,1
238865_251962,1
238865_143401,1
238865_12249,1
238865_183826,1
238867_54378,0
238867_128518,1
238867_8544,1
238867_170625,1
238867_188703,1
238867_212331,1
238869_43457,0
238869_57481,0
238869_14994,0
238869_70431,1
238869_943,0
238869_224508,0
238870_295516,1
238870_106106,0
238870_44207,0
238870_48450,1
238870_158113,0
238870_45234,1
238871_103319,1
238871_13796,1
238871_153923,1
238871_134511,0
238871_113827,1
238871_208733,1
238873_174481,1
238873_165376,0
238873_154016,1
238873_44677,0
238873_197941,1
238873_58457,0
238874_181408,0
238874_183140,1
238874_120734,1
238874_30877,1
238874_111874,1
238874_124804,1
238880_289330,1
238880_51468,1
238880_75750,0
238880_252262,1
238880_22196,0
238880_224508,1
238884_54683,0
238884_118194,0
238884_129397,1
238884_271351,0
238884_267988,1
238884_32312,1
238886_153836,0
238886_230725,0
238886_263040,0
238886_45733,0
238886_26690,0
238886_61880,0
238889_216012,0
238889_152652,0
238889_133883,0
238889_224072,0
238889_270133,0
238889_68499,0
238890_155189,1
238890_187050,1
238890_55488,0
238890_91566,1
238890_207110,1
238890_229531,1
238892_60074,1
238892_226380,1
238892_103269,1
238892_221618,0
238892_235471,1
238892_17790,0
238893_197270,1
238893_198595,0
238893_188328,1
238893_86732,1
238893_174171,0
238893_159936,1
238898_167592,1
238898_217557,1
238898_114844,0
238898_99448,0
238898_262944,1
238898_235930,1
238900_278717,0
238900_101871,0
238900_122429,0
238900_131564,1
238900_116408,0
238900_37154,1
238901_52753,0
238901_233152,0
238901_39465,1
238901_159946,1
238901_79644,0
238901_123997,1
238904_202690,1
238904_158572,1
238904_206776,0
238904_209370,0
238904_86376,1
238904_1864,1
238905_245995,1
238905_11861,0
238905_90722,1
238905_89110,1
238905_237168,0
238905_52219,0
238907_175364,0
238907_18067,1
238907_36051,0
238907_117205,1
238907_64968,1
238907_17427,0
238910_157188,0
238910_2194,1
238910_12690,1
238910_7188,1
238910_150772,1
238910_80798,1
238913_24483,0
238913_228605,1
238913_156008,1
238913_106866,0
238913_274802,1
238913_160262,1
238915_230633,1
238915_220528,0
238915_97903,1
238915_227527,0
238915_167597,0
238915_293315,1
238919_27187,1
238919_209,1
238919_169308,1
238919_125831,1
238919_80165,0
238919_33170,0
238923_153871,0
238923_155620,1
238923_55738,0
238923_68642,1
238923_232816,0
238923_10843,1
238925_295555,1
238925_198994,0
238925_50656,0
238925_265157,0
238925_122862,1
238925_172968,1
238928_260829,1
238928_131611,1
238928_187342,0
238928_116493,0
238928_69797,0
238928_87839,1
238932_271092,0
238932_37383,1
238932_83265,1
238932_250229,1
238932_90099,0
238932_59310,1
238935_107959,1
238935_183705,0
238935_194274,1
238935_190324,0
238935_149731,1
238935_169310,0
238938_113507,1
238938_173949,1
238938_36934,1
238938_187428,1
238938_291700,1
238938_86014,1
238940_160640,0
238940_83125,1
238940_146335,0
238940_9373,0
238940_197026,1
238940_171303,0
238942_197751,0
238942_148119,0
238942_208113,0
238942_75833,0
238942_46909,0
238942_272781,1
238945_52855,1
238945_69129,1
238945_108116,1
238945_179540,1
238945_158436,0
238945_85083,1
238947_239582,0
238947_168000,1
238947_104422,1
238947_267889,1
238947_64126,0
238947_219360,1
238949_43331,0
238949_135537,1
238949_163762,1
238949_165847,0
238949_214794,0
238949_142030,1
238950_17774,1
238950_226946,0
238950_127339,1
238950_253379,0
238950_228343,0
238950_91145,1
238953_47906,0
238953_86628,0
238953_267447,0
238953_168652,0
238953_131667,1
238953_247095,0
238955_114067,0
238955_173257,1
238955_169109,0
238955_267870,1
238955_221040,1
238955_155781,0
238956_177509,1
238956_62340,1
238956_157749,1
238956_271252,1
238956_133594,1
238956_78910,0
238957_5791,1
238957_237610,0
238957_107923,1
238957_60600,1
238957_67509,1
238957_216331,0
238960_155006,0
238960_293839,0
238960_41838,0
238960_200783,0
238960_216613,1
238960_134310,1
238964_250505,0
238964_198674,1
238964_229066,1
238964_145783,0
238964_153257,0
238964_273201,1
238969_216230,0
238969_247944,1
238969_184930,1
238969_136234,0
238969_80039,1
238969_210352,0
238970_264826,1
238970_183592,0
238970_78115,1
238970_153923,1
238970_20215,1
238970_111155,1
238971_262654,1
238971_37618,1
238971_83187,1
238971_180073,1
238971_244479,0
238971_270454,1
238972_60690,0
238972_256785,0
238972_148474,0
238972_285278,0
238972_69994,1
238972_242808,1
238973_169680,1
238973_135396,0
238973_268865,1
238973_50808,1
238973_262220,1
238973_97167,1
238985_61976,0
238985_64855,1
238985_250753,1
238985_202503,1
238985_119498,0
238985_117056,0
238992_102456,1
238992_97101,0
238992_254093,1
238992_120246,1
238992_92793,1
238992_208086,1
238996_226946,0
238996_61517,1
238996_236674,1
238996_69297,1
238996_195016,1
238996_67750,1
238998_286507,0
238998_56221,1
238998_39841,0
238998_171529,1
238998_19568,0
238998_122337,1
239000_107172,0
239000_207659,1
239000_235689,0
239000_192250,0
239000_140951,1
239000_208165,0
239001_97763,1
239001_25858,1
239001_254008,1
239001_288162,0
239001_24681,1
239001_83778,1
239002_141099,0
239002_85909,1
239002_189634,0
239002_183431,1
239002_294233,1
239002_169538,1
239004_99683,0
239004_47677,0
239004_58037,0
239004_47528,0
239004_42033,1
239004_95658,0
239006_15649,0
239006_264668,1
239006_15839,0
239006_164175,1
239006_37651,0
239006_70070,1
239007_205006,0
239007_210679,1
239007_281695,1
239007_116529,1
239007_269223,0
239007_206641,0
239008_146263,1
239008_198994,1
239008_164591,1
239008_177604,1
239008_291102,0
239008_36008,0
239009_207294,0
239009_241116,1
239009_289872,1
239009_44211,1
239009_145437,1
239009_37161,1
239013_71590,1
239013_111183,0
239013_60011,0
239013_225510,1
239013_267557,1
239013_192661,0
239024_70175,0
239024_106361,0
239024_84772,1
239024_22615,0
239024_40498,0
239024_294871,1
239027_215519,1
239027_145796,1
239027_217666,1
239027_164677,0
239027_4774,1
239027_251439,0
239031_37154,1
239031_227907,0
239031_168072,0
239031_251253,1
239031_240074,1
239031_66593,1
239034_82136,0
239034_229189,1
239034_162428,1
239034_256922,1
239034_70188,0
239034_77417,1
239035_213682,0
239035_124650,0
239035_229758,0
239035_279144,0
239035_86868,0
239035_275320,0
239039_271886,0
239039_278223,0
239039_20203,0
239039_141772,0
239039_80916,0
239039_223034,0
239040_207845,1
239040_234156,0
239040_242809,1
239040_17348,1
239040_235471,1
239040_271560,1
239044_181901,1
239044_131564,1
239044_53306,0
239044_193857,1
239044_200501,1
239044_230173,1
239045_23677,0
239045_61242,0
239045_88050,0
239045_145189,0
239045_238408,0
239045_56108,0
239051_24851,1
239051_5815,1
239051_267393,1
239051_135825,1
239051_153972,1
239051_192250,0
239053_134774,0
239053_7859,0
239053_74163,0
239053_278459,0
239053_172876,0
239053_296095,0
239054_55252,1
239054_206236,0
239054_45712,1
239054_231599,1
239054_269787,0
239054_253545,0
239057_277961,1
239057_119348,0
239057_250748,1
239057_137857,1
239057_932,1
239057_272763,0
239058_128541,1
239058_123209,1
239058_20754,1
239058_101494,0
239058_95580,0
239058_251785,0
239059_111874,1
239059_41532,1
239059_246114,1
239059_25039,0
239059_269111,1
239059_38287,0
239062_149252,0
239062_205127,0
239062_265963,0
239062_76685,0
239062_186376,0
239062_284816,0
239063_136141,0
239063_250011,1
239063_149376,0
239063_113179,0
239063_67139,0
239063_267611,0
239064_114265,1
239064_48000,0
239064_172977,0
239064_156293,0
239064_232937,0
239064_173007,0
239071_86624,1
239071_142425,1
239071_170260,0
239071_9977,1
239071_80665,1
239071_136807,1
239073_108792,0
239073_153183,1
239073_7423,0
239073_15839,1
239073_216124,0
239073_114730,1
239077_166762,0
239077_53103,0
239077_96979,1
239077_251774,0
239077_25666,1
239077_158931,1
239079_191821,1
239079_213932,0
239079_244608,1
239079_287168,0
239079_291065,1
239079_116190,1
239083_229916,1
239083_189375,0
239083_119577,0
239083_56437,0
239083_261900,0
239083_268310,0
239086_241098,1
239086_45712,1
239086_170331,1
239086_217768,1
239086_122652,1
239086_166703,1
239088_265709,1
239088_35569,1
239088_291128,1
239088_251785,0
239088_238389,1
239088_126806,1
239092_83575,0
239092_144499,0
239092_33227,0
239092_166287,1
239092_292863,1
239092_38168,1
239093_281844,1
239093_268388,1
239093_228469,1
239093_85194,1
239093_281608,0
239093_227278,1
239095_260879,0
239095_177739,1
239095_57625,0
239095_42291,1
239095_211072,1
239095_243299,0
239096_145624,1
239096_289823,1
239096_226320,1
239096_236914,1
239096_5573,1
239096_15405,1
239098_214851,1
239098_269579,0
239098_235889,1
239098_286426,1
239098_140334,1
239098_68206,1
239099_248430,0
239099_79655,0
239099_97004,0
239099_30742,0
239099_173627,0
239099_273740,0
239108_252326,1
239108_97925,1
239108_20010,1
239108_29324,0
239108_164818,0
239108_252285,0
239109_82026,1
239109_238083,0
239109_87859,0
239109_46756,1
239109_154861,1
239109_24632,1
239110_227587,1
239110_228644,1
239110_169730,0
239110_232890,1
239110_279148,0
239110_84091,0
239112_21392,1
239112_129103,0
239112_201896,0
239112_17985,1
239112_5735,1
239112_29228,1
239113_183307,0
239113_180574,0
239113_209134,0
239113_188838,0
239113_168855,0
239113_6507,0
239119_17348,1
239119_207422,1
239119_51670,0
239119_107959,1
239119_265278,1
239119_191764,0
239123_280294,0
239123_78217,0
239123_156544,1
239123_138915,0
239123_46242,1
239123_231875,0
239124_11469,0
239124_114682,1
239124_63433,0
239124_176879,0
239124_276939,0
239124_247129,1
239127_284909,0
239127_80443,1
239127_139312,0
239127_58037,1
239127_207442,1
239127_255073,0
239129_175211,1
239129_146276,1
239129_31009,0
239129_38839,0
239129_236268,0
239129_104207,1
239130_38287,1
239130_51849,0
239130_65696,1
239130_140971,0
239130_256601,1
239130_184767,1
239131_58667,1
239131_143570,1
239131_187847,1
239131_42557,1
239131_183690,0
239131_78093,1
239132_212727,0
239132_5203,0
239132_278448,0
239132_200293,0
239132_107420,0
239132_176586,0
239133_200293,1
239133_255065,1
239133_271794,1
239133_246874,1
239133_56525,1
239133_98640,1
239141_264110,1
239141_67932,1
239141_93808,1
239141_8252,1
239141_46869,1
239141_197914,0
239143_131224,0
239143_263963,1
239143_160564,0
239143_17934,0
239143_83232,1
239143_201816,1
239147_151942,1
239147_102631,1
239147_218982,1
239147_288488,1
239147_105450,1
239147_74142,1
239148_92910,0
239148_183567,0
239148_108078,0
239148_252291,0
239148_237635,1
239148_168462,1
239150_52166,1
239150_270515,1
239150_211270,0
239150_31842,1
239150_52753,0
239150_198341,1
239152_37764,0
239152_90395,0
239152_246627,0
239152_100697,0
239152_94106,1
239152_293022,0
239154_111874,1
239154_135278,1
239154_229894,1
239154_209473,0
239154_156913,1
239154_116889,0
239157_268974,1
239157_150766,1
239157_9209,1
239157_7114,0
239157_226194,1
239157_88123,0
239159_75469,1
239159_115579,1
239159_221953,1
239159_289946,0
239159_265432,0
239159_225874,1
239160_9514,0
239160_158864,0
239160_216125,0
239160_252656,0
239160_132007,0
239160_105904,0
239162_4536,1
239162_134903,0
239162_185962,1
239162_193711,0
239162_148541,1
239162_224534,1
239163_19357,1
239163_130804,1
239163_288783,1
239163_215220,1
239163_113588,1
239163_85229,0
239165_76477,1
239165_230797,1
239165_159637,1
239165_267359,1
239165_182840,1
239165_105155,1
239166_75833,0
239166_17882,0
239166_240094,0
239166_33644,1
239166_120603,1
239166_185349,1
239167_215470,0
239167_129338,1
239167_69226,1
239167_188159,0
239167_133004,0
239167_171605,0
239170_176182,0
239170_279246,1
239170_72875,1
239170_283018,1
239170_34354,0
239170_83182,1
239171_10186,1
239171_242159,0
239171_225054,1
239171_252291,0
239171_285429,1
239171_106550,1
239173_119006,0
239173_51231,1
239173_215339,1
239173_166131,0
239173_221601,0
239173_267083,1
239179_140348,1
239179_157425,1
239179_207401,1
239179_286927,1
239179_230864,0
239179_200247,0
239180_232955,0
239180_25196,1
239180_216999,0
239180_64346,0
239180_143219,0
239180_107049,0
239183_279034,0
239183_36935,0
239183_71588,1
239183_268182,0
239183_139490,1
239183_223398,0
239185_196878,1
239185_189679,0
239185_9970,0
239185_199297,0
239185_287076,1
239185_259598,0
239186_142675,0
239186_10717,0
239186_234329,1
239186_261910,1
239186_200797,0
239186_150337,1
239189_175560,1
239189_15035,0
239189_147237,0
239189_82275,1
239189_215132,0
239189_148457,1
239190_230460,1
239190_252839,1
239190_184347,0
239190_45594,0
239190_199099,1
239190_192672,1
239192_169325,1
239192_97552,1
239192_207285,0
239192_175884,0
239192_129916,1
239192_57788,0
239200_200438,1
239200_24231,0
239200_250816,1
239200_95377,0
239200_292304,1
239200_222443,0
239201_267879,1
239201_54636,1
239201_76352,0
239201_162847,1
239201_203679,1
239201_83385,1
239202_185800,0
239202_193752,0
239202_79000,0
239202_122337,1
239202_157760,0
239202_36048,0
239203_22370,1
239203_207948,0
239203_163106,1
239203_214812,1
239203_160253,0
239203_191183,1
239206_129880,0
239206_105893,1
239206_269685,0
239206_55575,0
239206_112519,0
239206_103241,0
239207_94774,0
239207_31303,0
239207_204679,1
239207_219476,0
239207_136275,1
239207_11425,1
239210_217200,0
239210_240003,1
239210_94809,0
239210_286426,1
239210_84995,1
239210_116603,0
239212_36131,1
239212_239303,0
239212_122532,1
239212_214851,1
239212_253665,1
239212_18051,1
239214_219002,0
239214_193860,1
239214_165846,1
239214_35399,0
239214_117832,0
239214_89200,1
239216_9422,1
239216_202570,1
239216_245668,1
239216_79655,1
239216_82835,0
239216_80589,0
239217_113379,1
239217_32226,1
239217_241059,0
239217_263852,0
239217_115550,1
239217_133381,1
239218_59418,0
239218_167069,0
239218_195488,0
239218_101871,0
239218_115579,0
239218_106125,0
239219_110496,0
239219_277054,0
239219_114437,0
239219_265084,0
239219_240854,0
239219_116741,0
239220_269164,0
239220_197416,1
239220_79396,0
239220_29383,0
239220_91409,1
239220_60331,1
239223_104997,1
239223_197588,0
239223_135435,1
239223_273185,1
239223_156250,1
239223_210478,1
239225_153565,0
239225_224135,0
239225_145876,1
239225_67881,1
239225_224417,0
239225_51675,0
239228_73963,1
239228_94531,1
239228_141871,1
239228_207659,0
239228_246311,0
239228_150719,0
239231_174622,0
239231_260119,1
239231_157501,0
239231_130097,1
239231_246923,1
239231_224494,0
239232_288741,1
239232_151623,1
239232_203206,0
239232_72911,1
239232_172209,0
239232_247100,0
239235_65494,1
239235_83066,1
239235_2535,1
239235_273164,0
239235_63855,1
239235_5738,1
239236_10080,1
239236_185586,1
239236_266065,1
239236_29189,1
239236_143681,1
239236_76624,1
239238_101828,0
239238_4027,1
239238_134877,1
239238_254181,0
239238_237211,1
239238_246911,0
239239_143681,1
239239_9595,1
239239_149126,0
239239_92843,1
239239_97524,0
239239_55138,0
239240_188657,1
239240_254590,0
239240_243273,1
239240_31714,0
239240_154543,0
239240_21895,1
239242_70268,1
239242_207401,1
239242_123687,0
239242_197897,0
239242_15715,1
239242_98681,1
239247_156915,1
239247_79131,1
239247_142962,1
239247_224658,0
239247_88816,0
239247_79240,1
239250_194374,1
239250_105739,1
239250_76685,1
239250_267012,0
239250_251937,1
239250_70555,1
239251_251147,0
239251_214185,1
239251_277065,1
239251_231206,1
239251_201745,0
239251_288404,1
239252_69129,1
239252_90219,1
239252_99612,1
239252_171986,0
239252_76865,0
239252_139607,0
239253_72878,0
239253_292863,0
239253_27420,0
239253_98681,0
239253_96691,0
239253_76392,0
239257_55916,0
239257_105491,1
239257_186341,0
239257_192375,0
239257_197919,1
239257_207829,1
239258_41121,1
239258_110256,1
239258_54690,1
239258_17891,1
239258_110391,0
239258_98878,1
239262_224201,1
239262_196758,1
239262_200166,1
239262_65096,1
239262_46756,1
239262_199682,0
239263_49046,0
239263_203970,1
239263_170773,0
239263_187923,1
239263_11588,0
239263_171025,0
239264_88839,1
239264_233466,0
239264_270004,0
239264_198324,0
239264_117244,0
239264_120213,1
239265_127563,1
239265_42460,1
239265_55389,1
239265_92677,1
239265_48632,1
239265_95726,1
239268_278687,1
239268_107707,1
239268_251262,1
239268_266340,0
239268_8147,0
239268_225598,0
239270_291238,0
239270_63298,1
239270_120563,1
239270_163106,1
239270_90198,0
239270_295380,0
239271_258883,1
239271_42331,1
239271_261797,1
239271_17882,1
239271_271252,1
239271_269585,0
239274_261695,1
239274_4993,1
239274_117258,0
239274_243020,0
239274_294049,0
239274_18748,1
239275_170280,0
239275_88346,1
239275_187564,1
239275_243335,1
239275_52289,1
239275_279597,0
239279_33195,1
239279_223191,1
239279_172498,1
239279_62297,1
239279_231906,0
239279_153923,0
239280_246583,0
239280_269098,0
239280_294067,0
239280_165966,1
239280_102452,1
239280_257520,0
239281_211277,0
239281_146496,1
239281_114293,0
239281_57581,1
239281_174293,1
239281_90742,1
239282_20797,1
239282_279014,1
239282_164793,1
239282_142898,0
239282_169659,0
239282_278582,1
239284_122637,0
239284_267032,0
239284_80151,0
239284_54217,0
239284_84192,0
239284_112017,1
239287_146618,0
239287_138809,0
239287_73477,0
239287_240753,1
239287_253486,1
239287_161398,1
239290_154323,0
239290_62333,0
239290_234891,0
239290_17323,0
239290_92770,0
239290_212009,0
239292_263435,0
239292_160367,0
239292_54921,1
239292_97034,0
239292_214776,0
239292_91177,0
239295_81531,1
239295_163987,1
239295_239689,1
239295_293639,0
239295_89274,0
239295_210682,0
239296_62940,0
239296_253665,0
239296_160239,1
239296_171045,0
239296_221810,0
239296_77021,1
239298_240816,0
239298_165644,1
239298_206582,0
239298_93033,0
239298_20953,1
239298_65494,0
239299_243960,1
239299_273123,0
239299_36405,0
239299_152229,1
239299_44355,1
239299_156293,1
239300_26453,0
239300_125849,1
239300_43077,1
239300_39840,1
239300_127129,1
239300_111014,1
239302_71402,0
239302_278582,1
239302_72875,1
239302_79131,1
239302_39252,1
239302_161370,1
239305_223796,1
239305_182224,0
239305_67356,0
239305_152820,0
239305_195551,1
239305_186914,0
239306_133701,1
239306_70376,0
239306_139654,1
239306_33761,1
239306_142402,1
239306_45150,1
239308_141484,0
239308_40651,1
239308_139119,0
239308_140230,0
239308_204836,0
239308_173902,0
239312_29056,1
239312_199598,0
239312_160466,0
239312_82856,1
239312_32923,0
239312_278789,1
239314_195366,0
239314_114760,1
239314_46262,1
239314_98837,0
239314_189636,0
239314_213142,1
239322_155240,0
239322_87884,0
239322_112211,1
239322_163770,1
239322_179772,0
239322_168490,0
239323_29302,1
239323_53597,1
239323_153040,1
239323_281330,0
239323_142715,1
239323_222558,0
239326_154571,0
239326_52384,1
239326_63199,1
239326_143565,1
239326_128680,0
239326_75469,0
239328_74774,1
239328_80820,1
239328_51278,0
239328_213347,1
239328_195705,1
239328_173390,0
239330_605,0
239330_4930,1
239330_61687,0
239330_160023,1
239330_274391,1
239330_73557,0
239331_152524,0
239331_12667,0
239331_109884,0
239331_130476,1
239331_139312,1
239331_92601,1
239332_87671,1
239332_3324,1
239332_92793,1
239332_270004,0
239332_272597,0
239332_267088,1
239334_100659,0
239334_94753,0
239334_159936,0
239334_273608,1
239334_14070,1
239334_136523,1
239335_201726,1
239335_161757,1
239335_145938,1
239335_276208,1
239335_58384,1
239335_32226,1
239336_26099,1
239336_76149,0
239336_177255,1
239336_57312,0
239336_11594,0
239336_63433,1
239338_248870,1
239338_6522,1
239338_22242,0
239338_108780,1
239338_56154,1
239338_173349,1
239343_41996,0
239343_148157,1
239343_102349,0
239343_220068,0
239343_290148,0
239343_38312,0
239345_45219,0
239345_155798,1
239345_269099,1
239345_258694,0
239345_74090,1
239345_42815,0
239346_207033,1
239346_225438,1
239346_148087,0
239346_293535,1
239346_110391,1
239346_198346,1
239349_26351,0
239349_37539,0
239349_283814,0
239349_108120,0
239349_18933,0
239349_295659,0
239350_294314,1
239350_282813,1
239350_253276,1
239350_121095,1
239350_8470,1
239350_31333,0
239356_241491,0
239356_153888,1
239356_271877,1
239356_159609,0
239356_212354,0
239356_237825,0
239359_216947,1
239359_146570,1
239359_14988,1
239359_104424,0
239359_20052,0
239359_262834,0
239361_220488,1
239361_139745,1
239361_197350,1
239361_62665,1
239361_239570,1
239361_69153,0
239363_14153,0
239363_69860,0
239363_113252,0
239363_19694,0
239363_212677,0
239363_230460,0
239365_135175,0
239365_250753,1
239365_21493,1
239365_142408,1
239365_65494,0
239365_255388,0
239367_284781,0
239367_230333,0
239367_293520,1
239367_22382,0
239367_83093,0
239367_100879,0
239368_190099,0
239368_84920,0
239368_45733,0
239368_134510,0
239368_207491,0
239368_282418,0
239369_168408,1
239369_229304,1
239369_27209,0
239369_281981,0
239369_246923,1
239369_12020,0
239373_205849,0
239373_196455,1
239373_153843,0
239373_50562,1
239373_109937,0
239373_96873,0
239374_21159,1
239374_205148,0
239374_293232,0
239374_66886,1
239374_184603,1
239374_150681,0
239375_133296,0
239375_96640,0
239375_3585,0
239375_115543,1
239375_106697,0
239375_125236,0
239377_44489,1
239377_83077,0
239377_74460,1
239377_159830,1
239377_149337,1
239377_22730,1
239384_81246,1
239384_95549,1
239384_66593,0
239384_43337,1
239384_12384,0
239384_61421,0
239387_234643,0
239387_295805,0
239387_65461,0
239387_159183,0
239387_259323,0
239387_226392,0
239390_2347,1
239390_24349,1
239390_236775,1
239390_115967,1
239390_80191,1
239390_118557,1
239391_101201,1
239391_33774,0
239391_31102,1
239391_98392,1
239391_13625,0
239391_213308,0
239393_251133,1
239393_51145,1
239393_266072,0
239393_126448,1
239393_97522,1
239393_166246,0
239403_5718,1
239403_208863,1
239403_271713,0
239403_160613,1
239403_156387,1
239403_80863,0
239405_110014,1
239405_82468,1
239405_93787,1
239405_187847,1
239405_185734,0
239405_137128,1
239408_32135,1
239408_287471,1
239408_61827,1
239408_15270,0
239408_118745,0
239408_219030,0
239409_51515,0
239409_42050,1
239409_188352,1
239409_108078,1
239409_226077,1
239409_175812,1
239411_116128,1
239411_60205,1
239411_17996,1
239411_8665,1
239411_109487,1
239411_115163,1
239412_234818,0
239412_177085,0
239412_48632,0
239412_66989,1
239412_6277,0
239412_277969,1
239413_55598,0
239413_249778,0
239413_260547,1
239413_78712,1
239413_192599,1
239413_63104,0
239416_243646,0
239416_198339,1
239416_99374,1
239416_133304,1
239416_263511,1
239416_39757,0
239417_142715,1
239417_104207,1
239417_177982,1
239417_12003,1
239417_178849,0
239417_182932,1
239424_125958,1
239424_211822,1
239424_1779,0
239424_27231,1
239424_29009,1
239424_64735,1
239425_236797,0
239425_37938,0
239425_114465,0
239425_63869,1
239425_136245,1
239425_136336,0
239426_127879,0
239426_163317,0
239426_171077,0
239426_118642,0
239426_39046,0
239426_114633,0
239427_92958,1
239427_104207,1
239427_211324,0
239427_24060,0
239427_182602,0
239427_165575,0
239432_133594,1
239432_264826,0
239432_238705,1
239432_14408,1
239432_159259,1
239432_280111,1
239433_118129,0
239433_73508,0
239433_25100,0
239433_231458,0
239433_72280,0
239433_133985,0
239434_109544,1
239434_105829,1
239434_179800,0
239434_96738,0
239434_115579,1
239434_31440,1
239436_86517,0
239436_246593,1
239436_264558,1
239436_94893,1
239436_246923,0
239436_98027,0
239445_75878,0
239445_191060,0
239445_227396,1
239445_97522,1
239445_121810,1
239445_190030,0
239447_55755,1
239447_103697,1
239447_101494,1
239447_216738,1
239447_183431,1
239447_221248,1
239449_80838,0
239449_55678,0
239449_259631,0
239449_293310,0
239449_159801,1
239449_155589,1
239450_98243,0
239450_246946,1
239450_201745,1
239450_258283,0
239450_61826,1
239450_62947,0
239451_61277,1
239451_93591,0
239451_151858,1
239451_243458,0
239451_134510,1
239451_241349,1
239456_6162,1
239456_85295,1
239456_153710,0
239456_256087,0
239456_158548,1
239456_49416,0
239459_198105,0
239459_30882,0
239459_71402,1
239459_203068,0
239459_65494,1
239459_124109,1
239462_288816,1
239462_54636,0
239462_146661,0
239462_127293,1
239462_158492,0
239462_263376,1
239463_156480,0
239463_151503,0
239463_119532,1
239463_169773,0
239463_179298,1
239463_216947,0
239464_151647,1
239464_113576,1
239464_4237,1
239464_134403,1
239464_176405,1
239464_150850,0
239465_187919,0
239465_60129,1
239465_102495,1
239465_220131,1
239465_281329,0
239465_216028,1
239471_72878,1
239471_212105,0
239471_183079,0
239471_261384,1
239471_81739,0
239471_290233,1
239473_152626,1
239473_119986,0
239473_147576,0
239473_60175,0
239473_266490,0
239473_283113,0
239476_52617,1
239476_86430,1
239476_166592,1
239476_93292,1
239476_273047,1
239476_78499,1
239482_53638,0
239482_75582,1
239482_108,1
239482_180235,0
239482_68305,1
239482_204679,0
239483_176484,1
239483_170344,0
239483_231206,1
239483_13401,1
239483_96424,0
239483_14206,0
239484_220317,1
239484_145823,1
239484_22468,1
239484_93973,1
239484_254349,1
239484_230797,1
239486_143570,1
239486_208539,0
239486_242470,0
239486_242248,0
239486_281574,0
239486_25316,0
239489_249717,1
239489_238151,0
239489_226915,1
239489_108397,1
239489_95924,1
239489_23888,1
239492_65707,0
239492_283491,1
239492_143533,0
239492_85844,1
239492_57625,0
239492_31066,1
239493_262921,1
239493_128732,1
239493_85914,1
239493_3596,0
239493_232343,1
239493_1743,1
239494_8244,1
239494_114723,0
239494_28439,0
239494_124029,1
239494_42639,0
239494_20189,1
239496_164951,0
239496_143811,0
239496_93668,1
239496_162889,0
239496_116376,1
239496_89877,1
239497_183112,1
239497_135089,0
239497_74464,1
239497_119772,1
239497_104542,1
239497_254874,1
239498_132003,1
239498_230811,1
239498_13690,1
239498_214979,1
239498_2045,1
239498_47677,1
239500_129543,1
239500_12742,1
239500_275559,0
239500_45223,1
239500_68062,1
239500_86347,1
239502_129684,1
239502_139535,0
239502_124231,1
239502_247862,1
239502_42334,0
239502_275379,1
239504_172741,0
239504_93015,0
239504_84643,1
239504_134510,1
239504_25993,1
239504_152376,1
239509_221998,1
239509_256174,0
239509_191770,0
239509_228261,0
239509_256819,1
239509_55613,1
239510_128307,0
239510_78078,0
239510_185243,0
239510_247491,1
239510_13796,1
239510_55958,0
239512_256057,1
239512_289336,1
239512_292350,0
239512_238748,1
239512_50334,1
239512_268169,1
239513_117552,0
239513_35243,0
239513_264462,0
239513_76675,0
239513_262192,0
239513_81181,0
239516_58361,1
239516_6112,0
239516_289574,1
239516_19985,0
239516_287107,0
239516_77330,1
239519_214731,0
239519_51667,0
239519_71685,0
239519_48379,0
239519_133906,0
239519_204007,0
239520_12501,0
239520_147585,0
239520_186152,0
239520_132003,0
239520_166,0
239520_239367,0
239522_4059,0
239522_22262,0
239522_168502,1
239522_63471,0
239522_208952,1
239522_143570,1
239524_217483,1
239524_274077,1
239524_78852,1
239524_70122,1
239524_140411,1
239524_219287,1
239526_193439,0
239526_215643,0
239526_180020,1
239526_244691,0
239526_253296,0
239526_271159,1
239527_186046,1
239527_171454,1
239527_181442,1
239527_186512,1
239527_204077,0
239527_162524,1
239528_55974,0
239528_28144,0
239528_217290,1
239528_185295,1
239528_40041,1
239528_69386,1
239530_168073,1
239530_74098,1
239530_9183,1
239530_71004,0
239530_239570,0
239530_211560,0
239531_256132,1
239531_246777,1
239531_212633,1
239531_134414,0
239531_138914,0
239531_26225,0
239533_253143,0
239533_288091,1
239533_230842,1
239533_70788,1
239533_275073,0
239533_191210,1
239535_78879,0
239535_84099,1
239535_149874,0
239535_230797,1
239535_234091,0
239535_128470,1
239543_258252,0
239543_217583,0
239543_166193,1
239543_149742,1
239543_6532,1
239543_208517,1
239549_31440,1
239549_35248,1
239549_92498,1
239549_132777,1
239549_187117,1
239549_275576,0
239551_216012,0
239551_183955,0
239551_269778,0
239551_248452,1
239551_22141,1
239551_256424,1
239554_18486,0
239554_7235,0
239554_205116,1
239554_226962,0
239554_90303,1
239554_16498,0
239556_124188,0
239556_67567,1
239556_29345,0
239556_12497,0
239556_56451,0
239556_191183,1
239560_231220,1
239560_119648,1
239560_230496,1
239560_103111,0
239560_105836,0
239560_21493,0
239561_7221,0
239561_134336,0
239561_160290,0
239561_137615,0
239561_190549,0
239561_114968,1
239562_136259,0
239562_206992,0
239562_230842,1
239562_249827,1
239562_173538,0
239562_24748,1
239564_241106,0
239564_54690,1
239564_176284,0
239564_245127,1
239564_59438,0
239564_210352,1
239566_56869,1
239566_142391,0
239566_260182,0
239566_6233,0
239566_206902,0
239566_7596,0
239567_162593,0
239567_34353,1
239567_169030,1
239567_6037,1
239567_60706,1
239567_58972,0
239569_136255,0
239569_251902,1
239569_131453,1
239569_51665,1
239569_75592,0
239569_190149,0
239570_50089,0
239570_84030,0
239570_97522,1
239570_85642,0
239570_19046,0
239570_72878,1
239573_221953,0
239573_30547,0
239573_159406,0
239573_191724,0
239573_115743,0
239573_211610,0
239574_150772,1
239574_41351,1
239574_264185,1
239574_160012,1
239574_61826,0
239574_109544,1
239575_113520,1
239575_280859,1
239575_281955,0
239575_219640,0
239575_165376,1
239575_127195,1
239578_252371,0
239578_236289,0
239578_34136,1
239578_249441,1
239578_194975,0
239578_184541,0
239579_89641,1
239579_200166,1
239579_269227,1
239579_106892,1
239579_26762,1
239579_150037,1
239586_181386,0
239586_232780,0
239586_56869,0
239586_148294,0
239586_152401,0
239586_40373,0
239595_158699,1
239595_146264,1
239595_86266,0
239595_221371,1
239595_207656,1
239595_230910,1
239596_182869,1
239596_142858,0
239596_141058,1
239596_292629,1
239596_164745,1
239596_280452,1
239602_56869,1
239602_125926,0
239602_142675,1
239602_197897,0
239602_108560,1
239602_272842,0
239606_56577,0
239606_225893,1
239606_132003,1
239606_41855,0
239606_10696,1
239606_250266,0
239609_123963,0
239609_273388,0
239609_212790,0
239609_62547,0
239609_111423,0
239609_124296,0
239610_145722,0
239610_76043,0
239610_86427,0
239610_191903,0
239610_138897,0
239610_118170,0
239611_26532,1
239611_233085,0
239611_139125,0
239611_170522,0
239611_278582,1
239611_13495,1
239613_73425,1
239613_44675,0
239613_219612,0
239613_103775,1
239613_12646,1
239613_254092,0
239617_92711,0
239617_97542,0
239617_231466,0
239617_217461,0
239617_70222,0
239617_225329,1
239620_45900,1
239620_45295,1
239620_103269,0
239620_154982,0
239620_8244,1
239620_201532,0
239621_19615,1
239621_283874,1
239621_258003,1
239621_30437,0
239621_108634,1
239621_221302,0
239623_108120,0
239623_191712,1
239623_25694,1
239623_221124,1
239623_245376,0
239623_156913,1
239624_39575,0
239624_256132,1
239624_97418,1
239624_191995,1
239624_85596,0
239624_206798,0
239625_113932,1
239625_206786,1
239625_31422,1
239625_36406,0
239625_169169,1
239625_285465,1
239626_182926,1
239626_51876,1
239626_77976,0
239626_198930,0
239626_281858,0
239626_265232,1
239627_16500,1
239627_38168,1
239627_271092,0
239627_204414,1
239627_52572,1
239627_90200,1
239628_69913,0
239628_101427,1
239628_266022,1
239628_230358,0
239628_289237,1
239628_283687,0
239629_146109,1
239629_87244,0
239629_66324,0
239629_21813,0
239629_287204,1
239629_244835,0
239630_270781,0
239630_110918,0
239630_234849,0
239630_89556,0
239630_170014,0
239630_96522,0
239631_42395,0
239631_92589,0
239631_52617,1
239631_87237,0
239631_22398,1
239631_128420,0
239633_170180,0
239633_213535,0
239633_209370,1
239633_137079,1
239633_182318,1
239633_44210,1
239634_117872,0
239634_127069,1
239634_26204,1
239634_37004,1
239634_57977,1
239634_125531,1
239637_224128,0
239637_181992,1
239637_90154,1
239637_30870,1
239637_42530,1
239637_105328,0
239638_90066,1
239638_261655,0
239638_161504,0
239638_48370,0
239638_277671,0
239638_15178,1
239643_69236,1
239643_247942,1
239643_90219,1
239643_81061,1
239643_294437,0
239643_149390,0
239645_77233,1
239645_248534,0
239645_21037,0
239645_207659,1
239645_185295,1
239645_86976,1
239648_191748,1
239648_77417,1
239648_31051,1
239648_103870,1
239648_70944,0
239648_208755,1
239649_155158,1
239649_186266,1
239649_128541,1
239649_188312,1
239649_214438,0
239649_258448,0
239652_159726,0
239652_230019,0
239652_127726,0
239652_3228,0
239652_100499,0
239652_55455,1
239653_121408,1
239653_150657,1
239653_70177,1
239653_183448,0
239653_150748,1
239653_231680,1
239656_95641,1
239656_135462,1
239656_144249,1
239656_111524,0
239656_1562,0
239656_74879,0
239660_123209,0
239660_98216,0
239660_72847,0
239660_195249,0
239660_142408,0
239660_290589,0
239662_229510,1
239662_190921,1
239662_110276,1
239662_98851,1
239662_78336,1
239662_234047,0
239663_166203,0
239663_17218,0
239663_221260,0
239663_216343,1
239663_168759,0
239663_254625,0
239666_176586,1
239666_9730,0
239666_29189,1
239666_216028,1
239666_128595,0
239666_91475,1
239667_278982,0
239667_4758,0
239667_79169,0
239667_170370,0
239667_235725,0
239667_16232,0
239671_190154,1
239671_191995,1
239671_29189,1
239671_77048,1
239671_34230,1
239671_192250,1
239672_30979,1
239672_36181,0
239672_219216,0
239672_277560,0
239672_122660,0
239672_217557,1
239674_264814,1
239674_232937,0
239674_242074,0
239674_24080,1
239674_77048,1
239674_273427,0
239676_270406,1
239676_13363,1
239676_60943,1
239676_200793,1
239676_215945,0
239676_234425,1
239678_204836,1
239678_68198,1
239678_143081,1
239678_157155,0
239678_57311,0
239678_116743,0
239679_49098,0
239679_280976,1
239679_97189,0
239679_10667,0
239679_156112,0
239679_264575,1
239680_268388,1
239680_29232,0
239680_478,1
239680_129226,1
239680_62423,1
239680_219639,0
239683_187847,0
239683_221376,1
239683_262538,0
239683_163315,0
239683_269998,1
239683_45277,0
239689_236388,1
239689_94287,0
239689_235541,0
239689_208755,1
239689_27334,1
239689_97167,1
239690_153183,1
239690_96378,1
239690_42632,0
239690_228529,0
239690_93510,1
239690_83168,0
239691_106165,0
239691_85777,1
239691_106186,1
239691_97522,1
239691_261970,1
239691_113050,1
239692_20819,0
239692_166104,0
239692_211373,1
239692_71272,1
239692_220478,1
239692_22994,0
239694_197557,1
239694_23465,1
239694_42375,1
239694_8605,0
239694_130750,0
239694_127455,0
239698_144095,0
239698_70509,1
239698_137128,1
239698_128553,0
239698_223800,0
239698_227518,1
239699_286971,0
239699_260742,0
239699_111874,1
239699_254625,1
239699_235491,0
239699_144357,1
239705_113812,0
239705_272483,1
239705_48124,1
239705_248537,1
239705_151554,0
239705_25893,1
239708_240664,1
239708_205890,0
239708_130385,0
239708_162107,0
239708_146376,0
239708_167673,0
239710_260955,0
239710_22451,0
239710_267803,0
239710_264002,0
239710_135501,1
239710_208829,0
239713_260633,0
239713_16833,1
239713_285491,0
239713_272440,0
239713_227711,0
239713_121416,1
239717_115261,1
239717_253486,1
239717_194901,1
239717_246593,1
239717_173616,0
239717_202601,1
239718_134701,1
239718_27519,0
239718_147466,1
239718_123602,0
239718_151042,0
239718_268388,1
239719_254215,1
239719_146570,1
239719_278582,1
239719_291238,1
239719_38168,1
239719_251025,1
239720_82189,1
239720_151865,1
239720_78684,1
239720_270377,1
239720_230910,1
239720_11346,1
239721_258828,1
239721_89641,1
239721_186457,1
239721_92498,1
239721_66338,0
239721_97522,0
239723_257277,0
239723_197524,0
239723_286001,1
239723_81271,0
239723_69951,1
239723_77650,0
239725_128562,1
239725_282970,0
239725_39896,1
239725_81539,0
239725_122943,0
239725_20124,0
239726_281218,0
239726_194810,0
239726_9852,1
239726_163317,1
239726_203014,1
239726_163599,0
239733_160574,0
239733_295290,0
239733_200797,0
239733_39318,0
239733_28731,0
239733_42516,0
239735_150719,1
239735_219726,0
239735_265709,1
239735_22600,0
239735_280411,0
239735_66948,0
239736_84824,1
239736_177205,1
239736_2924,0
239736_256303,1
239736_90684,1
239736_87673,1
239737_173659,1
239737_253012,1
239737_152229,1
239737_227397,0
239737_57823,0
239737_194585,0
239738_218252,1
239738_182888,1
239738_279014,1
239738_29381,1
239738_110055,1
239738_156219,1
239739_99448,1
239739_251972,0
239739_133343,1
239739_61834,1
239739_216343,1
239739_8631,0
239742_167657,1
239742_230236,1
239742_221237,0
239742_31300,1
239742_12397,0
239742_221077,1
239743_143033,0
239743_227594,1
239743_151413,0
239743_246098,0
239743_288413,1
239743_205439,1
239746_130133,1
239746_190702,0
239746_120291,1
239746_225433,1
239746_37624,1
239746_179298,0
239749_33120,1
239749_232705,1
239749_27372,0
239749_61827,1
239749_4422,0
239749_72771,1
239756_26085,1
239756_71010,1
239756_145316,1
239756_67778,1
239756_273185,1
239756_126366,1
239760_94007,0
239760_119755,1
239760_78132,0
239760_244073,1
239760_37558,1
239760_225326,1
239761_129432,1
239761_81337,1
239761_180785,1
239761_164787,1
239761_37162,1
239761_256368,0
239768_56811,1
239768_122386,1
239768_37154,1
239768_30794,0
239768_282237,1
239768_208093,1
239772_248440,0
239772_236553,0
239772_8667,0
239772_230883,0
239772_276782,0
239772_271252,0
239773_29595,1
239773_192093,1
239773_26476,0
239773_93055,1
239773_205320,0
239773_237889,0
239780_275223,1
239780_94809,0
239780_94829,0
239780_65825,0
239780_48882,1
239780_51516,0
239781_91954,0
239781_211858,0
239781_273400,1
239781_138683,0
239781_120350,1
239781_121931,1
239782_229366,1
239782_138279,1
239782_153923,0
239782_56901,1
239782_134774,0
239782_43067,0
239784_185828,0
239784_81664,1
239784_295582,1
239784_232306,1
239784_3776,0
239784_249335,0
239787_250639,0
239787_71809,1
239787_170809,1
239787_295516,1
239787_78684,1
239787_33879,0
239791_263647,0
239791_252799,0
239791_163315,0
239791_254625,0
239791_223026,0
239791_51234,0
239792_85690,0
239792_192839,0
239792_179829,0
239792_203361,0
239792_107922,0
239792_141302,0
239793_135169,0
239793_199099,0
239793_4620,0
239793_109352,1
239793_167646,1
239793_239877,0
239794_257872,1
239794_126992,1
239794_140529,0
239794_250273,1
239794_108780,1
239794_78249,0
239796_225095,0
239796_124329,0
239796_253728,1
239796_13319,1
239796_116470,1
239796_235816,1
239799_182181,1
239799_104738,0
239799_284252,0
239799_125718,1
239799_55919,1
239799_163014,0
239804_231206,0
239804_219556,0
239804_272575,1
239804_221248,1
239804_223859,0
239804_187388,0
239806_38543,1
239806_150473,1
239806_29409,1
239806_103870,1
239806_225974,1
239806_279781,0
239808_216690,0
239808_247481,1
239808_183998,1
239808_249582,1
239808_159258,0
239808_192375,1
239810_164573,1
239810_236455,0
239810_65502,0
239810_152449,0
239810_170159,0
239810_39788,1
239811_224508,1
239811_211650,0
239811_282423,1
239811_287949,1
239811_67905,1
239811_291238,1
239816_83984,0
239816_76392,0
239816_237575,1
239816_113923,1
239816_68862,0
239816_177931,1
239818_265932,0
239818_61934,0
239818_193122,1
239818_38032,1
239818_235687,0
239818_273164,0
239819_252062,0
239819_55,1
239819_271416,1
239819_225646,1
239819_69129,1
239819_175443,1
239825_36691,0
239825_238633,1
239825_254875,1
239825_120535,1
239825_19615,1
239825_126308,1
239827_54310,0
239827_197068,1
239827_174007,0
239827_279563,0
239827_201734,1
239827_48325,1
239829_18433,1
239829_77875,0
239829_190154,1
239829_1693,1
239829_57951,0
239829_200227,1
239833_117244,0
239833_32078,1
239833_195854,1
239833_242559,0
239833_291248,1
239833_222397,0
239834_71287,1
239834_241646,0
239834_61934,0
239834_23642,1
239834_75679,1
239834_83093,1
239835_289054,0
239835_232332,0
239835_224508,1
239835_195853,0
239835_267581,0
239835_11535,1
239836_80767,0
239836_96473,1
239836_226606,1
239836_101449,1
239836_281016,1
239836_3419,1
239841_61034,0
239841_97932,0
239841_273715,0
239841_253333,0
239841_27775,1
239841_237559,0
239843_150843,1
239843_96823,1
239843_152843,1
239843_153710,0
239843_268810,0
239843_63975,0
239844_281016,1
239844_287260,1
239844_71059,1
239844_260541,0
239844_57083,1
239844_182289,0
239847_156938,0
239847_45288,1
239847_63080,0
239847_261910,0
239847_156483,0
239847_262744,1
239848_265173,0
239848_198994,0
239848_261160,0
239848_76043,0
239848_261346,0
239848_261604,0
239853_25624,1
239853_292009,0
239853_42966,1
239853_221201,0
239853_94498,1
239853_238121,1
239856_63726,1
239856_27291,1
239856_174747,1
239856_104222,0
239856_226946,0
239856_142142,0
239858_634,0
239858_45786,0
239858_167323,1
239858_178949,0
239858_67406,0
239858_280808,0
239860_51264,1
239860_22728,1
239860_223953,0
239860_49451,0
239860_121053,1
239860_142770,1
239861_186862,1
239861_10062,1
239861_151926,0
239861_66685,1
239861_111470,0
239861_180956,0
239862_5638,1
239862_13343,1
239862_140019,0
239862_141176,0
239862_189775,1
239862_255196,0
239863_800,1
239863_91586,1
239863_204172,1
239863_263249,1
239863_55762,0
239863_82443,1
239867_53990,0
239867_219489,0
239867_77048,0
239867_61385,1
239867_123687,1
239867_11862,1
239872_73241,0
239872_126886,0
239872_164562,0
239872_291675,0
239872_248700,0
239872_96084,0
239873_70122,0
239873_256819,0
239873_135089,0
239873_93620,1
239873_65466,0
239873_71123,0
239874_166852,1
239874_107089,0
239874_106318,1
239874_197722,0
239874_262421,1
239874_77875,1
239875_20203,1
239875_69797,1
239875_247100,1
239875_232844,0
239875_204560,1
239875_290150,1
239876_171539,0
239876_161839,0
239876_33762,0
239876_258858,1
239876_110556,1
239876_230460,0
239877_134225,1
239877_72771,1
239877_97522,1
239877_109151,1
239877_235737,1
239877_269266,0
239881_174092,0
239881_164871,0
239881_187071,0
239881_83583,1
239881_236929,1
239881_44094,1
239883_171306,0
239883_227283,1
239883_166771,1
239883_42703,0
239883_98055,1
239883_255781,0
239884_50499,1
239884_179974,1
239884_218019,0
239884_233616,1
239884_188639,1
239884_37161,0
239885_5502,1
239885_176639,1
239885_123232,1
239885_135070,0
239885_104584,1
239885_103464,1
239888_30405,0
239888_192535,0
239888_59296,1
239888_271003,1
239888_23679,1
239888_73675,0
239894_18870,0
239894_15951,1
239894_54690,1
239894_143734,1
239894_93211,1
239894_170506,1
239900_160196,0
239900_196259,1
239900_225329,1
239900_274796,1
239900_247218,1
239900_229950,0
239905_167873,1
239905_286503,1
239905_74505,1
239905_208226,1
239905_16078,1
239905_80454,1
239907_88062,0
239907_294808,0
239907_37753,0
239907_294724,0
239907_269351,1
239907_31102,1
239909_143193,1
239909_266949,1
239909_125586,0
239909_206576,0
239909_252881,1
239909_163230,0
239916_213290,1
239916_13622,0
239916_123323,1
239916_185825,1
239916_58064,0
239916_290737,1
239917_151596,0
239917_8809,0
239917_204462,0
239917_276608,0
239917_247252,1
239917_264667,0
239918_24992,1
239918_259375,1
239918_172618,0
239918_43031,1
239918_110918,1
239918_140984,0
239919_234432,1
239919_31034,1
239919_120535,0
239919_123232,1
239919_200522,1
239919_270434,0
239921_183711,1
239921_188327,1
239921_28135,1
239921_84768,1
239921_287185,1
239921_250838,1
239923_134099,0
239923_238264,1
239923_65938,0
239923_255065,1
239923_15839,0
239923_104797,1
239930_151561,1
239930_9539,1
239930_255065,1
239930_213012,1
239930_182125,0
239930_232977,1
239931_227869,1
239931_156937,1
239931_281850,1
239931_251276,0
239931_262140,1
239931_157145,0
239933_42877,0
239933_85428,1
239933_40739,1
239933_236006,0
239933_47893,0
239933_169839,1
239939_107406,0
239939_82535,1
239939_185033,1
239939_273270,1
239939_282712,1
239939_210490,1
239941_62423,1
239941_195853,0
239941_154423,1
239941_257206,1
239941_7757,1
239941_162961,1
239942_96640,1
239942_166221,1
239942_123601,1
239942_37666,0
239942_203679,1
239942_199166,1
239943_30193,1
239943_9907,0
239943_262075,1
239943_236433,1
239943_104207,1
239943_178356,1
239944_83875,0
239944_84946,1
239944_20895,1
239944_56811,1
239944_35068,1
239944_132289,0
239945_266225,1
239945_45223,1
239945_98878,1
239945_203607,1
239945_78869,1
239945_278233,1
239948_235462,0
239948_286426,0
239948_207401,0
239948_284223,1
239948_223524,0
239948_269223,1
239951_275066,0
239951_6453,0
239951_204775,1
239951_169923,1
239951_105162,1
239951_126934,1
239954_56739,1
239954_169945,1
239954_247545,0
239954_292164,1
239954_277769,1
239954_221810,1
239957_106360,1
239957_219283,1
239957_224121,0
239957_176697,1
239957_141970,1
239957_286863,1
239960_185665,1
239960_44251,1
239960_117800,0
239960_70188,1
239960_250273,1
239960_109352,1
239962_130515,0
239962_142075,1
239962_141411,0
239962_47528,1
239962_81880,0
239962_11786,1
239966_261346,1
239966_191524,1
239966_76685,1
239966_221814,1
239966_261344,1
239966_43649,0
239967_112017,0
239967_193288,1
239967_223518,1
239967_84015,0
239967_20128,1
239967_84192,0
239971_68149,1
239971_148119,0
239971_105298,0
239971_143734,0
239971_35381,1
239971_187314,0
239974_134789,1
239974_248997,1
239974_171850,1
239974_175800,1
239974_294205,1
239974_284848,1
239978_121557,0
239978_238954,0
239978_19543,1
239978_106893,0
239978_6173,1
239978_130074,0
239986_50079,0
239986_245374,1
239986_160169,0
239986_238389,1
239986_264496,0
239986_82713,1
239987_108116,1
239987_48204,1
239987_278152,1
239987_156092,0
239987_269846,0
239987_16362,1
239988_8544,0
239988_59878,0
239988_199137,1
239988_207449,1
239988_194701,1
239988_139135,1
239993_281303,0
239993_180533,1
239993_26875,1
239993_176099,0
239993_43564,1
239993_109824,0
239994_295805,0
239994_197116,0
239994_248951,1
239994_188352,1
239994_98748,1
239994_171706,1
239995_114557,1
239995_249118,0
239995_5845,0
239995_113437,1
239995_186258,0
239995_86354,1
239996_91475,1
239996_134566,0
239996_288715,0
239996_119451,1
239996_252826,1
239996_26131,1
239997_217680,0
239997_121299,0
239997_287260,0
239997_70268,0
239997_294134,0
239997_63471,0
240005_137888,1
240005_39896,1
240005_124962,1
240005_273779,0
240005_8544,1
240005_252930,0
240006_188676,1
240006_161614,0
240006_219813,1
240006_53920,1
240006_273164,0
240006_28714,1
240007_130344,1
240007_104355,0
240007_42774,0
240007_138168,1
240007_114179,0
240007_156318,1
240016_253545,1
240016_200132,1
240016_11437,1
240016_69245,1
240016_264496,1
240016_281818,1
240017_182224,1
240017_189218,1
240017_268322,0
240017_264826,1
240017_245808,1
240017_186266,1
240022_116603,0
240022_52676,0
240022_116384,1
240022_179341,1
240022_163266,1
240022_38907,1
240023_19652,1
240023_151273,1
240023_245658,0
240023_68324,1
240023_105359,0
240023_243620,0
240024_34450,1
240024_254494,1
240024_53925,1
240024_230797,1
240024_6694,0
240024_87181,0
240027_281844,0
240027_3687,1
240027_42084,0
240027_280547,1
240027_263249,0
240027_55455,1
240031_10944,0
240031_132290,1
240031_287051,1
240031_73914,0
240031_95580,1
240031_89130,1
240032_153091,0
240032_190486,0
240032_268297,0
240032_259900,0
240032_276877,0
240032_231030,0
240035_87388,1
240035_258754,1
240035_180543,1
240035_243273,0
240035_54559,1
240035_106912,0
240038_99214,1
240038_114620,1
240038_142388,1
240038_72035,1
240038_101494,0
240038_241738,0
240040_207292,1
240040_119920,1
240040_185501,0
240040_33027,0
240040_148670,0
240040_43031,0
240041_249929,1
240041_231114,1
240041_2548,1
240041_95973,1
240041_285262,1
240041_158022,0
240043_133502,0
240043_236139,0
240043_160136,0
240043_229117,0
240043_148419,1
240043_142638,0
240044_49580,1
240044_292190,1
240044_8192,0
240044_48366,1
240044_216009,1
240044_13543,1
240051_274884,0
240051_287009,0
240051_74296,0
240051_183183,0
240051_212004,1
240051_88437,1
240052_31756,0
240052_290787,0
240052_91261,0
240052_164477,0
240052_3952,0
240052_84119,0
240053_55252,0
240053_252799,0
240053_84951,0
240053_258283,0
240053_147164,1
240053_172745,1
240055_194729,0
240055_13112,1
240055_54093,1
240055_117341,1
240055_103051,0
240055_250234,0
240058_9852,0
240058_268716,1
240058_64147,0
240058_22056,1
240058_156803,1
240058_130097,1
240059_176376,1
240059_67492,0
240059_192359,0
240059_252250,1
240059_296099,0
240059_82772,1
240060_2577,0
240060_63855,1
240060_212581,1
240060_190567,1
240060_131498,1
240060_1651,1
240061_279014,1
240061_120246,1
240061_101751,1
240061_233634,0
240061_72771,1
240061_270749,1
240065_45712,1
240065_685,0
240065_162226,1
240065_215571,0
240065_120807,0
240065_48473,1
240076_135013,1
240076_154171,1
240076_125307,0
240076_281659,0
240076_279375,0
240076_10690,1
240083_54602,1
240083_193753,1
240083_211343,1
240083_125926,1
240083_13641,1
240083_247218,0
240084_21536,1
240084_118763,1
240084_212609,1
240084_240536,1
240084_71402,0
240084_88123,0
240085_289237,1
240085_194986,0
240085_270265,1
240085_194060,0
240085_241553,0
240085_10902,1
240087_229491,0
240087_68346,0
240087_24555,1
240087_241116,0
240087_197936,1
240087_155250,1
240088_70306,1
240088_271488,1
240088_255916,1
240088_283865,0
240088_197096,0
240088_250753,1
240090_10229,0
240090_260674,0
240090_216316,0
240090_17140,1
240090_145611,0
240090_133957,1
240091_131633,0
240091_127276,0
240091_241981,0
240091_211065,0
240091_102,1
240091_139425,0
240092_85844,0
240092_10470,0
240092_72225,0
240092_145155,0
240092_74650,0
240092_146469,0
240093_205967,1
240093_224902,0
240093_10271,0
240093_190611,1
240093_26244,1
240093_171901,0
240094_175622,1
240094_155014,0
240094_81692,1
240094_108873,1
240094_205438,1
240094_51319,1
240098_7856,1
240098_250273,1
240098_35012,1
240098_132379,1
240098_142609,1
240098_144424,1
240102_131564,1
240102_226392,1
240102_34051,1
240102_151735,1
240102_115810,1
240102_13822,0
240103_191183,0
240103_15097,1
240103_255136,0
240103_267530,1
240103_28837,0
240103_174706,1
240105_34019,1
240105_258741,1
240105_217185,1
240105_190697,0
240105_182869,1
240105_34407,1
240109_159368,0
240109_89381,1
240109_161982,0
240109_7722,1
240109_58204,1
240109_103888,0
240110_152782,0
240110_84772,1
240110_36750,0
240110_101751,1
240110_151360,1
240110_140622,1
240111_233112,0
240111_20499,0
240111_136273,0
240111_125944,1
240111_153183,0
240111_78157,1
240114_40430,1
240114_64481,0
240114_225893,1
240114_12821,0
240114_137225,1
240114_164892,1
240115_90168,1
240115_153700,1
240115_182647,1
240115_261450,1
240115_120603,1
240115_188067,1
240116_283814,0
240116_225897,0
240116_120163,0
240116_240478,0
240116_12006,0
240116_48508,0
240117_83688,1
240117_131564,1
240117_163568,1
240117_191939,1
240117_244376,0
240117_125493,0
240118_240109,0
240118_32277,1
240118_224201,1
240118_12078,0
240118_118797,1
240118_270469,1
240119_84141,1
240119_44383,0
240119_51998,1
240119_191466,0
240119_25866,0
240119_13505,1
240126_41758,1
240126_232679,0
240126_25226,0
240126_118935,0
240126_38015,0
240126_157738,0
240127_217435,1
240127_118538,0
240127_216012,1
240127_276334,1
240127_195019,0
240127_108650,0
240129_94496,0
240129_87732,0
240129_237146,1
240129_41116,1
240129_22333,1
240129_66368,0
240130_104207,1
240130_207650,0
240130_170646,1
240130_191395,1
240130_123080,1
240130_162690,1
240132_4931,0
240132_43110,0
240132_138284,1
240132_114185,1
240132_182401,0
240132_61525,0
240141_291128,1
240141_64675,0
240141_45150,1
240141_243829,1
240141_195447,0
240141_287333,0
240143_18055,0
240143_255553,1
240143_72239,1
240143_94556,1
240143_29806,1
240143_155791,1
240144_80413,0
240144_151596,1
240144_62966,1
240144_203948,1
240144_250097,1
240144_188147,1
240146_151569,1
240146_112535,1
240146_101473,1
240146_146117,0
240146_276334,0
240146_204145,1
240149_18645,0
240149_124029,0
240149_268462,1
240149_153263,0
240149_270515,1
240149_39038,0
240154_170809,1
240154_143033,1
240154_5844,1
240154_253265,0
240154_21365,0
240154_135930,1
240156_130849,0
240156_35669,1
240156_63542,1
240156_33195,1
240156_189192,1
240156_264002,1
240157_49713,0
240157_64402,1
240157_240474,0
240157_244240,1
240157_92599,0
240157_170410,0
240158_31200,1
240158_11012,0
240158_79345,0
240158_241476,0
240158_34084,0
240158_292073,1
240161_279943,0
240161_21765,1
240161_20623,0
240161_268809,0
240161_241242,0
240161_242372,0
240162_65938,1
240162_126183,1
240162_141749,0
240162_150186,0
240162_16599,0
240162_225449,0
240165_293183,1
240165_117980,1
240165_31079,1
240165_249919,0
240165_214979,0
240165_261977,0
240166_103080,1
240166_202033,0
240166_105070,0
240166_143524,1
240166_159155,0
240166_241183,1
240167_197490,0
240167_124221,0
240167_233209,0
240167_87450,0
240167_142403,0
240167_83891,0
240168_70449,0
240168_152202,1
240168_47084,1
240168_220478,1
240168_61812,0
240168_16585,1
240169_288238,0
240169_180426,0
240169_231196,0
240169_24429,0
240169_1844,1
240169_224544,1
240171_106428,1
240171_34470,1
240171_200907,1
240171_195968,0
240171_74098,1
240171_114557,1
240172_186266,1
240172_139078,0
240172_252250,1
240172_382,0
240172_27440,1
240172_83491,1
240175_216649,1
240175_138428,1
240175_239498,1
240175_92843,1
240175_140144,1
240175_153377,1
240178_199527,0
240178_139396,1
240178_65999,0
240178_145221,0
240178_44675,1
240178_46756,1
240180_89641,1
240180_83602,1
240180_278944,1
240180_236044,1
240180_137071,0
240180_188481,1
240183_101847,1
240183_282479,1
240183_36784,0
240183_39581,0
240183_238450,1
240183_47339,0
240184_166186,1
240184_149550,0
240184_118690,1
240184_225329,1
240184_158155,0
240184_194221,1
240191_75623,0
240191_238616,0
240191_89729,1
240191_141283,0
240191_20206,0
240191_63532,1
240192_105829,1
240192_107740,1
240192_58294,1
240192_109986,0
240192_50697,1
240192_184785,0
240195_218486,0
240195_19574,0
240195_24769,0
240195_232938,0
240195_82617,0
240195_164726,0
240199_23885,1
240199_123997,1
240199_269270,1
240199_226320,1
240199_254092,0
240199_251193,1
240202_13543,1
240202_215980,0
240202_271459,0
240202_137128,1
240202_249929,0
240202_37312,1
240203_251124,1
240203_2924,0
240203_273316,1
240203_123542,0
240203_249663,1
240203_3708,0
240204_69431,1
240204_224406,0
240204_14346,0
240204_276102,1
240204_224533,0
240204_262539,0
240205_281016,1
240205_168133,0
240205_279014,0
240205_229818,1
240205_287723,1
240205_212719,0
240206_48954,0
240206_204396,0
240206_242848,0
240206_277750,0
240206_150559,1
240206_218523,0
240207_183431,0
240207_73077,0
240207_187144,0
240207_57596,0
240207_291248,0
240207_95871,0
240209_92910,1
240209_236932,1
240209_93787,1
240209_185243,0
240209_259670,1
240209_262757,1
240219_226077,1
240219_141945,0
240219_11350,1
240219_157129,1
240219_242050,1
240219_14811,1
240220_4669,1
240220_111521,1
240220_279655,1
240220_26390,1
240220_58978,0
240220_185900,0
240225_221486,1
240225_45340,0
240225_224854,0
240225_48189,1
240225_155723,0
240225_9838,0
240227_194652,1
240227_37667,0
240227_53887,0
240227_75123,0
240227_124221,0
240227_255332,1
240230_95799,1
240230_45150,1
240230_113627,1
240230_272747,0
240230_17764,0
240230_122259,1
240231_90005,0
240231_187355,1
240231_196345,0
240231_62265,1
240231_178133,1
240231_142922,1
240238_135756,1
240238_278696,0
240238_61778,0
240238_182224,0
240238_26925,1
240238_45593,1
240239_46756,1
240239_36352,1
240239_2093,1
240239_164686,1
240239_84531,1
240239_138455,0
240240_26225,1
240240_216561,0
240240_244686,1
240240_255238,0
240240_267749,1
240240_99621,1
240241_233616,1
240241_81664,1
240241_117756,1
240241_137479,0
240241_127841,1
240241_283999,1
240243_21536,1
240243_175800,1
240243_88430,1
240243_200378,1
240243_285141,0
240243_35669,1
240245_269998,1
240245_105075,1
240245_165708,1
240245_280502,0
240245_151401,0
240245_41316,0
240255_133467,0
240255_18689,0
240255_75759,1
240255_260905,1
240255_259900,0
240255_145607,1
240263_270515,1
240263_164094,1
240263_284781,0
240263_100077,1
240263_172089,1
240263_156230,1
240265_60500,0
240265_34084,1
240265_20714,0
240265_188408,0
240265_228042,0
240265_55953,1
240266_258320,1
240266_225105,0
240266_183711,0
240266_126635,0
240266_271163,1
240266_108546,1
240268_262921,1
240268_223432,0
240268_293972,0
240268_225329,1
240268_173038,0
240268_173987,1
240271_69897,0
240271_234091,0
240271_12579,0
240271_167240,0
240271_46629,0
240271_49084,1
240274_231146,0
240274_276447,0
240274_282676,1
240274_4993,1
240274_230238,0
240274_26814,1
240275_125110,1
240275_115291,1
240275_289330,1
240275_20206,1
240275_213839,1
240275_58443,1
240276_214280,0
240276_24651,0
240276_54690,0
240276_120403,0
240276_7375,0
240276_109899,0
240278_145730,1
240278_113281,0
240278_250273,1
240278_262659,1
240278_111183,1
240278_170066,0
240279_118434,0
240279_233,0
240279_293957,1
240279_11845,0
240279_31668,0
240279_151595,0
240282_234432,1
240282_43821,1
240282_12896,1
240282_272774,1
240282_91859,1
240282_72875,1
240285_96103,1
240285_9190,0
240285_31233,0
240285_84169,1
240285_84892,1
240285_135377,1
240286_55026,0
240286_253682,0
240286_26159,0
240286_262192,0
240286_31066,0
240286_291128,0
240287_246966,1
240287_293106,1
240287_218238,0
240287_110099,0
240287_26561,1
240287_186223,1
240290_162604,1
240290_295596,0
240290_256525,0
240290_234392,1
240290_246593,1
240290_293706,1
240292_251022,1
240292_130416,0
240292_41843,1
240292_73694,0
240292_21072,0
240292_59601,1
240294_197214,0
240294_121297,1
240294_227486,1
240294_214327,0
240294_243454,0
240294_174704,1
240295_117104,1
240295_47008,0
240295_205295,0
240295_108397,1
240295_148132,1
240295_96378,1
240297_25040,0
240297_3277,0
240297_145554,1
240297_210661,1
240297_128541,1
240297_136255,0
240298_39968,0
240298_173010,0
240298_55227,1
240298_55866,1
240298_2327,1
240298_207604,0
240299_195405,0
240299_152491,0
240299_128682,0
240299_35414,1
240299_195739,1
240299_289111,1
240301_44796,0
240301_245984,0
240301_1199,1
240301_237637,0
240301_277751,1
240301_250273,1
240303_70188,1
240303_165332,1
240303_85433,1
240303_54683,1
240303_58082,1
240303_184624,1
240305_195223,1
240305_144993,1
240305_279640,1
240305_187804,0
240305_59805,0
240305_280823,1
240307_134679,0
240307_54883,1
240307_129748,0
240307_22421,1
240307_10794,0
240307_202682,1
240308_214944,0
240308_137479,0
240308_254181,0
240308_76685,1
240308_295536,1
240308_25511,1
240310_203325,1
240310_75420,0
240310_134456,1
240310_227397,1
240310_90722,1
240310_206026,0
240314_81644,0
240314_220396,0
240314_119451,1
240314_80165,0
240314_123546,1
240314_207879,1
240316_127917,0
240316_215325,0
240316_130547,0
240316_142533,0
240316_164097,0
240316_55953,0
240317_73524,1
240317_120563,1
240317_106984,1
240317_27428,1
240317_242292,1
240317_170246,1
240318_244608,1
240318_121505,0
240318_255548,1
240318_211185,0
240318_291238,1
240318_231149,0
240320_106966,0
240320_193152,0
240320_142449,0
240320_232713,0
240320_50194,0
240320_141399,0
240321_188256,1
240321_213263,1
240321_220930,0
240321_225750,0
240321_271061,1
240321_256922,1
240324_153640,1
240324_10589,1
240324_82612,1
240324_175144,1
240324_165193,0
240324_143734,1
240327_249717,0
240327_200548,0
240327_61364,0
240327_147550,0
240327_84012,0
240327_206260,0
240329_13287,1
240329_149447,1
240329_88839,1
240329_175250,1
240329_109544,1
240329_116549,1
240338_264789,1
240338_5801,0
240338_116331,1
240338_41532,1
240338_204250,0
240338_92589,0
240341_39072,0
240341_29189,0
240341_90670,0
240341_255632,1
240341_57479,0
240341_107155,1
240343_8943,0
240343_248230,0
240343_63375,1
240343_209370,1
240343_78345,1
240343_73709,0
240349_10153,0
240349_53048,1
240349_286611,0
240349_246412,0
240349_73259,0
240349_219189,0
240357_139583,0
240357_33120,1
240357_241077,0
240357_274123,1
240357_130777,1
240357_285250,0
240359_251105,1
240359_171065,1
240359_2088,1
240359_8915,0
240359_271794,0
240359_5791,1
240362_183716,0
240362_128541,0
240362_185900,0
240362_54683,1
240362_45222,1
240362_54246,0
240365_103268,1
240365_27989,1
240365_148886,1
240365_159567,1
240365_19252,1
240365_225667,1
240367_140019,0
240367_244554,0
240367_92233,1
240367_294894,0
240367_12683,1
240367_65181,1
240368_248581,1
240368_178513,1
240368_4422,1
240368_264152,1
240368_183735,1
240368_51436,1
240370_249891,1
240370_151311,0
240370_43031,0
240370_44900,1
240370_256892,0
240370_38557,1
240373_223131,1
240373_164789,0
240373_131633,1
240373_250749,1
240373_83130,1
240373_175290,0
240374_88344,1
240374_270047,1
240374_111183,0
240374_129601,0
240374_107923,0
240374_153593,1
240380_109877,1
240380_177650,1
240380_46579,1
240380_94095,0
240380_124198,1
240380_139444,0
240384_19799,0
240384_194447,1
240384_119041,1
240384_229781,1
240384_64732,0
240384_200823,0
240388_268900,1
240388_24463,1
240388_147996,1
240388_150186,1
240388_78147,0
240388_118690,1
240389_60203,1
240389_280387,1
240389_291238,1
240389_44677,1
240389_50972,1
240389_87089,0
240392_28199,1
240392_132320,0
240392_135181,1
240392_29004,0
240392_175955,0
240392_96052,1
240393_85540,1
240393_109588,1
240393_147517,1
240393_134694,0
240393_3445,0
240393_270394,1
240400_238389,1
240400_12622,0
240400_192816,1
240400_267879,1
240400_91854,0
240400_170486,1
240401_188625,1
240401_73557,0
240401_3818,0
240401_66741,1
240401_231194,0
240401_39763,0
240404_230358,1
240404_58797,1
240404_193191,1
240404_151503,0
240404_211184,1
240404_97328,1
240406_261450,1
240406_193410,0
240406_61732,1
240406_163853,1
240406_196733,1
240406_99013,0
240407_110205,1
240407_208331,1
240407_207401,1
240407_135466,0
240407_268507,1
240407_99796,1
240409_266936,1
240409_294134,0
240409_245720,1
240409_285415,0
240409_235584,1
240409_135825,1
240418_217748,1
240418_2538,1
240418_27035,0
240418_283814,0
240418_29009,0
240418_285250,1
240425_269993,0
240425_213924,0
240425_275559,0
240425_269101,0
240425_207548,0
240425_122621,0
240426_61548,0
240426_16560,1
240426_80165,1
240426_185112,1
240426_49780,0
240426_231206,0
240429_178133,0
240429_161578,0
240429_26773,1
240429_256855,1
240429_102887,0
240429_62795,1
240431_165735,1
240431_79419,1
240431_144537,1
240431_75885,1
240431_15811,1
240431_251907,0
240432_152491,1
240432_261346,1
240432_98681,1
240432_250468,1
240432_272503,0
240432_92770,1
240438_81750,1
240438_159950,1
240438_19705,1
240438_34427,1
240438_88836,1
240438_33172,1
240439_203676,0
240439_104050,0
240439_10453,1
240439_291238,0
240439_45900,0
240439_144086,0
240441_264826,0
240441_140465,0
240441_12836,0
240441_227732,0
240441_116998,0
240441_103047,0
240446_134832,0
240446_179330,0
240446_148418,1
240446_41843,0
240446_64735,0
240446_45838,1
240456_64184,0
240456_286454,0
240456_255916,0
240456_1044,0
240456_291603,1
240456_219189,0
240457_37744,0
240457_119744,0
240457_159469,0
240457_113236,1
240457_51122,0
240457_271161,1
240462_136275,1
240462_165376,1
240462_184644,1
240462_146737,1
240462_107440,0
240462_67504,1
240463_242397,1
240463_200574,1
240463_231141,1
240463_118129,1
240463_93316,0
240463_201147,1
240465_263878,1
240465_131735,0
240465_250273,1
240465_262192,1
240465_230234,1
240465_41600,1
240467_191183,1
240467_262257,0
240467_227416,0
240467_30502,1
240467_226439,1
240467_32271,0
240468_192375,1
240468_238869,1
240468_129940,1
240468_246046,1
240468_54140,1
240468_167345,0
240469_62265,1
240469_188676,0
240469_271092,0
240469_177869,0
240469_23885,1
240469_120535,0
240470_164737,0
240470_76693,0
240470_7423,0
240470_256525,0
240470_291248,0
240470_187213,1
240483_249180,1
240483_224633,0
240483_221593,0
240483_265918,0
240483_106602,0
240483_283586,1
240484_29189,1
240484_194950,1
240484_77145,1
240484_108161,1
240484_217858,1
240484_144499,1
240485_34142,1
240485_226564,1
240485_276208,0
240485_39044,1
240485_17271,1
240485_271092,1
240486_36734,0
240486_128747,1
240486_135239,0
240486_228550,1
240486_105049,1
240486_272817,1
240487_95068,0
240487_155,0
240487_242536,0
240487_126581,1
240487_110360,0
240487_238648,0
240488_194939,0
240488_42375,1
240488_179502,1
240488_137370,1
240488_163770,1
240488_125944,1
240489_286426,1
240489_272078,1
240489_77356,0
240489_54217,1
240489_28416,1
240489_157853,1
240493_189755,0
240493_275458,0
240493_206729,0
240493_27044,0
240493_4043,1
240493_170431,0
240494_56869,1
240494_136372,0
240494_40838,1
240494_291248,0
240494_187688,1
240494_226546,0
240497_255462,0
240497_74010,1
240497_108892,0
240497_53964,0
240497_280583,0
240497_98977,0
240498_97448,0
240498_174586,1
240498_197627,1
240498_5712,1
240498_78994,1
240498_156913,1
240499_64402,1
240499_61941,1
240499_162126,1
240499_199390,1
240499_110191,1
240499_221761,0
240501_104207,1
240501_152820,1
240501_118874,0
240501_166592,1
240501_262438,1
240501_143033,1
240507_45078,1
240507_115279,1
240507_59368,1
240507_151760,1
240507_79453,1
240507_149602,1
240514_65209,0
240514_224197,0
240514_280023,1
240514_107742,0
240514_20989,1
240514_46992,1
240517_38015,1
240517_33292,1
240517_148268,1
240517_276815,0
240517_7363,0
240517_283022,1
240522_100265,1
240522_267508,0
240522_109863,1
240522_119538,0
240522_41044,0
240522_252285,1
240523_247020,0
240523_29501,1
240523_202766,0
240523_170090,0
240523_268696,1
240523_242323,0
240524_83856,1
240524_159203,1
240524_135466,0
240524_92292,1
240524_140494,1
240524_210399,1
240526_45495,0
240526_259559,0
240526_268085,1
240526_93820,1
240526_238977,0
240526_125958,0
240530_214031,1
240530_72192,1
240530_151926,1
240530_13477,0
240530_93787,1
240530_228298,1
240532_46162,1
240532_128176,1
240532_92147,0
240532_242092,1
240532_256040,0
240532_219793,0
240534_70259,0
240534_247910,1
240534_197987,0
240534_214856,1
240534_279943,1
240534_146951,0
240536_76477,1
240536_49960,1
240536_152686,1
240536_184940,1
240536_42724,1
240536_200528,1
240537_17184,1
240537_140360,1
240537_295221,1
240537_151858,1
240537_176480,0
240537_134266,1
240538_232047,0
240538_4101,0
240538_78657,0
240538_20818,1
240538_112163,1
240538_294808,0
240540_69199,0
240540_86074,0
240540_213263,0
240540_228140,1
240540_27420,1
240540_62052,1
240541_188589,1
240541_291065,1
240541_243986,1
240541_210679,1
240541_154127,0
240541_218715,1
240542_107452,1
240542_136271,0
240542_198867,0
240542_100342,1
240542_156603,0
240542_104543,1
240544_23822,0
240544_31300,1
240544_53638,1
240544_46370,1
240544_176499,1
240544_221248,1
240547_273209,0
240547_251208,1
240547_44033,1
240547_204887,0
240547_260439,0
240547_77805,0
240549_64818,0
240549_225682,0
240549_184253,0
240549_264826,0
240549_99187,0
240549_155293,0
240550_92498,1
240550_178370,0
240550_124712,1
240550_112207,1
240550_23465,1
240550_220428,0
240551_288807,1
240551_41467,0
240551_211067,0
240551_135742,1
240551_62047,1
240551_40259,0
240553_137578,0
240553_48039,1
240553_279246,0
240553_15796,1
240553_11995,1
240553_143294,0
240560_133369,0
240560_112669,1
240560_12476,1
240560_204679,0
240560_68647,1
240560_169505,0
240563_227660,1
240563_268936,0
240563_18067,1
240563_286001,0
240563_3229,0
240563_235460,1
240567_240074,1
240567_220522,1
240567_197364,0
240567_108546,1
240567_237416,0
240567_124221,0
240570_10080,1
240570_21060,0
240570_270373,0
240570_10135,1
240570_113353,1
240570_263137,0
240571_92910,0
240571_54690,1
240571_183872,1
240571_128470,1
240571_139312,1
240571_34450,1
240572_212561,1
240572_150618,0
240572_293696,0
240572_100142,1
240572_172420,0
240572_49966,1
240573_105251,1
240573_129095,0
240573_228941,1
240573_18204,0
240573_293108,1
240573_265129,0
240575_192844,1
240575_112620,0
240575_295698,1
240575_67397,1
240575_137657,0
240575_230195,0
240576_251380,1
240576_223958,0
240576_64732,0
240576_149953,1
240576_9980,0
240576_193985,0
240579_26525,0
240579_70261,1
240579_29840,0
240579_12238,1
240579_40109,0
240579_171235,0
240584_112017,1
240584_76272,1
240584_170246,1
240584_166,0
240584_24878,0
240584_225260,1
240585_77684,1
240585_187480,1
240585_4148,1
240585_98607,0
240585_182224,1
240585_133701,0
240586_91225,1
240586_111592,1
240586_39248,1
240586_171853,1
240586_63047,1
240586_169381,1
240588_52855,0
240588_10826,0
240588_140334,0
240588_214856,0
240588_93865,0
240588_230358,0
240590_153596,1
240590_241497,1
240590_94893,1
240590_101416,0
240590_169310,0
240590_190979,0
240593_31823,1
240593_34004,1
240593_255089,1
240593_144574,1
240593_114620,0
240593_284507,1
240594_13393,1
240594_198094,0
240594_179899,0
240594_268388,0
240594_157155,1
240594_10628,0
240596_40055,1
240596_196470,1
240596_186407,0
240596_151926,0
240596_63516,0
240596_208656,0
240597_182596,1
240597_200556,0
240597_146263,1
240597_32189,0
240597_278731,1
240597_101954,1
240603_51539,1
240603_9852,1
240603_56551,1
240603_93036,1
240603_52572,1
240603_198705,1
240604_80339,1
240604_122405,1
240604_123886,1
240604_247020,1
240604_219744,1
240604_31746,1
240605_121508,0
240605_3856,1
240605_38109,0
240605_81154,1
240605_29894,1
240605_113464,1
240606_286175,1
240606_130804,1
240606_52855,1
240606_215325,1
240606_82931,0
240606_66120,0
240610_262164,0
240610_111501,1
240610_271783,0
240610_126464,1
240610_58361,1
240610_145152,1
240616_251253,0
240616_264789,0
240616_96604,0
240616_91204,0
240616_87670,0
240616_278687,0
240620_281402,0
240620_48378,1
240620_243277,0
240620_98045,1
240620_62398,1
240620_33697,1
240622_246898,0
240622_259710,1
240622_281850,1
240622_45355,0
240622_267088,1
240622_70177,0
240626_80050,1
240626_89408,1
240626_283183,1
240626_249850,0
240626_51337,0
240626_105779,1
240627_251829,1
240627_183950,0
240627_186149,0
240627_146575,0
240627_124387,0
240627_176586,0
240631_58157,1
240631_214159,1
240631_81208,1
240631_43881,1
240631_294220,0
240631_109148,0
240632_178133,0
240632_275408,0
240632_87090,0
240632_215567,0
240632_111743,0
240632_289212,0
240634_293214,0
240634_74450,0
240634_27085,0
240634_108355,0
240634_44963,0
240634_223002,0
240635_30917,1
240635_185112,1
240635_214551,1
240635_236218,0
240635_237101,1
240635_16125,1
240636_22704,0
240636_150120,1
240636_39763,0
240636_245657,1
240636_103055,1
240636_59771,0
240643_65004,0
240643_65205,0
240643_218299,1
240643_88927,0
240643_227009,1
240643_149936,1
240644_154727,1
240644_50079,0
240644_185815,0
240644_64238,0
240644_176697,0
240644_191683,1
240645_213072,1
240645_9758,1
240645_175059,1
240645_191413,1
240645_211834,1
240645_228746,1
240648_246875,1
240648_92193,1
240648_184197,1
240648_78298,1
240648_138345,0
240648_136904,1
240650_90152,1
240650_104043,1
240650_165458,0
240650_18156,0
240650_31974,1
240650_288249,1
240651_129783,1
240651_234614,1
240651_261344,1
240651_226153,1
240651_147420,0
240651_107662,1
240652_34364,0
240652_136245,1
240652_16818,1
240652_137288,1
240652_133176,1
240652_261910,1
240655_172745,0
240655_17882,1
240655_200166,0
240655_210679,1
240655_9853,0
240655_21853,0
240658_53738,0
240658_84668,0
240658_109544,1
240658_188313,1
240658_49724,0
240658_175560,1
240662_283316,1
240662_122163,1
240662_159936,1
240662_222047,1
240662_235551,0
240662_283330,1
240663_285587,0
240663_60645,1
240663_48431,1
240663_145325,1
240663_7596,1
240663_172432,1
240664_99374,1
240664_36048,0
240664_263044,0
240664_221643,1
240664_180381,1
240664_279121,0
240665_239984,1
240665_158328,0
240665_26351,1
240665_118170,0
240665_99629,1
240665_264667,1
240668_287523,0
240668_29004,0
240668_38015,0
240668_150615,0
240668_12003,0
240668_53654,0
240671_212119,1
240671_52617,1
240671_64146,1
240671_70206,1
240671_154158,0
240671_47425,1
240672_213989,1
240672_290617,1
240672_153923,1
240672_193350,1
240672_249121,0
240672_6230,0
240673_3295,1
240673_280411,1
240673_21911,1
240673_234906,1
240673_152087,1
240673_187314,1
240675_83713,1
240675_130276,1
240675_247634,0
240675_259840,1
240675_230477,1
240675_2535,1
240676_105821,0
240676_278582,0
240676_18483,1
240676_71074,0
240676_161046,1
240676_165411,1
240680_265348,1
240680_21726,1
240680_261695,1
240680_264668,1
240680_94303,1
240680_44210,1
240681_246663,0
240681_74650,0
240681_10062,0
240681_49978,1
240681_266143,1
240681_287901,0
240683_275691,1
240683_281330,0
240683_145877,0
240683_128078,1
240683_229929,0
240683_21951,0
240690_164490,1
240690_97959,0
240690_124478,1
240690_197048,1
240690_70718,1
240690_106428,0
240691_170078,0
240691_89938,0
240691_150186,0
240691_162056,1
240691_251278,0
240691_279455,0
240693_127568,1
240693_51078,1
240693_219836,0
240693_67864,0
240693_236217,1
240693_219538,0
240694_144424,0
240694_77246,0
240694_34607,0
240694_199905,1
240694_196860,1
240694_118170,1
240695_142821,0
240695_1341,0
240695_227294,0
240695_187560,1
240695_73524,1
240695_226889,1
240698_30035,1
240698_118561,1
240698_52259,0
240698_34940,1
240698_123677,0
240698_151120,1
240701_33495,1
240701_121632,1
240701_75345,0
240701_91016,0
240701_36614,0
240701_138809,0
240702_162649,0
240702_59211,0
240702_109144,0
240702_248557,1
240702_112869,1
240702_238113,0
240703_285658,1
240703_159391,0
240703_1984,0
240703_218391,0
240703_238633,1
240703_184329,0
240704_238411,1
240704_100522,0
240704_164191,1
240704_135169,0
240704_255782,1
240704_125305,0
240710_111718,1
240710_20588,0
240710_31731,1
240710_292919,1
240710_295050,0
240710_236723,0
240711_272482,1
240711_199099,0
240711_100076,1
240711_168362,1
240711_60217,1
240711_174818,1
240714_226546,0
240714_80916,1
240714_32878,1
240714_214337,0
240714_99448,1
240714_151092,0
240719_205890,1
240719_20206,1
240719_284366,0
240719_126309,1
240719_224351,1
240719_6349,0
240721_183133,0
240721_135806,0
240721_234838,0
240721_197647,1
240721_82535,0
240721_157155,0
240724_40991,0
240724_40741,1
240724_54242,0
240724_10121,0
240724_247464,0
240724_31012,0
240728_18863,0
240728_105561,0
240728_59383,0
240728_254500,0
240728_119451,0
240728_282367,0
240730_98681,1
240730_259756,1
240730_207343,1
240730_31039,1
240730_37805,1
240730_239734,1
240731_53887,0
240731_101321,1
240731_190588,1
240731_104207,1
240731_93119,0
240731_227720,1
240732_34188,1
240732_95590,1
240732_115656,1
240732_106788,1
240732_176103,0
240732_8844,0
240733_101690,0
240733_249320,1
240733_264668,1
240733_271968,1
240733_277335,1
240733_43564,1
240735_220488,1
240735_142709,1
240735_23230,0
240735_199553,0
240735_104839,1
240735_157949,0
240736_242071,1
240736_182840,1
240736_7845,0
240736_271783,1
240736_4563,1
240736_217768,1
240739_269958,1
240739_176008,1
240739_34354,1
240739_79396,1
240739_200202,0
240739_132263,1
240742_67881,1
240742_266149,1
240742_137933,1
240742_103890,0
240742_190053,0
240742_72863,1
240743_29381,0
240743_132263,1
240743_239664,0
240743_122933,1
240743_27090,0
240743_295476,1
240744_94706,0
240744_263306,1
240744_116744,0
240744_178578,0
240744_209684,0
240744_101311,0
240748_101473,0
240748_213945,0
240748_138621,1
240748_41698,1
240748_234034,0
240748_24555,1
240750_221378,1
240750_280697,1
240750_103306,0
240750_58542,1
240750_63679,0
240750_153809,1
240751_33195,1
240751_250273,1
240751_259024,1
240751_71455,1
240751_77417,1
240751_273209,1
240753_168943,0
240753_92209,1
240753_282320,0
240753_106216,1
240753_152941,1
240753_26888,0
240759_175308,0
240759_147585,1
240759_247019,1
240759_14432,1
240759_21493,1
240759_193102,1
240760_151885,1
240760_175927,1
240760_56381,1
240760_244690,0
240760_238389,1
240760_12756,0
240762_140680,0
240762_269227,0
240762_192481,0
240762_150023,1
240762_142205,1
240762_213012,0
240764_218813,0
240764_257852,0
240764_270814,1
240764_286863,0
240764_176676,1
240764_34450,1
240767_45313,0
240767_162018,0
240767_180204,0
240767_240238,0
240767_152491,1
240767_102270,1
240768_91837,1
240768_274788,0
240768_1139,1
240768_121824,1
240768_206878,0
240768_156236,0
240770_197897,0
240770_195856,0
240770_9853,1
240770_113179,1
240770_189978,1
240770_150250,1
240771_285508,1
240771_97008,0
240771_277489,0
240771_107923,0
240771_153742,0
240771_243789,1
240772_201745,1
240772_33163,0
240772_281844,0
240772_11799,1
240772_271172,1
240772_229818,1
240773_3697,1
240773_290233,1
240773_162593,0
240773_186266,1
240773_219723,1
240773_62423,1
240775_36158,1
240775_277867,0
240775_173971,0
240775_137375,0
240775_89191,1
240775_252326,1
240781_159132,0
240781_14964,0
240781_45786,0
240781_53887,0
240781_109909,0
240781_154016,1
240783_185684,0
240783_276415,1
240783_77048,1
240783_188877,1
240783_244925,1
240783_12279,1
240784_194060,1
240784_192661,1
240784_131921,1
240784_48523,1
240784_111481,1
240784_109544,1
240786_128416,1
240786_183594,1
240786_143193,1
240786_72969,0
240786_17278,0
240786_176506,1
240787_125676,0
240787_21493,1
240787_32084,0
240787_200346,1
240787_232221,0
240787_213866,1
240790_200217,1
240790_55402,1
240790_121695,1
240790_231098,1
240790_259316,1
240790_75579,1
240795_107707,1
240795_253373,0
240795_153877,0
240795_42642,0
240795_120734,0
240795_149417,0
240801_208113,0
240801_218956,1
240801_252250,1
240801_64402,1
240801_243829,0
240801_257148,0
240805_11552,0
240805_231669,0
240805_2538,1
240805_228077,1
240805_89134,1
240805_183872,1
240807_166640,0
240807_165544,1
240807_271688,0
240807_55777,0
240807_155189,0
240807_17245,0
240808_231483,0
240808_159830,1
240808_82822,1
240808_32591,0
240808_142747,1
240808_278152,1
240809_204311,0
240809_101494,1
240809_97209,0
240809_3261,0
240809_211236,0
240809_115095,1
240811_231398,0
240811_35397,0
240811_201932,0
240811_30819,0
240811_166193,0
240811_113937,0
240814_169641,1
240814_230910,0
240814_250920,1
240814_40547,0
240814_173132,0
240814_196631,1
240821_37154,0
240821_274209,1
240821_145221,1
240821_159405,0
240821_4595,0
240821_8289,1
240822_175560,0
240822_269223,1
240822_177982,0
240822_120535,0
240822_13495,1
240822_138809,1
240827_254625,0
240827_24433,1
240827_183711,1
240827_48987,0
240827_110369,0
240827_102270,1
240830_121695,1
240830_233934,1
240830_225510,1
240830_133764,1
240830_52702,1
240830_150766,1
240834_114191,0
240834_238633,1
240834_244657,1
240834_114265,1
240834_54263,1
240834_133188,1
240837_119427,0
240837_7375,0
240837_72875,0
240837_237026,0
240837_210679,0
240837_267135,0
240841_124791,0
240841_244608,0
240841_218756,1
240841_273185,1
240841_268114,0
240841_47425,0
240843_56288,1
240843_58361,0
240843_81561,1
240843_197697,0
240843_13495,1
240843_11302,1
240844_264496,1
240844_19780,1
240844_276782,1
240844_208755,1
240844_188192,1
240844_253231,1
240845_11278,0
240845_104463,0
240845_236022,0
240845_172882,1
240845_36947,1
240845_22560,1
240846_291519,0
240846_13743,1
240846_150717,0
240846_207498,1
240846_219883,1
240846_271030,0
240847_115145,1
240847_151019,0
240847_5342,1
240847_196883,0
240847_291309,0
240847_193405,0
240848_187969,1
240848_197426,0
240848_198112,1
240848_161571,1
240848_248345,1
240848_88840,1
240850_262757,1
240850_151036,1
240850_191546,1
240850_148493,0
240850_172220,0
240850_143156,1
240853_43821,1
240853_182134,0
240853_28804,0
240853_31769,1
240853_249482,1
240853_231028,1
240854_3817,0
240854_237561,1
240854_99958,0
240854_269846,0
240854_170370,0
240854_271100,1
240855_2729,1
240855_134456,1
240855_121695,1
240855_136431,1
240855_270260,1
240855_124867,0
240858_107986,0
240858_255048,1
240858_19615,0
240858_59571,0
240858_209370,1
240858_294437,1
240859_84058,1
240859_135320,0
240859_103437,1
240859_34004,1
240859_288091,1
240859_238943,1
240862_72517,1
240862_81973,0
240862_266543,1
240862_90710,1
240862_20825,0
240862_89668,1
240864_42969,1
240864_138818,1
240864_137701,1
240864_151548,1
240864_280405,1
240864_154016,1
240865_84104,1
240865_19985,1
240865_28811,0
240865_117534,1
240865_270263,1
240865_108150,1
240869_10135,0
240869_123418,1
240869_263769,1
240869_211834,1
240869_176676,0
240869_98226,1
240871_119375,0
240871_142304,1
240871_281850,0
240871_280395,1
240871_223960,1
240871_71131,0
240872_63046,0
240872_116706,1
240872_212024,1
240872_108981,1
240872_102047,0
240872_173617,0
240873_106125,1
240873_268125,0
240873_96143,0
240873_117343,0
240873_192891,1
240873_161123,0
240874_220284,1
240874_251387,1
240874_197799,1
240874_242420,0
240874_224024,1
240874_1199,0
240876_206044,1
240876_147566,0
240876_124109,1
240876_16367,0
240876_8691,1
240876_178008,1
240878_227414,0
240878_32721,0
240878_24719,0
240878_47425,0
240878_227856,0
240878_171799,1
240882_93710,0
240882_46682,1
240882_66741,1
240882_59870,0
240882_262738,1
240882_253225,1
240883_145195,1
240883_225153,0
240883_253141,1
240883_180729,1
240883_61890,1
240883_48552,0
240884_59283,0
240884_163623,0
240884_205059,0
240884_240886,0
240884_58372,1
240884_40351,1
240893_256749,1
240893_184785,0
240893_245984,0
240893_1870,0
240893_177642,1
240893_294871,0
240894_243551,0
240894_216911,0
240894_108,1
240894_127652,0
240894_68493,0
240894_69236,1
240896_169538,0
240896_170809,1
240896_22782,1
240896_6413,0
240896_156711,1
240896_13913,0
240897_30742,0
240897_288530,0
240897_180875,0
240897_150559,0
240897_197524,0
240897_186239,0
240902_176004,0
240902_122434,1
240902_1618,0
240902_188881,0
240902_12003,0
240902_6955,0
240904_264485,1
240904_227581,0
240904_150618,0
240904_108120,1
240904_295595,1
240904_170370,0
240906_172218,1
240906_242606,0
240906_250273,1
240906_47901,1
240906_110276,0
240906_254494,1
240907_119177,0
240907_117790,1
240907_152274,1
240907_123981,1
240907_187117,1
240907_161886,1
240908_278648,1
240908_235716,1
240908_3387,0
240908_231017,1
240908_185815,0
240908_166629,0
240909_126723,1
240909_129772,0
240909_230460,0
240909_126692,0
240909_143989,0
240909_173320,0
240911_216430,1
240911_12476,1
240911_176004,1
240911_124461,1
240911_28238,0
240911_259598,1
240914_34715,0
240914_144379,0
240914_232056,0
240914_31440,1
240914_123232,1
240914_211002,0
240921_258252,0
240921_20754,1
240921_136234,1
240921_226049,0
240921_29818,0
240921_269478,1
240922_36652,1
240922_115648,1
240922_223862,1
240922_263513,1
240922_31440,1
240922_51468,1
240925_25500,0
240925_135342,0
240925_260524,0
240925_107927,0
240925_286778,1
240925_108438,0
240929_142126,0
240929_130828,1
240929_137615,0
240929_261846,0
240929_250546,1
240929_43980,1
240934_91505,1
240934_106204,1
240934_98408,1
240934_104927,0
240934_236123,0
240934_213471,0
240939_168370,0
240939_185038,0
240939_5141,1
240939_227235,1
240939_262675,1
240939_1889,1
240941_245719,1
240941_175250,0
240941_252285,1
240941_1100,0
240941_53635,0
240941_178970,1
240942_225329,1
240942_73557,0
240942_83377,1
240942_295221,1
240942_176639,0
240942_110171,0
240943_82581,0
240943_275482,0
240943_219794,0
240943_161098,0
240943_246058,0
240943_20203,1
240944_292421,1
240944_233122,1
240944_179645,1
240944_271783,1
240944_245841,0
240944_282280,0
240946_13854,1
240946_171366,1
240946_101302,1
240946_83093,1
240946_14347,1
240946_184514,0
240949_198595,1
240949_160697,0
240949_105656,0
240949_229771,0
240949_150640,0
240949_6280,0
240952_18634,1
240952_177675,1
240952_173488,1
240952_197127,0
240952_47643,0
240952_121931,0
240953_38409,1
240953_253522,0
240953_239180,1
240953_189935,0
240953_80100,1
240953_213479,0
240957_110918,1
240957_285483,1
240957_2498,0
240957_120535,1
240957_185489,1
240957_47606,0
240959_24845,1
240959_133694,1
240959_156357,0
240959_96214,1
240959_166118,1
240959_107762,1
240960_152401,1
240960_180474,0
240960_31009,0
240960_230027,0
240960_78259,0
240960_58037,1
240961_61874,1
240961_92075,1
240961_211729,0
240961_83417,0
240961_227460,1
240961_261372,0
240962_149535,0
240962_64470,1
240962_102721,1
240962_122658,1
240962_150015,1
240962_192093,1
240963_273400,1
240963_226836,0
240963_162260,0
240963_109884,1
240963_149089,1
240963_167873,0
240964_239728,1
240964_213280,1
240964_164477,0
240964_262010,1
240964_66943,1
240964_253486,0
240966_237580,1
240966_63855,1
240966_287301,0
240966_182581,0
240966_207066,1
240966_87254,1
240969_280544,0
240969_228392,1
240969_192338,0
240969_32076,0
240969_140095,1
240969_187219,0
240970_256822,1
240970_227958,1
240970_158431,0
240970_36934,1
240970_14412,0
240970_286583,0
240971_59544,0
240971_126615,1
240971_122187,0
240971_163833,1
240971_55765,1
240971_109643,1
240972_8050,0
240972_146981,1
240972_7180,1
240972_15301,1
240972_197912,1
240972_242251,1
240973_254494,0
240973_201595,1
240973_162881,1
240973_111257,1
240973_166096,0
240973_90314,0
240976_241966,0
240976_94842,1
240976_224197,1
240976_285250,1
240976_51675,1
240976_155505,1
240984_150618,0
240984_281330,1
240984_288233,1
240984_83409,1
240984_255637,0
240984_83168,0
240986_78961,0
240986_217308,1
240986_231014,1
240986_119532,1
240986_211912,1
240986_140755,1
240987_187050,1
240987_158503,0
240987_116,1
240987_270719,0
240987_136523,1
240987_107923,1
240988_106428,1
240988_273209,1
240988_166592,1
240988_273229,1
240988_167134,1
240988_73557,1
240989_245342,0
240989_287260,1
240989_110262,0
240989_99579,1
240989_27046,0
240989_216012,0
240990_176271,1
240990_29980,0
240990_187847,0
240990_202784,0
240990_226439,1
240990_124843,0
240992_275816,1
240992_48741,1
240992_151313,0
240992_64855,1
240992_21911,1
240992_23104,1
240994_177931,0
240994_21609,0
240994_210165,0
240994_25448,1
240994_79806,1
240994_144357,1
240995_63439,1
240995_283022,0
240995_177113,1
240995_192221,1
240995_34188,1
240995_288790,0
240996_190001,0
240996_222307,0
240996_126166,0
240996_58258,1
240996_156784,0
240996_183431,1
240997_136929,1
240997_116760,1
240997_267879,1
240997_226133,1
240997_228077,1
240997_39465,1
240998_26228,0
240998_223164,1
240998_227732,1
240998_232699,1
240998_38822,1
240998_57777,0
240999_89984,1
240999_129432,0
240999_97206,0
240999_189468,1
240999_57317,0
240999_73706,0
241001_761,0
241001_16414,1
241001_262921,0
241001_292863,1
241001_53910,1
241001_86946,0
241002_268758,0
241002_135962,1
241002_140019,0
241002_290150,0
241002_45078,0
241002_271045,0
241004_38570,1
241004_170641,1
241004_129353,0
241004_207932,0
241004_137438,0
241004_261147,0
241006_288689,0
241006_41686,0
241006_164477,1
241006_71510,1
241006_209061,0
241006_64801,0
241008_58774,1
241008_105779,0
241008_82780,0
241008_37365,0
241008_106824,1
241008_289026,1
241009_281818,1
241009_270055,0
241009_102495,1
241009_247862,1
241009_266209,1
241009_120563,0
241010_48244,0
241010_217200,0
241010_124664,1
241010_38031,0
241010_255065,1
241010_112211,1
241011_172798,0
241011_57899,1
241011_290701,1
241011_44343,1
241011_32310,0
241011_59719,0
241012_205438,1
241012_280244,1
241012_165332,0
241012_270467,0
241012_247561,1
241012_89313,0
241014_123566,1
241014_146407,0
241014_63843,0
241014_180131,0
241014_19962,0
241014_213055,0
241019_187321,0
241019_156230,1
241019_128250,0
241019_7031,0
241019_290562,1
241019_107493,0
241027_165811,0
241027_78376,1
241027_78355,1
241027_109907,1
241027_279574,1
241027_140360,1
241029_55761,0
241029_8947,0
241029_106786,1
241029_128479,1
241029_42724,1
241029_4010,0
241030_117157,0
241030_115920,1
241030_110171,1
241030_122337,1
241030_38630,0
241030_41843,1
241032_76785,0
241032_202918,0
241032_52198,1
241032_138574,0
241032_24632,0
241032_164517,0
241034_150250,1
241034_125776,0
241034_215381,1
241034_8637,1
241034_160194,1
241034_162728,1
241035_117706,1
241035_64855,1
241035_206018,1
241035_135737,0
241035_164191,1
241035_282237,1
241036_209667,1
241036_190549,0
241036_244376,1
241036_268974,1
241036_153321,0
241036_259253,1
241037_20895,1
241037_158436,1
241037_225599,0
241037_172603,1
241037_213860,1
241037_174911,0
241038_101637,0
241038_146570,0
241038_102452,0
241038_148053,0
241038_103861,0
241038_236307,0
241039_283762,0
241039_51916,1
241039_59920,0
241039_31487,0
241039_139645,1
241039_38664,1
241041_153075,1
241041_98305,0
241041_247925,0
241041_84552,1
241041_165847,0
241041_283795,0
241044_24735,0
241044_77343,1
241044_15405,1
241044_71685,1
241044_187964,0
241044_207298,0
241046_249735,0
241046_143670,1
241046_148294,1
241046_188056,1
241046_100669,1
241046_35669,1
241047_228375,0
241047_206667,0
241047_65957,0
241047_215738,1
241047_218859,0
241047_128897,1
241049_125944,1
241049_266566,0
241049_200907,0
241049_260701,0
241049_183431,1
241049_140945,0
241053_198712,1
241053_69766,1
241053_19814,1
241053_94007,1
241053_233626,1
241053_226795,1
241054_63433,1
241054_247543,1
241054_57209,1
241054_85499,1
241054_64750,1
241054_124519,1
241057_290482,0
241057_46023,1
241057_279190,1
241057_277470,1
241057_103548,1
241057_107829,1
241061_265015,0
241061_193155,0
241061_56154,1
241061_100298,1
241061_6522,1
241061_143221,1
241063_231566,1
241063_243378,1
241063_256998,1
241063_126213,1
241063_187604,0
241063_99448,1
241069_269308,0
241069_87570,1
241069_276355,1
241069_252211,0
241069_289911,1
241069_241953,0
241071_102452,1
241071_107499,0
241071_244907,1
241071_118886,1
241071_230862,0
241071_31440,0
241072_233184,0
241072_175481,1
241072_30696,1
241072_269702,0
241072_92711,0
241072_92292,0
241075_206259,1
241075_194939,1
241075_234614,1
241075_185216,0
241075_148005,0
241075_25388,0
241082_253486,0
241082_290150,1
241082_195673,1
241082_97300,1
241082_99316,1
241082_168462,1
241083_276678,0
241083_137189,0
241083_247223,1
241083_114634,0
241083_293214,1
241083_52275,1
241085_220276,1
241085_140019,0
241085_179502,1
241085_92832,1
241085_33195,1
241085_124727,0
241086_82535,0
241086_189460,1
241086_143483,1
241086_35336,0
241086_117997,0
241086_179979,1
241089_193987,1
241089_71402,1
241089_105222,1
241089_63298,1
241089_236455,1
241089_118280,0
241091_75341,1
241091_217179,0
241091_128892,0
241091_147585,1
241091_220771,1
241091_159181,0
241092_101360,0
241092_91475,1
241092_152596,0
241092_207739,0
241092_186266,0
241092_273622,1
241096_210407,0
241096_194227,0
241096_58299,0
241096_179378,0
241096_94807,0
241096_190001,1
241102_108712,0
241102_260964,0
241102_63542,1
241102_129028,1
241102_42770,1
241102_183431,1
241105_49968,1
241105_163198,1
241105_7740,1
241105_66593,1
241105_289872,0
241105_69487,0
241109_242618,0
241109_282493,0
241109_48620,0
241109_166008,0
241109_59801,0
241109_6522,0
241114_84963,0
241114_66886,0
241114_78489,0
241114_176172,1
241114_56437,1
241114_215326,1
241115_43457,0
241115_120734,0
241115_46008,0
241115_82931,1
241115_151735,0
241115_247800,1
241116_97684,0
241116_103214,0
241116_289833,0
241116_70122,0
241116_191183,0
241116_9514,0
241124_240988,0
241124_292483,0
241124_31595,0
241124_91475,1
241124_108078,1
241124_240854,1
241126_139720,1
241126_77871,1
241126_37161,1
241126_261450,1
241126_158143,0
241126_109790,0
241128_124712,1
241128_190213,0
241128_200132,1
241128_40847,1
241128_278582,1
241128_205664,1
241130_31610,1
241130_13696,1
241130_104897,1
241130_237718,1
241130_285488,0
241130_220242,1
241135_109822,0
241135_249002,1
241135_162655,0
241135_50237,0
241135_169310,1
241135_165644,0
241138_31975,1
241138_183711,0
241138_252865,1
241138_63855,1
241138_54650,1
241138_152033,1
241142_64451,0
241142_272835,0
241142_239284,0
241142_231929,1
241142_117628,0
241142_149968,1
241143_133900,1
241143_132107,1
241143_210625,1
241143_294752,1
241143_267135,1
241143_238744,1
241145_70051,1
241145_95621,1
241145_40741,1
241145_70714,1
241145_240568,1
241145_263846,1
241146_287015,0
241146_290755,1
241146_152916,1
241146_222047,0
241146_19607,1
241146_197231,0
241148_49020,0
241148_100608,1
241148_211324,1
241148_83656,1
241148_22819,1
241148_124387,1
241150_129497,1
241150_103464,1
241150_69262,1
241150_228746,1
241150_14434,0
241150_270469,1
241151_284868,0
241151_194944,0
241151_230977,0
241151_228598,1
241151_207961,1
241151_180704,0
241153_19574,0
241153_64750,1
241153_114319,0
241153_163189,0
241153_107155,1
241153_171303,0
241156_87090,1
241156_155068,1
241156_271459,0
241156_165847,0
241156_209561,0
241156_78249,0
241157_140381,0
241157_107472,1
241157_43077,1
241157_263438,0
241157_67942,1
241157_34658,1
241158_152820,1
241158_12821,1
241158_179502,1
241158_54268,0
241158_59870,1
241158_150766,1
241159_36232,1
241159_82189,1
241159_141970,1
241159_121143,0
241159_24309,0
241159_158665,1
241160_255093,0
241160_180617,0
241160_107557,1
241160_244947,0
241160_135799,0
241160_216947,1
241162_130807,1
241162_34084,1
241162_251449,1
241162_113702,1
241162_258686,1
241162_262036,0
241163_130097,1
241163_260905,1
241163_8854,0
241163_218553,1
241163_239591,0
241163_92388,0
241165_43624,0
241165_19574,1
241165_143570,1
241165_30901,1
241165_20747,1
241165_294789,0
241169_101201,0
241169_70997,1
241169_174185,1
241169_227641,1
241169_271067,1
241169_195668,1
241170_175141,1
241170_9065,1
241170_131564,1
241170_129095,1
241170_51682,0
241170_1193,0
241172_38502,1
241172_137165,1
241172_98748,1
241172_143164,0
241172_197172,1
241172_157009,0
241175_89767,0
241175_59,0
241175_55290,0
241175_127473,1
241175_68360,1
241175_268974,1
241176_31328,0
241176_65650,0
241176_207763,0
241176_9521,0
241176_135415,0
241176_174660,0
241178_47330,1
241178_243041,1
241178_252234,1
241178_56976,0
241178_278582,1
241178_209467,1
241179_88613,1
241179_65432,1
241179_160291,0
241179_49231,0
241179_47768,0
241179_263932,1
241181_150387,0
241181_232977,1
241181_208775,0
241181_266877,0
241181_49271,0
241181_257011,1
241182_255925,1
241182_94498,1
241182_141058,1
241182_229320,0
241182_46661,0
241182_193234,1
241183_15821,1
241183_58222,0
241183_152243,1
241183_101872,1
241183_246494,0
241183_19340,0
241184_141484,1
241184_253265,1
241184_89497,1
241184_161310,1
241184_228026,1
241184_228892,1
241185_154473,0
241185_36576,1
241185_237655,1
241185_178704,1
241185_286121,1
241185_191060,0
241194_63782,0
241194_265553,0
241194_79474,0
241194_104041,0
241194_102696,0
241194_43492,0
241197_173007,1
241197_243183,0
241197_145760,1
241197_163866,1
241197_110260,0
241197_236352,1
241204_66859,0
241204_109120,1
241204_13493,1
241204_119006,1
241204_252034,0
241204_94829,0
241205_226320,0
241205_256044,0
241205_64788,1
241205_198206,0
241205_169310,0
241205_70906,0
241206_269901,1
241206_154152,0
241206_75113,1
241206_247769,1
241206_208331,1
241206_42707,1
241207_287940,1
241207_207890,1
241207_166082,1
241207_241109,1
241207_188639,0
241207_107959,0
241216_89480,1
241216_137344,0
241216_46629,1
241216_211207,1
241216_262921,0
241216_242808,0
241218_177998,0
241218_123128,0
241218_105828,1
241218_254092,1
241218_252799,1
241218_124732,1
241221_178269,0
241221_30905,0
241221_14811,0
241221_146087,0
241221_104050,0
241221_85914,0
241222_3109,1
241222_137657,0
241222_125669,0
241222_71398,0
241222_23480,0
241222_190001,0
241227_222011,1
241227_192339,1
241227_47761,1
241227_254837,0
241227_45553,1
241227_152980,0
241231_67583,1
241231_3295,1
241231_49270,0
241231_24426,1
241231_257220,0
241231_196860,1
241233_23867,1
241233_91629,0
241233_48416,0
241233_65179,1
241233_287730,1
241233_252436,0
241234_20460,1
241234_45627,1
241234_38825,0
241234_59047,1
241234_6688,1
241234_237634,0
241238_199310,1
241238_158428,1
241238_41254,1
241238_50442,0
241238_261126,0
241238_85485,0
241239_133906,1
241239_34115,0
241239_31440,0
241239_110494,0
241239_138953,0
241239_1139,1
241242_128032,1
241242_130821,0
241242_214892,1
241242_93851,0
241242_105861,0
241242_272197,0
241244_287718,0
241244_271070,1
241244_198890,1
241244_165847,1
241244_117082,0
241244_49580,1
241245_142075,1
241245_179511,0
241245_149602,1
241245_12896,0
241245_122532,1
241245_79770,1
241248_242934,0
241248_209957,0
241248_59493,1
241248_278687,1
241248_261160,0
241248_41147,1
241249_195739,1
241249_202580,1
241249_290233,0
241249_94659,0
241249_190024,0
241249_108161,1
241250_93866,0
241250_189192,0
241250_262193,1
241250_31440,1
241250_22723,0
241250_43031,1
241251_189775,1
241251_83157,1
241251_98681,1
241251_197270,1
241251_41735,1
241251_214191,1
241252_171830,1
241252_121862,0
241252_133594,1
241252_19037,1
241252_68223,1
241252_152229,1
241253_56544,1
241253_84861,1
241253_244947,1
241253_255065,1
241253_142878,1
241253_184188,1
241256_89332,1
241256_70213,1
241256_211968,1
241256_253858,1
241256_169099,0
241256_27277,1
241262_159976,1
241262_115710,0
241262_287377,1
241262_220738,0
241262_151555,1
241262_211072,1
241264_56855,1
241264_266176,1
241264_69262,1
241264_79784,1
241264_72993,1
241264_2686,1
241265_129106,0
241265_35669,0
241265_252774,1
241265_62226,1
241265_62052,1
241265_86176,0
241269_19115,0
241269_248745,0
241269_195582,0
241269_70213,0
241269_87671,1
241269_239498,1
241270_196656,0
241270_89307,1
241270_46830,1
241270_44323,0
241270_134566,0
241270_113233,0
241271_187491,1
241271_261180,1
241271_11375,0
241271_39268,1
241271_132146,1
241271_289903,0
241272_113895,1
241272_53505,0
241272_205117,1
241272_223296,0
241272_148634,0
241272_238633,1
241273_192889,0
241273_88452,1
241273_106948,1
241273_62974,0
241273_208656,1
241273_19434,1
241274_20460,1
241274_214945,1
241274_172280,0
241274_129095,1
241274_117590,0
241274_289184,0
241277_22727,1
241277_40429,1
241277_217344,1
241277_172806,1
241277_265838,0
241277_70150,0
241280_196825,1
241280_8201,1
241280_158925,1
241280_140161,1
241280_295024,1
241280_46661,1
241282_6522,1
241282_229465,1
241282_177632,0
241282_263787,0
241282_95864,0
241282_115810,0
241284_253355,1
241284_241871,1
241284_208029,0
241284_104222,0
241284_78123,1
241284_134025,1
241285_204340,1
241285_132003,1
241285_258448,0
241285_188580,1
241285_50373,0
241285_3307,0
241287_218525,0
241287_228140,1
241287_158348,1
241287_63855,0
241287_278345,0
241287_260185,1
241288_48821,0
241288_242681,0
241288_150846,0
241288_187566,1
241288_72878,1
241288_268388,1
241290_113233,0
241290_242681,0
241290_23611,0
241290_286440,0
241290_90442,1
241290_38716,1
241292_21811,1
241292_76685,0
241292_164017,1
241292_184940,1
241292_258741,0
241292_15839,1
241293_255491,1
241293_279597,0
241293_141411,1
241293_279300,0
241293_108170,1
241293_33100,1
241294_156915,1
241294_97913,1
241294_35457,1
241294_128,1
241294_227559,0
241294_43528,1
241296_279622,0
241296_111746,1
241296_125770,1
241296_147254,0
241296_210303,1
241296_68542,0
241298_183159,1
241298_76149,0
241298_151924,0
241298_60913,1
241298_163979,0
241298_142922,1
241299_235725,0
241299_190407,0
241299_251902,1
241299_294590,1
241299_276983,0
241299_20185,0
241301_103841,1
241301_5599,0
241301_25511,0
241301_91145,1
241301_161124,1
241301_39896,1
241302_214979,1
241302_256424,1
241302_141785,0
241302_202550,0
241302_182009,1
241302_4027,1
241303_162582,0
241303_190154,1
241303_77330,1
241303_185196,1
241303_174226,1
241303_172197,0
241304_41316,0
241304_231599,1
241304_228905,1
241304_115385,1
241304_223978,1
241304_102621,1
241305_205327,0
241305_132105,1
241305_66049,1
241305_23323,0
241305_42908,1
241305_131585,0
241306_73201,0
241306_150403,0
241306_102420,0
241306_278691,1
241306_213206,0
241306_247218,0
241307_142747,1
241307_285823,0
241307_133701,1
241307_262835,1
241307_199965,1
241307_45564,0
241310_42331,1
241310_188676,0
241310_3109,0
241310_163568,0
241310_164793,0
241310_134456,1
241313_281146,0
241313_164381,1
241313_82634,1
241313_160489,0
241313_12984,1
241313_172093,0
241316_205664,0
241316_210858,0
241316_262944,0
241316_83063,0
241316_42770,1
241316_63433,0
241322_219104,0
241322_12189,1
241322_5207,1
241322_160914,1
241322_106776,1
241322_278188,0
241323_119095,1
241323_7556,1
241323_34998,0
241323_141422,1
241323_132179,1
241323_227079,0
241328_264496,1
241328_41140,0
241328_84988,0
241328_95580,1
241328_271496,1
241328_22940,1
241330_58517,0
241330_190001,0
241330_14994,0
241330_113233,0
241330_50889,1
241330_215223,1
241332_27668,1
241332_69315,0
241332_127372,1
241332_84531,1
241332_38202,0
241332_129322,1
241333_289208,1
241333_130023,1
241333_229424,0
241333_38543,0
241333_240417,0
241333_39577,0
241336_124416,0
241336_234432,1
241336_81322,1
241336_89164,1
241336_29689,0
241336_123542,0
241337_94893,1
241337_279408,1
241337_101013,0
241337_261631,1
241337_86231,1
241337_238161,1
241338_12228,1
241338_266022,0
241338_162846,0
241338_13899,0
241338_185223,1
241338_19530,1
241339_94705,1
241339_181408,0
241339_210372,0
241339_177409,1
241339_152837,1
241339_135089,0
241340_114459,0
241340_147248,1
241340_179540,0
241340_146395,0
241340_39805,0
241340_74716,0
241344_45549,1
241344_179998,1
241344_207343,1
241344_96162,1
241344_182297,0
241344_270522,1
241345_42769,1
241345_288120,1
241345_225020,0
241345_177982,1
241345_197609,1
241345_24617,1
241348_124387,1
241348_234728,1
241348_229894,0
241348_184634,1
241348_231726,1
241348_153491,1
241349_67864,0
241349_212666,0
241349_81309,1
241349_80308,0
241349_270541,0
241349_145316,0
241351_12572,0
241351_160856,0
241351_270929,0
241351_264826,0
241351_284760,1
241351_79419,0
241352_291135,1
241352_94915,0
241352_81651,0
241352_129019,1
241352_261904,1
241352_109681,0
241354_106966,0
241354_35037,0
241354_274264,0
241354_115478,0
241354_207845,0
241354_246219,0
241355_201247,1
241355_64481,0
241355_104583,0
241355_225329,1
241355_266405,0
241355_102800,1
241357_188397,0
241357_5207,1
241357_158605,0
241357_112225,1
241357_259286,1
241357_46629,1
241358_233454,0
241358_70306,0
241358_92589,1
241358_285012,0
241358_293108,0
241358_240094,0
241361_15972,0
241361_255092,1
241361_56551,1
241361_172420,1
241361_98909,1
241361_151220,1
241362_206900,0
241362_52659,0
241362_6590,0
241362_243723,1
241362_68625,1
241362_144313,0
241366_145554,1
241366_188838,0
241366_1657,1
241366_50162,0
241366_252835,1
241366_48508,1
241367_207948,0
241367_157486,0
241367_176270,1
241367_224734,0
241367_178753,0
241367_227898,1
241370_288091,1
241370_229468,1
241370_139135,1
241370_13641,1
241370_50914,0
241370_73557,1
241371_293773,0
241371_92023,0
241371_232541,0
241371_266994,0
241371_21383,0
241371_204627,0
241375_289330,1
241375_36341,1
241375_281896,1
241375_225031,1
241375_88123,0
241375_211588,0
241380_136247,1
241380_151866,1
241380_88128,0
241380_143746,1
241380_47591,1
241380_99448,1
241385_104768,0
241385_44287,0
241385_8940,1
241385_45387,0
241385_89280,1
241385_273395,1
241387_143770,1
241387_157571,0
241387_287273,0
241387_69162,0
241387_152680,0
241387_49491,0
241393_176216,1
241393_193216,1
241393_76680,0
241393_158110,0
241393_15304,0
241393_271488,1
241394_239042,1
241394_279398,1
241394_111720,1
241394_266465,1
241394_267275,0
241394_138173,1
241397_5180,1
241397_280138,1
241397_250072,0
241397_207394,1
241397_236250,0
241397_184197,1
241398_134578,0
241398_139505,1
241398_125621,1
241398_111720,0
241398_269846,0
241398_78661,1
241399_54559,1
241399_105075,1
241399_193262,1
241399_71195,1
241399_29894,1
241399_108780,1
241401_96679,1
241401_44519,0
241401_181309,1
241401_148053,1
241401_89161,0
241401_140360,0
241406_216209,0
241406_42632,0
241406_193475,1
241406_239282,0
241406_72718,1
241406_93068,0
241407_66385,1
241407_81075,0
241407_187117,1
241407_273785,0
241407_79450,0
241407_260507,1
241408_176480,1
241408_194950,0
241408_1334,0
241408_248870,0
241408_122138,1
241408_143463,0
241410_232559,0
241410_52945,0
241410_71369,0
241410_294186,0
241410_276832,0
241410_268917,0
241411_188639,1
241411_230971,0
241411_176586,0
241411_208563,1
241411_230122,1
241411_53966,1
241412_124974,1
241412_85596,1
241412_202207,0
241412_219895,1
241412_57259,1
241412_89354,1
241413_80165,1
241413_39841,0
241413_201399,1
241413_178002,0
241413_285365,1
241413_218168,0
241415_198832,1
241415_257605,0
241415_98284,0
241415_260780,1
241415_164737,1
241415_277867,1
241416_152151,1
241416_163095,1
241416_184817,1
241416_111701,0
241416_13796,1
241416_84939,1
241417_105115,1
241417_159696,0
241417_186923,1
241417_173538,0
241417_242954,1
241417_277785,1
241419_22937,1
241419_25107,1
241419_128370,1
241419_120446,1
241419_269488,0
241419_90305,1
241421_93011,0
241421_135071,0
241421_170556,0
241421_249320,0
241421_170344,0
241421_12654,0
241423_136523,1
241423_87643,1
241423_249929,0
241423_141772,1
241423_64561,1
241423_97235,0
241426_10794,1
241426_204936,1
241426_257712,1
241426_233760,0
241426_196327,0
241426_10080,1
241432_219995,1
241432_70211,0
241432_84591,0
241432_113794,1
241432_54650,1
241432_154016,1
241434_34020,1
241434_89615,0
241434_67593,0
241434_241376,1
241434_212391,1
241434_285227,1
241445_126448,0
241445_39840,0
241445_176455,0
241445_111621,0
241445_217416,0
241445_135442,0
241450_18466,0
241450_93494,0
241450_154323,0
241450_171324,0
241450_282709,1
241450_10522,0
241451_55250,1
241451_292863,0
241451_47901,1
241451_289946,0
241451_200432,1
241451_214812,1
241452_213013,0
241452_214746,0
241452_289357,1
241452_289330,0
241452_28591,0
241452_37880,0
241455_254402,1
241455_235691,1
241455_3436,1
241455_268929,1
241455_279229,0
241455_93263,0
241456_139858,1
241456_279887,1
241456_28904,0
241456_57111,0
241456_157784,0
241456_186481,0
241457_57114,0
241457_189273,0
241457_113981,0
241457_159757,1
241457_1835,1
241457_249827,1
241458_74296,1
241458_146336,1
241458_105609,1
241458_228598,1
241458_206582,1
241458_46015,1
241459_229538,1
241459_182890,0
241459_33549,1
241459_227329,1
241459_280508,1
241459_170809,1
241460_31353,1
241460_69821,1
241460_127879,0
241460_78147,0
241460_262140,0
241460_159155,1
241462_78365,0
241462_237656,1
241462_21703,0
241462_216012,0
241462_208331,0
241462_11535,1
241464_28851,1
241464_278311,1
241464_282423,1
241464_66637,0
241464_81705,1
241464_51234,1
241467_30983,1
241467_214994,1
241467_53156,1
241467_189222,1
241467_69586,1
241467_278906,0
241470_84561,1
241470_50604,0
241470_110082,1
241470_223248,1
241470_131097,0
241470_122429,0
241472_264522,1
241472_147802,0
241472_478,0
241472_173627,0
241472_99944,1
241472_61335,1
241476_200797,1
241476_138809,1
241476_188035,0
241476_932,1
241476_38543,0
241476_125872,0
241477_249735,0
241477_19615,0
241477_3569,0
241477_42460,0
241477_177409,1
241477_181681,0
241478_12477,0
241478_221629,0
241478_172369,0
241478_180306,1
241478_262659,1
241478_110918,0
241479_19886,0
241479_76149,0
241479_254494,0
241479_150387,0
241479_152110,1
241479_157155,0
241480_23138,1
241480_149535,1
241480_23518,1
241480_204565,0
241480_33490,0
241480_154752,0
241481_171086,0
241481_42730,0
241481_268974,1
241481_170480,1
241481_108546,0
241481_258142,1
241483_29863,0
241483_2252,1
241483_161509,0
241483_101871,1
241483_55458,1
241483_191108,1
241487_122933,1
241487_15178,1
241487_237816,0
241487_173059,0
241487_158974,0
241487_131453,1
241494_152491,1
241494_41340,1
241494_281792,0
241494_155353,1
241494_38015,1
241494_175560,1
241496_208119,0
241496_215400,0
241496_14485,0
241496_132540,1
241496_10320,1
241496_148142,1
241499_136546,1
241499_134337,1
241499_41843,1
241499_244657,1
241499_161126,1
241499_32601,1
241501_179378,1
241501_40739,0
241501_200767,0
241501_94575,0
241501_190641,0
241501_108149,0
241503_267065,1
241503_73508,1
241503_121132,1
241503_32899,0
241503_64480,0
241503_207806,1
241510_207449,1
241510_115183,1
241510_226380,1
241510_122117,1
241510_83669,1
241510_106788,1
241511_263249,1
241511_6548,0
241511_99611,0
241511_87090,1
241511_134628,0
241511_74812,0
241515_236909,0
241515_130023,1
241515_97206,1
241515_134948,1
241515_55871,1
241515_3859,1
241519_3324,0
241519_75744,1
241519_287444,1
241519_226675,1
241519_218465,0
241519_34597,0
241521_33195,0
241521_24851,0
241521_164274,1
241521_220786,0
241521_2646,0
241521_69004,0
241524_35284,0
241524_69797,1
241524_93084,1
241524_106455,0
241524_278103,0
241524_228598,1
241527_196882,1
241527_137479,0
241527_259918,0
241527_276411,1
241527_171895,0
241527_240664,1
241529_254181,0
241529_199786,1
241529_123546,1
241529_227397,1
241529_132249,0
241529_208650,0
241530_70541,1
241530_276396,1
241530_218984,1
241530_82114,0
241530_1166,0
241530_90791,1
241531_152820,1
241531_223841,0
241531_228690,1
241531_210352,1
241531_262012,1
241531_72875,1
241532_51234,1
241532_270526,1
241532_26131,1
241532_157001,0
241532_18486,0
241532_214729,1
241533_284374,0
241533_231321,0
241533_61826,0
241533_50076,1
241533_154286,1
241533_98777,0
241536_63174,0
241536_204240,1
241536_13446,1
241536_224122,1
241536_69556,1
241536_143570,1
241537_95580,1
241537_220317,1
241537_89497,1
241537_253765,1
241537_62347,1
241537_32841,0
241541_155158,1
241541_43473,1
241541_76184,1
241541_167303,1
241541_176639,1
241541_187566,1
241546_25371,0
241546_190587,1
241546_143734,1
241546_119064,1
241546_113233,0
241546_13543,1
241553_25700,1
241553_67509,1
241553_86191,1
241553_188147,1
241553_166677,1
241553_156478,0
241555_207784,1
241555_86094,1
241555_266744,0
241555_21072,1
241555_71789,0
241555_82166,0
241556_127970,1
241556_266317,1
241556_212308,0
241556_209948,1
241556_162725,1
241556_93495,0
241557_161183,0
241557_49203,1
241557_173949,1
241557_188352,0
241557_261653,1
241557_43260,0
241561_7638,1
241561_101871,1
241561_51765,1
241561_88840,1
241561_21657,1
241561_271734,0
241566_261483,1
241566_53964,0
241566_23022,0
241566_156112,0
241566_114350,1
241566_209496,1
241567_145490,0
241567_238021,1
241567_47697,1
241567_143547,1
241567_146263,0
241567_100033,0
241570_84030,1
241570_64665,1
241570_279128,1
241570_80050,1
241570_235536,1
241570_258824,1
241571_112535,0
241571_119245,0
241571_220476,0
241571_226304,0
241571_291149,0
241571_223316,1
241573_129410,1
241573_47084,1
241573_34839,0
241573_91188,1
241573_246046,1
241573_276467,0
241579_36641,1
241579_265581,1
241579_271024,0
241579_124109,1
241579_112821,0
241579_31945,1
241581_212733,0
241581_163568,1
241581_80339,0
241581_13641,1
241581_104192,0
241581_288091,1
241583_96103,1
241583_194192,0
241583_40763,1
241583_160440,1
241583_80982,0
241583_190099,1
241592_12562,1
241592_134081,1
241592_96327,1
241592_63466,1
241592_181901,1
241592_93795,0
241593_180704,1
241593_106094,0
241593_204802,0
241593_220488,1
241593_76222,1
241593_57311,0
241594_131564,1
241594_108341,1
241594_274884,1
241594_86038,0
241594_270454,1
241594_32234,1
241595_44250,1
241595_252250,1
241595_19314,1
241595_234470,1
241595_66338,1
241595_74071,1
241597_130771,1
241597_230245,1
241597_42344,0
241597_75648,1
241597_168694,1
241597_18486,0
241599_60913,1
241599_80916,1
241599_53367,0
241599_187117,1
241599_174387,0
241599_250273,1
241600_261653,1
241600_58972,0
241600_232056,0
241600_75361,0
241600_144424,0
241600_267955,0
241604_17773,0
241604_81061,0
241604_37785,0
241604_225329,1
241604_8544,1
241604_76222,0
241606_86266,0
241606_209446,0
241606_27372,0
241606_9514,0
241606_156202,0
241606_272900,0
241613_147382,1
241613_156293,0
241613_63902,0
241613_245391,0
241613_199176,1
241613_166193,1
241615_111462,0
241615_255658,0
241615_14623,0
241615_215861,0
241615_5310,0
241615_126887,0
241618_266209,0
241618_244533,1
241618_173874,0
241618_239676,1
241618_167947,1
241618_126816,1
241619_139497,1
241619_42334,1
241619_273670,0
241619_171025,1
241619_109336,0
241619_136234,1
241620_427,0
241620_9329,0
241620_160121,1
241620_175211,0
241620_61617,0
241620_92449,1
241621_270757,1
241621_120563,1
241621_226836,1
241621_270907,1
241621_107137,1
241621_109056,1
241622_76547,0
241622_48297,0
241622_185584,0
241622_21773,0
241622_127129,0
241622_26097,0
241624_173767,0
241624_107922,1
241624_143734,1
241624_54217,1
241624_266720,0
241624_7021,0
241629_62830,1
241629_265599,1
241629_183079,1
241629_261789,1
241629_116925,1
241629_197629,1
241630_235341,1
241630_40722,1
241630_31158,1
241630_114258,1
241630_97117,1
241630_109667,1
241634_111346,1
241634_144455,0
241634_102211,1
241634_223566,0
241634_124847,0
241634_34152,1
241635_141378,1
241635_135466,0
241635_284333,1
241635_168567,1
241635_162268,0
241635_176946,0
241641_289737,0
241641_235660,0
241641_96378,0
241641_4351,1
241641_188408,0
241641_196916,0
241644_167873,1
241644_111746,0
241644_261666,1
241644_86212,1
241644_179433,0
241644_53787,0
241648_196126,0
241648_253792,1
241648_285508,0
241648_173074,1
241648_110754,1
241648_182581,1
241649_101847,0
241649_187956,0
241649_102735,1
241649_111151,0
241649_277694,1
241649_263044,1
241652_65568,0
241652_208751,0
241652_20629,0
241652_255003,0
241652_156913,1
241652_185900,0
241653_220449,0
241653_81511,1
241653_164490,1
241653_51081,1
241653_294282,0
241653_161049,0
241654_77348,0
241654_179385,0
241654_5207,1
241654_194060,0
241654_20572,0
241654_143570,0
241657_176515,1
241657_226889,1
241657_223326,0
241657_205041,0
241657_27209,1
241657_273180,1
241659_201726,0
241659_6383,1
241659_8910,1
241659_107247,0
241659_119536,1
241659_101960,0
241663_124769,0
241663_161398,0
241663_97998,0
241663_110067,0
241663_14776,1
241663_10062,0
241664_188408,1
241664_145607,1
241664_255799,0
241664_80050,1
241664_13390,1
241664_29336,0
241665_26012,1
241665_282320,0
241665_88840,0
241665_72785,1
241665_87357,0
241665_272547,0
241666_88025,1
241666_135799,1
241666_194950,1
241666_181490,1
241666_211324,0
241666_88924,1
241668_110014,0
241668_74610,0
241668_235658,0
241668_134225,0
241668_183023,0
241668_109544,0
241670_137615,0
241670_272039,0
241670_170240,1
241670_30271,0
241670_286512,0
241670_103628,0
241671_119229,0
241671_101190,1
241671_134743,0
241671_3916,0
241671_27823,1
241671_123988,1
241673_185182,0
241673_78166,1
241673_148181,0
241673_9135,0
241673_151024,1
241673_192015,1
241680_101297,1
241680_59774,1
241680_31300,1
241680_29238,1
241680_119458,1
241680_292863,1
241682_139601,0
241682_195739,1
241682_245877,0
241682_85623,0
241682_202938,0
241682_253906,0
241684_172175,0
241684_248692,1
241684_25597,1
241684_228491,1
241684_131564,1
241684_105839,1
241685_101871,1
241685_275881,0
241685_187664,0
241685_278717,0
241685_115095,1
241685_174813,1
241688_217529,1
241688_69619,1
241688_13390,0
241688_59682,0
241688_273174,0
241688_205664,0
241691_104996,0
241691_268110,1
241691_274808,1
241691_1640,1
241691_264496,1
241691_186481,1
241705_99448,1
241705_234884,1
241705_167490,0
241705_121931,1
241705_241854,0
241705_138683,0
241707_214851,1
241707_238016,1
241707_221282,1
241707_160930,1
241707_112507,0
241707_163682,1
241710_104192,1
241710_185260,1
241710_128732,1
241710_292905,1
241710_53451,1
241710_264690,1
241715_139032,1
241715_292576,0
241715_150769,0
241715_173538,0
241715_185569,0
241715_256169,1
241717_78994,1
241717_52559,1
241717_160180,1
241717_99692,0
241717_238389,1
241717_115100,1
241720_204169,1
241720_27075,0
241720_184670,1
241720_159105,1
241720_20206,0
241720_7188,0
241721_113224,1
241721_240,0
241721_19543,0
241721_271351,1
241721_1631,1
241721_250829,0
241723_292483,0
241723_196896,0
241723_256019,1
241723_274700,0
241723_145184,0
241723_229894,1
241724_64299,1
241724_23480,0
241724_54636,1
241724_105119,0
241724_216902,1
241724_67942,1
241726_212960,1
241726_22679,0
241726_9280,1
241726_168065,1
241726_18433,0
241726_268984,0
241729_136077,0
241729_199231,1
241729_192527,0
241729_137940,1
241729_114001,1
241729_286228,0
241730_168413,1
241730_291248,0
241730_91651,0
241730_239091,1
241730_220488,0
241730_164732,1
241734_180065,0
241734_242681,1
241734_106370,1
241734_70203,0
241734_47554,0
241734_279863,1
241736_15776,0
241736_22451,0
241736_207101,0
241736_229894,0
241736_231363,0
241736_40223,0
241738_262659,0
241738_193475,0
241738_62265,1
241738_246593,1
241738_271092,1
241738_162334,1
241739_44636,1
241739_55613,1
241739_253426,0
241739_290629,1
241739_270247,0
241739_98976,0
241740_92193,0
241740_35423,0
241740_74879,0
241740_1222,0
241740_113233,1
241740_42331,1
241741_13679,0
241741_277360,1
241741_278454,1
241741_250234,1
241741_148362,1
241741_143892,0
241742_21415,1
241742_106036,1
241742_148688,0
241742_214729,1
241742_39465,1
241742_208755,1
241744_263958,1
241744_145991,0
241744_57581,1
241744_30218,0
241744_149954,0
241744_215074,1
241753_5414,0
241753_46594,1
241753_150670,1
241753_295201,0
241753_171524,1
241753_60175,1
241754_154286,1
241754_199601,0
241754_252799,0
241754_25974,1
241754_128562,1
241754_152573,1
241756_246130,1
241756_276223,1
241756_263109,0
241756_177230,0
241756_141400,0
241756_156551,1
241759_119532,0
241759_219726,1
241759_214785,0
241759_38933,1
241759_197997,1
241759_73557,0
241761_123130,1
241761_205714,1
241761_292863,1
241761_154210,1
241761_294973,1
241761_8438,1
241765_260228,1
241765_194270,0
241765_145903,0
241765_144499,1
241765_97023,0
241765_169538,0
241766_168209,1
241766_181804,0
241766_232041,0
241766_260755,1
241766_19357,1
241766_43473,0
241767_15876,1
241767_64788,1
241767_206024,1
241767_31221,1
241767_94498,1
241767_125926,1
241769_249183,1
241769_70259,0
241769_131275,0
241769_263999,1
241769_45337,1
241769_270905,0
241770_37175,1
241770_126307,1
241770_116312,1
241770_229979,0
241770_167055,1
241770_42324,0
241773_68364,0
241773_95537,1
241773_139044,0
241773_27046,0
241773_247481,0
241773_204340,1
241774_210990,1
241774_225319,0
241774_148439,1
241774_56330,0
241774_173260,1
241774_86741,1
241776_17381,0
241776_201623,1
241776_119394,0
241776_251839,1
241776_281818,0
241776_213387,0
241781_228925,0
241781_170146,0
241781_144270,1
241781_206939,1
241781_57680,1
241781_294616,1
241794_52984,1
241794_26279,1
241794_229916,1
241794_121386,1
241794_266705,0
241794_208024,0
241795_89107,0
241795_219770,0
241795_60913,0
241795_35308,1
241795_288240,0
241795_191585,1
241798_105450,0
241798_246470,0
241798_229174,0
241798_255653,1
241798_11483,1
241798_271496,1
241799_146280,0
241799_64402,1
241799_268974,1
241799_21220,1
241799_22451,0
241799_245789,0
241803_242840,1
241803_294752,1
241803_86734,1
241803_193825,1
241803_286400,1
241803_169945,1
241808_77246,1
241808_42375,1
241808_167596,1
241808_173630,1
241808_19310,1
241808_102978,1
241811_35782,1
241811_65673,0
241811_35446,1
241811_63310,1
241811_248074,1
241811_49933,1
241818_131633,0
241818_67012,1
241818_158874,0
241818_137071,0
241818_107365,1
241818_130352,0
241820_160238,1
241820_45250,0
241820_77434,1
241820_57491,1
241820_177482,0
241820_159871,1
241821_33041,0
241821_234867,0
241821_196130,1
241821_42539,1
241821_243037,0
241821_248205,1
241823_260343,0
241823_40326,1
241823_51665,0
241823_250601,1
241823_212331,1
241823_285002,1
241828_129672,0
241828_200797,1
241828_191213,1
241828_48399,1
241828_256552,0
241828_234726,0
241829_236939,1
241829_69843,1
241829_87040,1
241829_197423,0
241829_269227,1
241829_213761,1
241830_248267,1
241830_95864,0
241830_50515,1
241830_270880,1
241830_271941,0
241830_96327,1
241831_6512,1
241831_113028,0
241831_191626,0
241831_35265,1
241831_163866,0
241831_85630,0
241833_282418,1
241833_9810,1
241833_288698,1
241833_11437,1
241833_39046,1
241833_253767,0
241836_3413,1
241836_117254,1
241836_224054,1
241836_231206,1
241836_3620,1
241836_253988,0
241837_104057,0
241837_64481,1
241837_26097,1
241837_209481,0
241837_141531,0
241837_145108,0
241841_24050,1
241841_61953,1
241841_127392,1
241841_76820,0
241841_240332,1
241841_185289,1
241842_166621,1
241842_260507,1
241842_197073,0
241842_269270,1
241842_285546,0
241842_138862,1
241851_182710,1
241851_238508,1
241851_237679,1
241851_39925,1
241851_24820,1
241851_175250,1
241852_46993,0
241852_11437,0
241852_274796,0
241852_149819,0
241852_42685,1
241852_220067,1
241855_172175,1
241855_92770,1
241855_125110,1
241855_201675,1
241855_147461,1
241855_111874,1
241858_131406,0
241858_199151,1
241858_150146,1
241858_207923,0
241858_188045,1
241858_243423,1
241863_261450,0
241863_120158,0
241863_204859,0
241863_97522,0
241863_196941,0
241863_146641,0
241864_43077,1
241864_138310,1
241864_253463,0
241864_278136,1
241864_78135,0
241864_76477,1
241865_172243,1
241865_289192,0
241865_146910,0
241865_24365,1
241865_269227,1
241865_280508,0
241869_84951,1
241869_6575,1
241869_36390,0
241869_139425,1
241869_86639,1
241869_196470,0
241875_144241,0
241875_184610,0
241875_103791,0
241875_143580,1
241875_153923,1
241875_167345,1
241877_247893,1
241877_96377,1
241877_6481,1
241877_95903,1
241877_70696,1
241877_134225,0
241878_180842,1
241878_144357,1
241878_276208,1
241878_118803,1
241878_271783,1
241878_155194,1
241881_126739,1
241881_111342,1
241881_269348,1
241881_289237,0
241881_72875,0
241881_80379,1
241883_255239,1
241883_282896,1
241883_214979,1
241883_149241,1
241883_71977,1
241883_275660,1
241888_169604,0
241888_253460,1
241888_26275,0
241888_169253,0
241888_290733,0
241888_245539,0
241890_267861,1
241890_183711,1
241890_228933,0
241890_48962,1
241890_155413,1
241890_44405,1
241893_131302,1
241893_158607,0
241893_233916,0
241893_240909,0
241893_203607,0
241893_114374,0
241894_13641,1
241894_190345,0
241894_76714,1
241894_222048,0
241894_156768,0
241894_250273,1
241895_205745,1
241895_76394,1
241895_281826,1
241895_108170,1
241895_122380,1
241895_6173,1
241896_291577,0
241896_146618,1
241896_207656,0
241896_153923,1
241896_293108,1
241896_7335,0
241897_31731,0
241897_175905,0
241897_82422,0
241897_136453,0
241897_145221,1
241897_179933,0
241898_233577,0
241898_21089,0
241898_106619,1
241898_68044,0
241898_138312,0
241898_162334,0
241899_188589,0
241899_32226,1
241899_103334,0
241899_170556,0
241899_170180,1
241899_293258,1
241900_211217,0
241900_226836,1
241900_110556,0
241900_77875,1
241900_146446,0
241900_215325,1
241902_227587,1
241902_32923,1
241902_256209,1
241902_181316,1
241902_218867,1
241902_282423,1
241903_192375,1
241903_252381,1
241903_184020,1
241903_267135,1
241903_210455,0
241903_45723,1
241904_18433,0
241904_168264,0
241904_123354,0
241904_228928,0
241904_267965,1
241904_197465,0
241908_21593,0
241908_181305,0
241908_70376,0
241908_9321,0
241908_67007,0
241908_68144,0
241909_117038,1
241909_278805,1
241909_78229,1
241909_12847,1
241909_264991,1
241909_159603,1
241910_28311,0
241910_21868,1
241910_209138,1
241910_162334,1
241910_60681,1
241910_233000,1
241911_164191,0
241911_137479,0
241911_146661,0
241911_8379,0
241911_83901,1
241911_38207,1
241915_71686,1
241915_207462,0
241915_94419,0
241915_269551,1
241915_19530,0
241915_289540,0
241916_93128,1
241916_182848,1
241916_71357,0
241916_266085,0
241916_227141,1
241916_31142,1
241917_219075,0
241917_43879,0
241917_278136,1
241917_96254,0
241917_241106,0
241917_210002,0
241918_238348,1
241918_51481,0
241918_176916,0
241918_121901,1
241918_243273,1
241918_228598,0
241921_11716,0
241921_105715,0
241921_224846,0
241921_90722,0
241921_104422,0
241921_26219,0
241922_60913,1
241922_73477,1
241922_119052,1
241922_86732,1
241922_230101,1
241922_278233,1
241926_113065,1
241926_2612,1
241926_230725,1
241926_108735,0
241926_138683,0
241926_259393,0
241927_91343,0
241927_179540,0
241927_269824,0
241927_226566,0
241927_271100,0
241927_286426,0
241928_243349,0
241928_184197,0
241928_32540,0
241928_17645,1
241928_80820,1
241928_8596,1
241931_84951,0
241931_175211,0
241931_10800,0
241931_176639,0
241931_287260,1
241931_228146,0
241933_115381,1
241933_137243,0
241933_286329,0
241933_106354,0
241933_230460,0
241933_42073,1
241937_27480,1
241937_35278,1
241937_179079,0
241937_192726,1
241937_19036,0
241937_92994,0
241939_53916,0
241939_274276,0
241939_284691,0
241939_88589,1
241939_18067,1
241939_263499,1
241940_99448,1
241940_296020,1
241940_123542,0
241940_9514,1
241940_107931,1
241940_57209,0
241941_212873,1
241941_172257,1
241941_266872,1
241941_21020,0
241941_294233,1
241941_127083,1
241942_218326,1
241942_174689,0
241942_83656,0
241942_4575,1
241942_175668,1
241942_194120,1
241944_5791,1
241944_202706,1
241944_38663,1
241944_173650,1
241944_245668,1
241944_219639,0
241945_233112,0
241945_99448,0
241945_278717,1
241945_183238,1
241945_53755,0
241945_192349,0
241950_33195,1
241950_119772,1
241950_73675,1
241950_199939,1
241950_50273,1
241950_262883,0
241952_18051,1
241952_120580,1
241952_115598,0
241952_240451,0
241952_144463,0
241952_69926,0
241953_122555,1
241953_18645,1
241953_63483,1
241953_12922,1
241953_101368,1
241953_47950,1
241955_102769,1
241955_67353,0
241955_230521,0
241955_134414,0
241955_145624,1
241955_226320,0
241956_81951,0
241956_143081,1
241956_131209,1
241956_279481,1
241956_23135,1
241956_172024,0
241958_293484,0
241958_130918,1
241958_193256,0
241958_24607,0
241958_286977,1
241958_161,0
241960_30318,0
241960_212178,1
241960_117185,0
241960_192173,1
241960_8034,1
241960_188720,0
241964_120043,0
241964_128388,0
241964_42334,1
241964_36028,1
241964_50411,1
241964_177116,1
241969_182469,1
241969_197299,0
241969_263596,1
241969_30775,1
241969_191403,1
241969_198712,0
241977_73822,0
241977_173257,1
241977_184505,1
241977_55681,1
241977_114459,0
241977_43282,0
241981_179157,0
241981_239246,0
241981_94157,1
241981_268264,0
241981_35391,1
241981_148101,1
241983_134510,1
241983_231332,1
241983_135799,0
241983_22062,0
241983_33120,1
241983_185260,0
241986_209776,1
241986_135181,1
241986_22704,0
241986_242733,1
241986_271496,0
241986_144150,0
241989_86713,1
241989_149819,1
241989_55484,1
241989_187847,0
241989_18012,1
241989_59109,1
241991_41843,0
241991_141772,0
241991_76477,0
241991_216625,0
241991_17790,0
241991_272833,0
241992_94498,0
241992_134456,1
241992_241711,1
241992_294890,1
241992_109899,1
241992_177689,1
241993_114421,0
241993_179322,0
241993_47380,0
241993_193878,0
241993_73674,0
241993_188177,1
241997_20648,0
241997_167873,1
241997_120908,0
241997_107707,1
241997_292171,0
241997_10794,1
241998_275609,1
241998_197627,1
241998_248805,0
241998_282026,1
241998_282124,0
241998_266963,1
242000_100195,1
242000_125690,1
242000_197652,0
242000_57610,0
242000_10926,0
242000_51394,0
242005_113475,1
242005_121878,0
242005_177050,0
242005_199513,0
242005_188301,1
242005_255280,1
242006_102113,1
242006_133594,1
242006_29285,1
242006_192044,1
242006_112142,1
242006_68647,1
242008_214002,0
242008_294821,1
242008_36048,1
242008_80992,1
242008_70188,1
242008_158665,1
242009_137908,0
242009_167873,0
242009_47025,1
242009_89644,0
242009_72757,0
242009_219617,0
242013_224924,1
242013_11483,1
242013_178002,1
242013_123813,1
242013_72517,1
242013_92030,1
242014_78307,1
242014_120004,0
242014_228392,1
242014_54223,1
242014_169706,1
242014_110764,1
242016_103080,0
242016_294555,0
242016_65539,0
242016_267297,0
242016_76518,0
242016_6159,1
242017_88839,1
242017_163315,1
242017_136275,1
242017_281957,1
242017_152087,1
242017_89684,1
242019_225449,0
242019_174013,0
242019_215808,0
242019_275816,0
242019_180543,0
242019_190742,0
242020_10652,0
242020_160030,1
242020_217868,1
242020_259981,0
242020_161678,0
242020_163536,1
242021_104793,0
242021_221374,0
242021_257669,1
242021_192994,0
242021_128971,0
242021_48436,0
242038_259770,1
242038_220551,0
242038_210033,1
242038_17971,1
242038_289574,0
242038_253460,0
242039_211557,1
242039_9955,1
242039_63679,1
242039_93561,0
242039_271252,1
242039_17354,1
242040_260701,1
242040_281141,1
242040_13390,1
242040_267157,1
242040_88500,0
242040_192655,0
242042_140808,0
242042_279521,1
242042_272223,1
242042_91757,1
242042_221248,1
242042_58471,1
242045_246593,0
242045_6907,0
242045_60481,0
242045_190768,0
242045_159881,0
242045_56240,0
242046_35663,1
242046_213340,1
242046_216511,1
242046_163770,0
242046_715,0
242046_103870,1
242049_105893,1
242049_8522,1
242049_243515,1
242049_129117,1
242049_260846,1
242049_231141,1
242050_144942,1
242050_114836,0
242050_179849,0
242050_106548,0
242050_167873,1
242050_123848,0
242052_284760,1
242052_161608,0
242052_138558,1
242052_249743,0
242052_39477,0
242052_175759,1
242053_47961,0
242053_157899,0
242053_182581,0
242053_47958,1
242053_242527,0
242053_183662,0
242054_250753,1
242054_86340,0
242054_127768,0
242054_26382,0
242054_80138,1
242054_136234,0
242055_55324,0
242055_274923,1
242055_73519,1
242055_214897,1
242055_97544,1
242055_139452,1
242060_100342,1
242060_142804,1
242060_246124,0
242060_219794,0
242060_141480,1
242060_248440,1
242063_146263,0
242063_212847,0
242063_91385,0
242063_225499,0
242063_176843,0
242063_230797,0
242065_19688,0
242065_211969,1
242065_245841,1
242065_156802,1
242065_235049,0
242065_202473,0
242067_260399,0
242067_272763,0
242067_42246,1
242067_238912,0
242067_92631,1
242067_153638,0
242075_110463,0
242075_37686,0
242075_210656,0
242075_219084,1
242075_127024,1
242075_136523,1
242076_49962,1
242076_233293,1
242076_262192,1
242076_215342,1
242076_27232,1
242076_133876,1
242077_8189,0
242077_195839,0
242077_51867,0
242077_211900,0
242077_51965,0
242077_69797,0
242079_117379,1
242079_205862,0
242079_232937,0
242079_259880,1
242079_184385,0
242079_222174,1
242080_283708,0
242080_239826,0
242080_82308,0
242080_164142,0
242080_270196,0
242080_134431,0
242081_77873,1
242081_196470,1
242081_86757,1
242081_64855,0
242081_249423,0
242081_273581,1
242082_235014,1
242082_269648,1
242082_77048,1
242082_271941,0
242082_250825,0
242082_167608,1
242098_203414,1
242098_134111,0
242098_289169,1
242098_146911,0
242098_168677,0
242098_90031,0
242101_112519,0
242101_205320,1
242101_92557,0
242101_268388,0
242101_167977,1
242101_100438,0
242104_6575,0
242104_246304,0
242104_159496,0
242104_230460,0
242104_275018,0
242104_119926,0
242105_149382,1
242105_131856,0
242105_246504,1
242105_58433,0
242105_235999,0
242105_135875,1
242108_60074,1
242108_131863,0
242108_177654,0
242108_181816,1
242108_37677,0
242108_119772,0
242110_89247,1
242110_129467,0
242110_121931,1
242110_201442,1
242110_4942,0
242110_24748,1
242111_246593,1
242111_10794,1
242111_111344,0
242111_12080,1
242111_68280,0
242111_137268,1
242113_169042,1
242113_287406,1
242113_221618,1
242113_23797,0
242113_216343,1
242113_164737,1
242117_282197,1
242117_63516,0
242117_294437,0
242117_78779,0
242117_158606,1
242117_174948,1
242122_283474,0
242122_60791,0
242122_270814,0
242122_72768,1
242122_174181,0
242122_215608,0
242131_136552,1
242131_36350,1
242131_112855,1
242131_92711,0
242131_68647,0
242131_190154,1
242138_220177,0
242138_174203,1
242138_208687,0
242138_183326,1
242138_180133,1
242138_143654,1
242141_61145,0
242141_201032,0
242141_261346,1
242141_42460,0
242141_34398,0
242141_15405,1
242148_175759,1
242148_65156,1
242148_43783,1
242148_6770,0
242148_38761,0
242148_106788,1
242150_49548,1
242150_107155,0
242150_187036,0
242150_89364,0
242150_54238,1
242150_162728,1
242153_34940,1
242153_31039,1
242153_130595,0
242153_38287,1
242153_143780,0
242153_250097,1
242156_82927,1
242156_175250,1
242156_91894,1
242156_92711,1
242156_113233,1
242156_8442,0
242161_41244,0
242161_64822,1
242161_236533,1
242161_284429,0
242161_152939,0
242161_227657,1
242163_38933,0
242163_217008,0
242163_263438,0
242163_12386,0
242163_5389,0
242163_56165,0
242164_243378,0
242164_157001,1
242164_246470,1
242164_187787,1
242164_267135,1
242164_214851,1
242165_134155,0
242165_176221,1
242165_84824,0
242165_212835,0
242165_124833,1
242165_206102,1
242170_217591,1
242170_124442,1
242170_92292,0
242170_22716,1
242170_133302,0
242170_20797,1
242171_220811,0
242171_235654,1
242171_247100,1
242171_52670,0
242171_155378,0
242171_134225,0
242175_161578,1
242175_232322,1
242175_3324,0
242175_159630,1
242175_181674,0
242175_262684,0
242177_124587,1
242177_193887,1
242177_51937,0
242177_207110,1
242177_111183,1
242177_252994,1
242178_154323,0
242178_220488,1
242178_47517,0
242178_283527,1
242178_67879,1
242178_220792,0
242183_130747,0
242183_179502,1
242183_151424,0
242183_16374,1
242183_110918,1
242183_70213,0
242186_106071,0
242186_58258,1
242186_38168,1
242186_159549,1
242186_244947,1
242186_187566,0
242187_101494,0
242187_43457,1
242187_186515,0
242187_252389,0
242187_162112,0
242187_108161,1
242188_45937,0
242188_162367,0
242188_239100,1
242188_263958,1
242188_204649,0
242188_43077,0
242189_198686,0
242189_161227,1
242189_17116,1
242189_118623,1
242189_142764,1
242189_113576,1
242193_158663,0
242193_210224,1
242193_186399,1
242193_42334,1
242193_93611,0
242193_125944,1
242194_52572,0
242194_75229,0
242194_233247,1
242194_270430,0
242194_134106,1
242194_47433,0
242197_24748,1
242197_132373,1
242197_67996,1
242197_101868,1
242197_238707,1
242197_136234,0
242199_247890,0
242199_282558,0
242199_294703,1
242199_40651,1
242199_182596,1
242199_196286,1
242201_152652,1
242201_139002,1
242201_181441,1
242201_271100,1
242201_38557,1
242201_249966,1
242207_200378,1
242207_214553,1
242207_61379,0
242207_65532,0
242207_121328,0
242207_3413,1
242210_172024,0
242210_136316,1
242210_76951,1
242210_42255,1
242210_24566,0
242210_240432,1
242211_213072,0
242211_133764,0
242211_59395,0
242211_123890,0
242211_270653,1
242211_135699,0
242216_180595,0
242216_287260,1
242216_61072,0
242216_98878,0
242216_24419,1
242216_220428,1
242217_60913,0
242217_104207,0
242217_72875,0
242217_288954,0
242217_216205,0
242217_151987,0
242221_258687,1
242221_268110,1
242221_154286,0
242221_73524,1
242221_242536,0
242221_244079,1
242222_121760,1
242222_81902,1
242222_96772,0
242222_89656,0
242222_75858,1
242222_28948,1
242223_115052,1
242223_152357,1
242223_186913,1
242223_148886,0
242223_28445,0
242223_251349,0
242225_255065,0
242225_104050,0
242225_70431,1
242225_241881,0
242225_13446,0
242225_228486,0
242228_150776,0
242228_245613,0
242228_164152,0
242228_35807,1
242228_144463,0
242228_106679,0
242231_264575,1
242231_65494,1
242231_275222,1
242231_251357,1
242231_109620,1
242231_276093,0
242235_151220,0
242235_22076,1
242235_279927,1
242235_220604,1
242235_77125,1
242235_17317,0
242236_274796,1
242236_122589,0
242236_232059,1
242236_281521,1
242236_22687,0
242236_106835,1
242237_12690,0
242237_268257,1
242237_162950,1
242237_162851,1
242237_196319,1
242237_256407,0
242238_29334,1
242238_48696,0
242238_155084,1
242238_272272,0
242238_114346,1
242238_125450,0
242239_250665,1
242239_31836,1
242239_74016,0
242239_172175,1
242239_146264,1
242239_146570,1
242242_229612,1
242242_233293,0
242242_239656,1
242242_206474,1
242242_237635,0
242242_151697,0
242245_220276,1
242245_53167,0
242245_92035,1
242245_87814,0
242245_34503,1
242245_143692,1
242250_209165,1
242250_61273,0
242250_113112,1
242250_208048,1
242250_240741,1
242250_119407,0
242252_248895,1
242252_274480,1
242252_88927,0
242252_225690,1
242252_142870,1
242252_235715,1
242254_80992,1
242254_152043,0
242254_267614,0
242254_284262,1
242254_98190,0
242254_42754,1
242255_120967,0
242255_268779,1
242255_65935,1
242255_117529,0
242255_104839,1
242255_244686,1
242258_213839,0
242258_292317,0
242258_237625,0
242258_270426,0
242258_269227,0
242258_10640,0
242260_200314,0
242260_137720,1
242260_133594,1
242260_1779,0
242260_175765,1
242260_269124,0
242262_39401,1
242262_236433,0
242262_211276,0
242262_183243,0
242262_234115,0
242262_273219,0
242265_163708,0
242265_153410,1
242265_218416,1
242265_75630,0
242265_70878,1
242265_87336,1
242268_292071,0
242268_51965,0
242268_204462,0
242268_59510,0
242268_198034,0
242268_159936,0
242273_228660,1
242273_166203,1
242273_66368,1
242273_55021,0
242273_291102,1
242273_81561,1
242274_24547,1
242274_74024,0
242274_63662,1
242274_57114,0
242274_119532,1
242274_138480,1
242276_113182,0
242276_292477,0
242276_256424,1
242276_158665,0
242276_109393,0
242276_241941,0
242281_136724,1
242281_147249,0
242281_151595,0
242281_11769,0
242281_33195,0
242281_215390,0
242282_103044,1
242282_99081,1
242282_172679,1
242282_265160,1
242282_94390,1
242282_274209,1
242285_121123,0
242285_241553,0
242285_91978,1
242285_105251,1
242285_63471,0
242285_275729,1
242287_253678,0
242287_138596,1
242287_1618,1
242287_236674,1
242287_210229,1
242287_116246,1
242293_72969,1
242293_59778,0
242293_180381,0
242293_243070,0
242293_160112,0
242293_170625,1
242294_77684,0
242294_77207,0
242294_41510,0
242294_201482,0
242294_28371,0
242294_27085,0
242298_18970,1
242298_33409,0
242298_190154,1
242298_184551,1
242298_235533,1
242298_215515,1
242299_73524,0
242299_265285,0
242299_12091,1
242299_69602,1
242299_216902,1
242299_245276,1
242303_31746,1
242303_2455,1
242303_36224,1
242303_52757,1
242303_256525,0
242303_62493,1
242305_19326,1
242305_166193,0
242305_110928,0
242305_212610,1
242305_48278,0
242305_265455,0
242306_78961,1
242306_174713,1
242306_30244,1
242306_218715,0
242306_277960,1
242306_45864,1
242310_105306,1
242310_20747,1
242310_116741,1
242310_20036,1
242310_62539,0
242310_246593,1
242311_102452,1
242311_272507,0
242311_179502,0
242311_93699,0
242311_66886,1
242311_264835,0
242313_8544,0
242313_77833,1
242313_221248,1
242313_177578,0
242313_163570,1
242313_252285,1
242316_196769,0
242316_269227,1
242316_205620,1
242316_288063,1
242316_10445,0
242316_58663,1
242318_244768,1
242318_150387,1
242318_136105,0
242318_22242,0
242318_80485,1
242318_164689,1
242325_263932,1
242325_109248,1
242325_12065,1
242325_23138,1
242325_17498,1
242325_9256,1
242327_88142,1
242327_290250,0
242327_8704,1
242327_251902,1
242327_154936,0
242327_251235,0
242330_279831,0
242330_88839,0
242330_114634,0
242330_231680,0
242330_21462,0
242330_197524,0
242332_66685,1
242332_44378,1
242332_15405,1
242332_90140,0
242332_112615,1
242332_152064,0
242333_130851,1
242333_213737,1
242333_222812,0
242333_99955,0
242333_3284,0
242333_278149,1
242341_233666,1
242341_10136,1
242341_188676,1
242341_109373,1
242341_175593,0
242341_133594,1
242343_24084,1
242343_144709,1
242343_159353,1
242343_226047,1
242343_239604,0
242343_21415,1
242344_129672,1
242344_166959,0
242344_150332,1
242344_23059,0
242344_163182,0
242344_43743,1
242345_209370,1
242345_13495,1
242345_278582,1
242345_168548,1
242345_261108,0
242345_147504,1
242348_92995,1
242348_286927,0
242348_294996,0
242348_61938,0
242348_107659,1
242348_90193,0
242351_253269,0
242351_77905,0
242351_254625,0
242351_156387,1
242351_83385,0
242351_63734,0
242357_218387,0
242357_277132,1
242357_56568,1
242357_104050,1
242357_17280,0
242357_146322,1
242360_150640,1
242360_1743,1
242360_283579,1
242360_271083,1
242360_40250,0
242360_250097,1
242365_138826,1
242365_288292,1
242365_263727,0
242365_133262,0
242365_238637,1
242365_40374,0
242369_42215,1
242369_116810,1
242369_79011,0
242369_219507,1
242369_171569,1
242369_268716,1
242377_12759,1
242377_125752,0
242377_252193,0
242377_253462,1
242377_189564,0
242377_180704,1
242378_124870,1
242378_225054,1
242378_273810,0
242378_237718,1
242378_55598,0
242378_260780,1
242381_49996,0
242381_124530,0
242381_148362,0
242381_113464,1
242381_268388,1
242381_252421,1
242382_253825,0
242382_246121,1
242382_69394,0
242382_159622,1
242382_154409,1
242382_86993,0
242383_5942,1
242383_104085,1
242383_39256,1
242383_80737,1
242383_179152,1
242383_101070,0
242390_2327,1
242390_176004,1
242390_232699,1
242390_47258,0
242390_13543,0
242390_288617,0
242397_225035,1
242397_163882,1
242397_144725,0
242397_230842,1
242397_1663,0
242397_8853,0
242401_219563,1
242401_50772,1
242401_230493,0
242401_3392,1
242401_21262,0
242401_226904,1
242402_187117,1
242402_152820,1
242402_146702,1
242402_260410,0
242402_268900,0
242402_53085,1
242403_170515,1
242403_38570,1
242403_148157,1
242403_111004,0
242403_234317,0
242403_14811,1
242405_184395,1
242405_88925,1
242405_90891,1
242405_129642,0
242405_204462,0
242405_113043,0
242409_234512,0
242409_112324,1
242409_273154,1
242409_129467,1
242409_158876,1
242409_158542,1
242411_251064,0
242411_48534,1
242411_15876,1
242411_47893,1
242411_193883,1
242411_44222,1
242415_230677,1
242415_265994,0
242415_109081,1
242415_15776,1
242415_222443,0
242415_215206,0
242418_289780,0
242418_96638,1
242418_72774,0
242418_287894,0
242418_257708,1
242418_242478,0
242420_51234,1
242420_122086,1
242420_179502,0
242420_230050,0
242420_161474,1
242420_135899,0
242421_91526,0
242421_2094,0
242421_151311,1
242421_108835,0
242421_126448,0
242421_121881,1
242422_51435,0
242422_35669,1
242422_100669,1
242422_90180,1
242422_40607,1
242422_234728,1
242423_55591,0
242423_176524,1
242423_250273,1
242423_260780,1
242423_57855,1
242423_262921,1
242424_294233,0
242424_136812,1
242424_61678,0
242424_204267,1
242424_102780,1
242424_229555,0
242425_106803,1
242425_39721,1
242425_285658,1
242425_289194,1
242425_218634,0
242425_43960,0
242427_277301,1
242427_185235,1
242427_278345,1
242427_175108,1
242427_156360,1
242427_157766,1
242429_10062,1
242429_88869,0
242429_130084,0
242429_46833,1
242429_26279,1
242429_196159,1
242430_113702,1
242430_65831,1
242430_225333,0
242430_161594,1
242430_60913,0
242430_294724,0
242432_208656,1
242432_187456,1
242432_239803,0
242432_277239,1
242432_27570,1
242432_103044,1
242434_220811,0
242434_17981,1
242434_134225,1
242434_83086,1
242434_83348,0
242434_139510,1
242435_73425,1
242435_7605,0
242435_163387,1
242435_49735,1
242435_35394,0
242435_270067,0
242437_168739,0
242437_12821,1
242437_62265,1
242437_260507,1
242437_292008,0
242437_64850,1
242442_14355,0
242442_174646,0
242442_99915,1
242442_9613,1
242442_32762,0
242442_268462,1
242445_253770,1
242445_246558,1
242445_244657,1
242445_267965,0
242445_122662,1
242445_114773,0
242446_261578,1
242446_193985,1
242446_212418,1
242446_67905,0
242446_170933,0
242446_289054,1
242453_150375,1
242453_71117,0
242453_264826,0
242453_126448,1
242453_6862,0
242453_197994,1
242454_204791,0
242454_192726,0
242454_279422,1
242454_50889,0
242454_213876,1
242454_142642,1
242455_200151,1
242455_247528,0
242455_55996,0
242455_47433,0
242455_39788,0
242455_238633,0
242456_214787,0
242456_207401,1
242456_273330,1
242456_136724,0
242456_213816,1
242456_66420,1
242457_26057,0
242457_21594,1
242457_264024,1
242457_289397,1
242457_21127,0
242457_220929,0
242459_146424,0
242459_106803,1
242459_274931,1
242459_10019,0
242459_32425,0
242459_36627,0
242460_35854,1
242460_144463,1
242460_193588,1
242460_198891,0
242460_80021,1
242460_91138,1
242463_132829,1
242463_41735,1
242463_153742,1
242463_173767,1
242463_141713,1
242463_41254,1
242464_127152,0
242464_79296,0
242464_119064,0
242464_162541,1
242464_156375,0
242464_206503,0
242466_72878,1
242466_48750,0
242466_51677,0
242466_99445,1
242466_115820,0
242466_96177,1
242467_8483,1
242467_262494,0
242467_156375,0
242467_174498,1
242467_231081,0
242467_261844,0
242470_70997,1
242470_254251,0
242470_218798,1
242470_38453,0
242470_56288,1
242470_31714,1
242472_85059,0
242472_211834,0
242472_228527,0
242472_142675,0
242472_149153,1
242472_237634,1
242473_25269,0
242473_17035,0
242473_85642,0
242473_185900,0
242473_248986,0
242473_133701,0
242474_138099,1
242474_57209,1
242474_265026,1
242474_64201,0
242474_262075,1
242474_175250,1
242475_225105,0
242475_112917,1
242475_65096,1
242475_115449,0
242475_98442,1
242475_24321,0
242476_95251,0
242476_218768,0
242476_69236,1
242476_294134,0
242476_127195,1
242476_281016,1
242477_72300,1
242477_218525,1
242477_155061,1
242477_218956,1
242477_286435,0
242477_20240,0
242488_176676,1
242488_129601,0
242488_188838,1
242488_158436,1
242488_137615,0
242488_117890,0
242489_180920,0
242489_230460,1
242489_233829,0
242489_80947,1
242489_290132,0
242489_89088,1
242491_21911,1
242491_198890,1
242491_252614,0
242491_241388,1
242491_190549,1
242491_201933,1
242492_99525,0
242492_184275,1
242492_77834,1
242492_715,1
242492_187374,1
242492_210592,0
242494_99246,1
242494_54650,1
242494_230460,1
242494_284811,0
242494_126274,0
242494_262921,1
242496_111135,1
242496_264667,1
242496_174356,0
242496_149051,1
242496_13495,1
242496_224356,1
242499_109787,1
242499_152820,0
242499_59344,1
242499_152525,1
242499_269065,1
242499_182593,1
242502_49744,0
242502_211213,1
242502_181994,0
242502_260211,0
242502_86038,1
242502_1558,0
242507_265337,1
242507_179152,1
242507_285415,0
242507_43031,1
242507_230460,1
242507_13992,0
242509_91595,0
242509_250816,1
242509_289357,0
242509_89354,1
242509_261910,1
242509_290021,0
242510_20538,0
242510_263321,0
242510_239143,0
242510_15876,0
242510_191762,0
242510_139654,1
242511_182445,0
242511_4459,0
242511_231463,0
242511_273643,0
242511_54502,1
242511_106614,1
242512_199026,1
242512_294307,1
242512_189192,1
242512_144100,1
242512_8669,1
242512_33809,0
242514_213150,1
242514_19696,1
242514_114804,1
242514_120637,1
242514_92001,0
242514_163477,0
242516_134458,1
242516_179327,0
242516_132003,1
242516_10795,1
242516_153029,0
242516_40326,0
242518_170732,1
242518_31677,1
242518_77246,1
242518_142220,0
242518_167308,1
242518_172386,1
242522_73275,1
242522_143296,1
242522_121547,1
242522_229818,1
242522_234727,1
242522_131564,1
242524_249919,0
242524_106850,0
242524_18645,0
242524_240361,1
242524_50005,0
242524_200609,1
242525_144388,0
242525_126448,1
242525_248189,0
242525_126704,0
242525_33860,1
242525_77842,1
242526_77700,1
242526_199584,1
242526_117752,0
242526_58022,1
242526_135876,1
242526_268319,1
242529_131237,1
242529_48819,1
242529_17693,1
242529_94944,0
242529_75532,1
242529_247951,0
242530_110391,1
242530_141141,0
242530_279728,0
242530_247777,1
242530_131453,1
242530_194353,0
242535_111183,0
242535_187451,1
242535_155419,1
242535_88330,0
242535_74021,1
242535_94590,0
242537_190469,1
242537_271100,0
242537_219002,0
242537_255446,1
242537_195110,0
242537_194304,1
242538_248205,0
242538_150489,1
242538_162466,0
242538_176639,1
242538_231548,1
242538_113590,0
242545_217794,0
242545_3939,0
242545_289791,1
242545_130363,0
242545_251881,1
242545_290000,1
242550_247567,1
242550_222083,1
242550_171412,1
242550_17189,0
242550_80100,1
242550_206582,1
242553_249743,0
242553_51671,0
242553_242308,0
242553_146408,1
242553_101875,1
242553_66880,1
242556_152626,1
242556_116721,1
242556_231891,1
242556_166980,1
242556_188816,0
242556_273719,0
242558_36024,1
242558_216124,0
242558_11273,0
242558_149377,0
242558_232056,0
242558_239591,0
242564_262177,0
242564_96444,1
242564_292162,1
242564_130688,1
242564_116706,1
242564_112965,0
242565_124394,1
242565_80916,1
242565_284782,1
242565_118852,0
242565_270726,1
242565_126487,0
242567_97851,1
242567_292908,0
242567_144456,1
242567_182224,0
242567_150186,1
242567_190774,1
242570_131030,0
242570_63855,1
242570_205361,1
242570_161087,0
242570_149819,1
242570_80167,1
242571_260175,0
242571_144499,0
242571_20627,1
242571_20163,0
242571_138173,0
242571_68473,0
242573_102452,1
242573_283109,1
242573_94081,1
242573_97902,1
242573_287850,1
242573_207401,1
242574_167702,0
242574_125758,0
242574_109973,0
242574_84995,0
242574_213118,0
242574_189043,0
242577_294186,0
242577_44210,1
242577_207401,1
242577_60681,1
242577_221902,1
242577_68373,0
242581_245372,1
242581_70139,0
242581_278934,0
242581_22214,1
242581_79655,1
242581_83880,0
242583_143363,1
242583_16374,1
242583_6695,1
242583_174466,0
242583_232754,1
242583_42331,1
242584_14790,0
242584_130585,0
242584_240074,1
242584_291238,1
242584_246261,0
242584_161719,0
242587_4881,1
242587_66713,0
242587_17732,0
242587_92994,0
242587_281461,1
242587_240231,1
242588_288919,0
242588_264498,0
242588_16079,1
242588_215223,1
242588_86354,1
242588_51145,0
242589_1315,0
242589_154016,0
242589_213280,1
242589_247481,0
242589_38285,1
242589_287260,1
242592_38502,1
242592_60681,1
242592_244768,1
242592_25226,1
242592_259481,1
242592_277624,1
242594_236631,1
242594_3759,1
242594_20214,1
242594_56551,1
242594_56811,1
242594_76841,1
242598_133701,1
242598_264582,1
242598_96606,0
242598_156913,1
242598_254625,1
242598_289911,1
242605_11987,1
242605_264485,0
242605_182589,0
242605_102547,0
242605_77352,1
242605_95647,0
242608_26677,1
242608_205427,0
242608_142462,1
242608_95580,0
242608_145781,0
242608_130023,1
242609_163735,1
242609_183138,0
242609_72225,0
242609_217922,0
242609_286267,0
242609_241059,0
242612_193003,1
242612_166592,1
242612_23287,1
242612_190154,1
242612_234884,0
242612_113803,0
242615_268120,1
242615_49270,0
242615_153877,1
242615_6898,0
242615_261819,0
242615_74460,1
242618_252935,0
242618_24878,1
242618_234388,1
242618_45302,0
242618_44677,0
242618_83093,1
242621_20206,0
242621_76149,0
242621_24547,0
242621_267145,0
242621_200477,0
242621_92093,0
242623_82192,1
242623_75,1
242623_29054,0
242623_45185,0
242623_256232,0
242623_264274,0
242624_278428,1
242624_143312,0
242624_123677,1
242624_210229,0
242624_48282,0
242624_162018,1
242626_278375,0
242626_202342,1
242626_283715,1
242626_149865,0
242626_105151,1
242626_267810,0
242628_109148,1
242628_293232,1
242628_226298,0
242628_291190,1
242628_215931,0
242628_54242,0
242630_105788,0
242630_140453,1
242630_143132,1
242630_173674,0
242630_223395,0
242630_233788,0
242633_244697,1
242633_198454,1
242633_215196,1
242633_290150,0
242633_5911,0
242633_293232,1
242642_45826,1
242642_116299,0
242642_18730,1
242642_138863,0
242642_155058,0
242642_294750,1
242643_6233,1
242643_20747,1
242643_74024,1
242643_39840,0
242643_54177,0
242643_260403,0
242648_196737,1
242648_241419,0
242648_204836,1
242648_171071,1
242648_235721,1
242648_227711,1
242649_265682,1
242649_10062,1
242649_87104,0
242649_260175,1
242649_249943,0
242649_176916,1
242655_86732,1
242655_282419,1
242655_62048,1
242655_122457,0
242655_175468,0
242655_99832,1
242657_74913,1
242657_112017,1
242657_70362,1
242657_148519,1
242657_156164,1
242657_146056,1
242661_176916,1
242661_104207,1
242661_13371,1
242661_98442,1
242661_255320,1
242661_183715,1
242666_88069,0
242666_261910,1
242666_58100,1
242666_8225,1
242666_268401,0
242666_208656,1
242671_258733,1
242671_238683,0
242671_88006,1
242671_232343,0
242671_249570,0
242671_227215,1
242674_275274,0
242674_113789,0
242674_288612,1
242674_131710,0
242674_130063,0
242674_52077,1
242675_49204,0
242675_81775,1
242675_6828,1
242675_210034,1
242675_265405,1
242675_14810,1
242681_282320,0
242681_76408,0
242681_278582,1
242681_34948,1
242681_220242,1
242681_46420,0
242682_216947,1
242682_138816,1
242682_25624,0
242682_44675,1
242682_197553,0
242682_151503,0
242683_287019,1
242683_12476,0
242683_126692,1
242683_74010,1
242683_107923,0
242683_284009,0
242684_151534,1
242684_25381,1
242684_4563,1
242684_284503,0
242684_100951,0
242684_226320,1
242689_280697,1
242689_208113,1
242689_124188,0
242689_173630,1
242689_218525,1
242689_257520,1
242691_197647,0
242691_226576,0
242691_164737,1
242691_152294,1
242691_294420,1
242691_243943,0
242696_256232,1
242696_51047,0
242696_169536,0
242696_101133,1
242696_158176,1
242696_25578,1
242697_195739,1
242697_50914,1
242697_147240,0
242697_20825,0
242697_240580,1
242697_241266,0
242699_93618,0
242699_157372,0
242699_91556,1
242699_250749,0
242699_100831,0
242699_156388,1
242701_34407,1
242701_10794,1
242701_140082,1
242701_149116,1
242701_269685,0
242701_291204,1
242706_60074,1
242706_214776,0
242706_39109,1
242706_44675,1
242706_192574,0
242706_51665,1
242708_225874,0
242708_105251,0
242708_232911,0
242708_53969,1
242708_110705,1
242708_39312,1
242709_136736,0
242709_170317,0
242709_65494,1
242709_262473,1
242709_284547,0
242709_10843,0
242712_238022,0
242712_1547,1
242712_208156,1
242712_113520,0
242712_252656,0
242712_86171,0
242713_139745,1
242713_14481,0
242713_140394,0
242713_266351,0
242713_271794,1
242713_69394,0
242716_227397,1
242716_74714,1
242716_196296,1
242716_13820,1
242716_73349,1
242716_210939,1
242718_238869,0
242718_17169,0
242718_252927,0
242718_111897,0
242718_286852,0
242718_232332,0
242720_117706,1
242720_174387,1
242720_225926,0
242720_220488,1
242720_192727,1
242720_138310,1
242722_202040,1
242722_12174,0
242722_127024,1
242722_98222,0
242722_1754,1
242722_292008,0
242725_172966,1
242725_42359,1
242725_23480,1
242725_262462,1
242725_296051,1
242725_87701,0
242727_37161,0
242727_221441,1
242727_273738,0
242727_202833,1
242727_99031,0
242727_191639,1
242731_21911,1
242731_102557,0
242731_88840,1
242731_151503,0
242731_210372,0
242731_51122,0
242734_46216,0
242734_222555,1
242734_234104,0
242734_72517,1
242734_164126,0
242734_40537,1
242739_15776,1
242739_82772,1
242739_214172,0
242739_40055,0
242739_61826,1
242739_250758,1
242741_38753,0
242741_152820,1
242741_274416,0
242741_135089,0
242741_69913,0
242741_77834,1
242748_75361,1
242748_165376,1
242748_289948,1
242748_142075,0
242748_179378,1
242748_21895,1
242749_32743,0
242749_120246,1
242749_172047,0
242749_145494,0
242749_292863,0
242749_8676,0
242750_52617,1
242750_202882,1
242750_73284,1
242750_14305,0
242750_218732,0
242750_174481,0
242751_166,1
242751_101321,1
242751_155061,1
242751_218174,1
242751_235314,0
242751_57369,0
242753_223542,1
242753_4823,1
242753_181917,1
242753_219151,0
242753_74626,0
242753_8542,1
242759_194256,1
242759_196290,1
242759_63516,0
242759_243272,1
242759_130551,1
242759_145663,1
242761_164191,1
242761_172099,0
242761_252291,0
242761_21415,1
242761_76321,0
242761_17184,1
242765_211451,1
242765_201699,1
242765_71685,1
242765_104531,1
242765_212847,1
242765_216837,1
242769_16579,0
242769_24792,1
242769_169549,0
242769_156187,0
242769_249195,1
242769_143211,1
242771_259241,1
242771_124029,0
242771_21811,0
242771_72805,1
242771_173677,1
242771_7602,0
242772_241966,1
242772_138168,0
242772_268716,1
242772_163189,0
242772_78187,1
242772_82329,0
242778_269979,1
242778_227919,1
242778_31128,1
242778_200313,1
242778_208335,1
242778_280590,0
242780_48820,0
242780_7034,0
242780_126189,0
242780_225105,0
242780_282692,1
242780_6659,1
242785_269227,0
242785_159979,0
242785_114730,0
242785_175481,0
242785_91236,0
242785_270978,0
242786_200166,0
242786_80916,0
242786_260801,0
242786_158990,0
242786_32275,0
242786_71455,0
242789_248267,1
242789_130812,0
242789_274758,1
242789_117449,1
242789_109083,0
242789_173804,1
242793_86858,1
242793_76816,1
242793_82535,1
242793_133601,1
242793_244960,0
242793_138863,1
242795_213118,0
242795_82931,0
242795_83315,0
242795_74714,0
242795_238977,0
242795_212369,0
242796_163576,1
242796_139575,1
242796_22940,1
242796_138779,1
242796_121048,0
242796_165984,1
242797_188299,1
242797_220478,1
242797_150479,0
242797_6522,0
242797_263909,0
242797_63471,0
242801_182181,1
242801_269290,1
242801_256132,0
242801_73043,1
242801_47623,1
242801_138379,1
242802_19615,0
242802_23561,0
242802_112449,1
242802_221100,1
242802_164753,0
242802_119755,1
242803_234631,1
242803_227107,0
242803_56551,1
242803_154286,1
242803_14432,1
242803_68647,1
242804_38823,1
242804_41843,0
242804_76295,0
242804_235263,0
242804_214289,1
242804_260780,1
242806_221164,1
242806_228977,0
242806_155661,1
242806_276023,0
242806_293981,0
242806_126348,1
242807_155110,0
242807_286184,0
242807_137768,1
242807_214856,1
242807_205890,1
242807_13483,1
242809_200977,1
242809_192374,1
242809_192947,0
242809_30655,1
242809_255065,1
242809_132159,1
242810_163315,1
242810_111746,0
242810_14532,0
242810_225329,1
242810_198368,0
242810_271257,0
242816_139745,1
242816_285162,1
242816_135720,0
242816_64855,1
242816_65079,0
242816_292908,1
242817_85385,0
242817_244768,1
242817_205370,1
242817_118991,1
242817_289582,1
242817_121298,0
242818_203088,0
242818_151424,0
242818_254626,1
242818_17720,0
242818_201449,1
242818_34652,1
242819_39602,1
242819_39046,0
242819_81523,1
242819_98818,1
242819_39213,1
242819_4098,1
242827_102547,0
242827_126862,1
242827_5244,1
242827_172175,1
242827_21330,1
242827_194256,1
242828_44927,1
242828_9835,0
242828_237718,0
242828_169816,1
242828_263043,0
242828_75681,1
242831_169325,1
242831_91894,1
242831_9898,1
242831_33227,0
242831_67879,1
242831_271163,0
242832_78132,1
242832_110001,1
242832_142163,0
242832_245486,1
242832_293178,1
242832_128420,0
242839_72878,1
242839_139228,0
242839_254559,0
242839_166186,0
242839_190858,1
242839_159074,0
242840_2494,0
242840_121207,1
242840_274954,1
242840_201845,1
242840_150640,0
242840_10777,0
242841_280338,0
242841_268917,1
242841_255391,1
242841_123037,1
242841_166203,1
242841_22728,1
242844_148470,1
242844_226050,0
242844_108507,1
242844_215120,1
242844_959,1
242844_293020,1
242849_214262,0
242849_142837,1
242849_178604,1
242849_29308,1
242849_266340,1
242849_278223,0
242851_153877,0
242851_190001,1
242851_212203,1
242851_83900,1
242851_146570,1
242851_152151,0
242852_169580,0
242852_19987,1
242852_235471,0
242852_113044,0
242852_14750,1
242852_7264,1
242854_51104,1
242854_52885,1
242854_200699,1
242854_94498,1
242854_269551,1
242854_268933,1
242855_213876,1
242855_204340,1
242855_39046,0
242855_142872,0
242855_172420,1
242855_261450,1
242857_273126,0
242857_252580,1
242857_149391,1
242857_100342,1
242857_140526,1
242857_192072,0
242861_33195,1
242861_92482,1
242861_267078,1
242861_5214,1
242861_16078,1
242861_103870,1
242867_214897,1
242867_238113,0
242867_155571,1
242867_6589,1
242867_260639,1
242867_284294,1
242870_146376,0
242870_166193,0
242870_88937,0
242870_18645,1
242870_173257,0
242870_212221,0
242874_165847,1
242874_116529,1
242874_58877,0
242874_35467,0
242874_46036,0
242874_205842,1
242875_103047,1
242875_160120,1
242875_73557,1
242875_55618,1
242875_121931,1
242875_153854,0
242880_245486,1
242880_12038,1
242880_117788,0
242880_225026,1
242880_135972,1
242880_118451,1
242881_139631,1
242881_12202,1
242881_219052,1
242881_273628,1
242881_2877,1
242881_34905,1
242887_237561,1
242887_208526,0
242887_41254,1
242887_108120,1
242887_52885,1
242887_27428,1
242888_25778,0
242888_185213,1
242888_120510,0
242888_1343,1
242888_260780,1
242888_276615,1
242889_175015,0
242889_246130,1
242889_276615,1
242889_213533,0
242889_293232,0
242889_106094,1
242891_239527,1
242891_287416,1
242891_184678,0
242891_169233,1
242891_48297,1
242891_271941,0
242892_23895,1
242892_155038,1
242892_134990,1
242892_17768,1
242892_51201,0
242892_73706,1
242893_8809,1
242893_209130,1
242893_125204,1
242893_163570,0
242893_232692,1
242893_119451,0
242895_69158,1
242895_19204,1
242895_289592,1
242895_65855,1
242895_270749,1
242895_19115,1
242900_3939,1
242900_31548,1
242900_222140,0
242900_196393,1
242900_7188,1
242900_231680,1
242902_260846,0
242902_112225,0
242902_227235,1
242902_20206,1
242902_148563,0
242902_244768,1
242904_29894,1
242904_46552,0
242904_20895,0
242904_72878,1
242904_2535,1
242904_110634,0
242907_33942,1
242907_222892,1
242907_250753,0
242907_259060,1
242907_113349,1
242907_15759,1
242910_229894,1
242910_82931,1
242910_115725,0
242910_250748,0
242910_187847,1
242910_159692,0
242913_61566,1
242913_152203,0
242913_52572,1
242913_223164,1
242913_1199,1
242913_263200,1
242914_125944,1
242914_271100,1
242914_276635,1
242914_245668,1
242914_168126,1
242914_135181,1
242917_114587,1
242917_239989,0
242917_54217,1
242917_232205,1
242917_210679,0
242917_152945,0
242918_122020,0
242918_101943,0
242918_187839,0
242918_193570,0
242918_170625,0
242918_273736,0
242920_233603,1
242920_228267,0
242920_54263,1
242920_281826,0
242920_10470,1
242920_219744,0
242921_295396,0
242921_69292,0
242921_239276,0
242921_215763,0
242921_200378,1
242921_187601,0
242923_72276,1
242923_225329,1
242923_263834,0
242923_157389,0
242923_98851,1
242923_145554,1
242924_239234,1
242924_118014,0
242924_212286,0
242924_50072,1
242924_182837,0
242924_22436,1
242925_715,1
242925_33680,1
242925_271351,1
242925_45215,0
242925_168544,1
242925_110738,0
242928_114881,1
242928_47259,1
242928_33193,1
242928_135697,1
242928_211183,0
242928_5791,1
242932_188256,0
242932_291501,0
242932_71131,1
242932_254191,1
242932_198994,1
242932_58333,0
242933_200795,0
242933_122219,1
242933_293409,1
242933_145121,0
242933_89078,0
242933_29189,1
242937_235584,1
242937_150970,1
242937_15751,0
242937_78994,1
242937_250273,1
242937_43564,0
242938_72875,1
242938_58294,1
242938_15178,1
242938_201389,0
242938_94849,0
242938_219052,1
242940_82308,0
242940_94893,1
242940_174387,1
242940_173627,0
242940_219934,0
242940_213468,0
242941_163933,1
242941_194736,0
242941_223072,1
242941_117790,1
242941_130335,0
242941_144357,1
242945_247578,1
242945_266382,1
242945_233603,1
242945_280387,0
242945_228746,1
242945_132660,0
242947_85958,0
242947_193069,1
242947_257388,1
242947_135522,0
242947_177342,1
242947_1198,0
242948_286336,0
242948_99258,0
242948_184977,1
242948_278204,1
242948_55412,0
242948_209776,1
242950_20406,0
242950_146446,1
242950_179970,1
242950_35996,1
242950_139707,0
242950_232205,1
242951_64922,1
242951_84271,0
242951_155020,0
242951_83528,1
242951_104682,0
242951_201843,1
242956_289823,1
242956_75999,1
242956_203370,0
242956_231645,0
242956_111720,1
242956_150671,0
242959_100959,1
242959_283018,0
242959_238706,1
242959_46756,1
242959_293895,0
242959_80379,0
242960_171733,0
242960_262193,0
242960_250273,1
242960_201216,0
242960_206780,0
242960_257260,0
242961_122886,1
242961_158554,0
242961_71490,1
242961_275785,1
242961_218340,1
242961_31668,1
242966_2369,0
242966_222383,0
242966_233518,0
242966_113550,0
242966_95251,0
242966_125788,1
242968_224965,1
242968_128407,1
242968_81054,0
242968_219763,0
242968_219966,1
242968_185295,1
242972_5846,0
242972_178395,0
242972_253068,1
242972_211213,1
242972_63009,0
242972_69245,1
242974_118706,0
242974_7698,1
242974_1158,1
242974_82912,1
242974_130097,1
242974_51682,0
242977_270341,1
242977_86454,1
242977_56544,0
242977_52885,1
242977_269962,0
242977_252331,0
242983_17840,0
242983_58680,0
242983_129955,0
242983_147382,0
242983_24418,1
242983_121550,1
242986_223972,1
242986_190001,0
242986_264789,0
242986_113588,0
242986_174387,1
242986_162435,0
242987_13390,1
242987_26513,1
242987_246593,1
242987_135921,1
242987_135317,0
242987_174622,1
242995_220932,0
242995_254811,0
242995_107322,0
242995_1619,0
242995_107056,0
242995_156134,0
242996_127350,0
242996_270454,0
242996_247925,0
242996_7605,0
242996_294234,0
242996_202786,0
242997_191161,1
242997_294186,0
242997_8851,0
242997_60913,1
242997_224672,1
242997_293562,0
242998_58100,0
242998_85075,1
242998_82912,1
242998_226153,0
242998_40041,1
242998_168264,1
242999_69450,1
242999_96191,0
242999_201449,1
242999_73557,0
242999_162477,0
242999_91016,1
243000_269227,1
243000_93808,1
243000_177555,0
243000_177295,1
243000_186399,1
243000_123679,1
243002_7859,0
243002_1779,1
243002_165644,1
243002_248405,0
243002_273954,1
243002_74096,0
243003_231206,0
243003_261322,0
243003_2538,0
243003_111505,0
243003_87678,0
243003_222513,1
243004_142740,1
243004_245076,1
243004_252750,1
243004_97936,1
243004_109193,0
243004_239143,1
243005_129497,1
243005_159208,1
243005_97921,1
243005_214314,1
243005_120868,1
243005_181745,0
243006_120563,1
243006_224918,0
243006_93562,0
243006_151334,0
243006_183711,1
243006_248452,1
243007_51888,1
243007_14829,1
243007_135745,1
243007_238065,1
243007_184878,1
243007_6233,0
243009_54378,0
243009_76408,1
243009_165242,1
243009_251955,1
243009_137485,1
243009_223582,1
243013_233112,1
243013_166687,1
243013_33680,1
243013_44341,0
243013_136275,1
243013_164191,0
243016_183842,0
243016_85620,1
243016_35591,1
243016_225847,1
243016_60895,1
243016_225054,1
243017_1844,0
243017_165847,0
243017_286476,0
243017_270004,0
243017_271163,0
243017_129684,0
243018_80167,0
243018_221323,1
243018_126448,0
243018_248822,0
243018_211802,0
243018_133513,0
243021_135383,1
243021_198117,0
243021_62953,1
243021_120546,1
243021_134679,0
243021_246115,1
243022_157546,0
243022_174798,1
243022_141480,1
243022_269783,0
243022_98027,1
243022_263937,1
243023_213436,0
243023_234732,0
243023_195223,1
243023_209948,0
243023_131615,0
243023_163376,0
243024_183431,0
243024_170926,1
243024_12003,0
243024_21853,1
243024_116690,0
243024_261052,1
243030_60011,1
243030_38990,1
243030_58433,1
243030_179230,0
243030_64560,0
243030_64826,0
243031_106751,0
243031_60434,0
243031_158931,1
243031_118296,0
243031_205871,0
243031_26716,0
243035_137184,0
243035_76748,0
243035_107292,0
243035_128217,0
243035_55551,1
243035_29689,1
243036_262539,1
243036_102756,0
243036_19005,1
243036_34399,0
243036_151926,1
243036_170274,0
243038_34605,1
243038_72818,1
243038_247774,1
243038_168573,1
243038_233221,1
243038_101871,1
243040_197995,1
243040_266994,0
243040_176455,1
243040_31341,0
243040_20968,1
243040_143232,0
243041_123373,1
243041_134116,1
243041_59873,1
243041_146618,1
243041_170435,1
243041_287718,1
243042_5612,0
243042_80652,0
243042_92843,0
243042_187322,0
243042_217818,0
243042_199132,1
243043_292446,0
243043_194987,0
243043_98595,1
243043_43517,1
243043_235014,1
243043_288543,1
243045_64402,1
243045_8980,1
243045_10576,0
243045_119394,1
243045_51299,1
243045_38699,0
243049_34397,1
243049_225209,0
243049_292863,1
243049_22451,0
243049_21593,1
243049_295221,1
243055_175429,0
243055_184807,0
243055_8858,1
243055_153900,0
243055_63236,0
243055_228082,1
243059_127024,0
243059_72542,0
243059_97039,0
243059_184941,0
243059_251131,0
243059_289948,0
243060_99158,0
243060_102482,0
243060_139812,0
243060_117063,0
243060_140401,0
243060_104239,0
243061_38933,1
243061_213280,0
243061_292498,1
243061_232284,0
243061_210010,1
243061_290124,0
243062_77302,0
243062_166831,0
243062_207659,0
243062_268348,1
243062_175144,1
243062_273520,1
243067_72201,1
243067_106022,1
243067_112029,0
243067_177105,1
243067_89354,1
243067_29308,1
243069_295221,0
243069_27680,1
243069_99448,0
243069_136343,0
243069_176274,0
243069_289058,0
243070_232126,0
243070_233514,0
243070_51643,1
243070_287949,1
243070_291238,1
243070_53964,1
243072_253678,0
243072_141805,1
243072_226320,1
243072_20485,1
243072_91475,1
243072_83187,1
243073_152820,0
243073_206026,1
243073_21274,0
243073_184017,1
243073_140400,1
243073_269105,0
243075_74650,1
243075_23561,0
243075_201326,1
243075_113137,1
243075_134701,1
243075_48366,1
243077_205720,1
243077_182507,1
243077_289823,0
243077_281330,0
243077_96378,1
243077_272732,0
243079_177168,1
243079_254625,1
243079_19343,0
243079_281402,0
243079_38168,1
243079_110099,0
243080_68236,1
243080_66673,0
243080_101876,0
243080_131564,1
243080_78078,1
243080_32176,1
243082_167070,1
243082_32859,1
243082_230358,1
243082_275036,1
243082_286721,0
243082_240555,1
243085_142715,1
243085_85777,1
243085_87732,1
243085_146575,1
243085_4476,0
243085_99086,0
243086_182506,0
243086_281141,1
243086_135955,0
243086_3954,1
243086_204462,0
243086_43473,1
243087_168462,1
243087_101871,1
243087_260980,1
243087_28745,0
243087_2538,1
243087_110764,1
243088_43859,1
243088_134845,1
243088_69571,0
243088_35314,0
243088_190001,1
243088_251279,1
243091_211236,1
243091_215519,1
243091_30374,0
243091_14830,1
243091_123305,1
243091_75391,1
243092_22451,0
243092_45078,1
243092_112760,1
243092_221417,1
243092_93562,0
243092_50087,1
243095_125604,0
243095_171306,1
243095_165655,0
243095_279730,0
243095_140019,1
243095_183246,1
243098_75690,1
243098_153923,1
243098_266660,0
243098_281027,0
243098_171911,0
243098_220488,1
243099_294067,1
243099_167838,0
243099_167673,0
243099_188703,1
243099_196957,1
243099_91399,0
243101_184329,0
243101_77086,1
243101_161898,1
243101_34658,0
243101_221618,1
243101_34948,0
243107_155991,1
243107_52202,1
243107_40511,0
243107_79240,1
243107_277254,1
243107_121320,1
243110_29189,1
243110_94862,1
243110_226889,1
243110_79368,0
243110_185039,0
243110_189365,1
243114_20453,0
243114_29685,1
243114_40087,1
243114_68360,0
243114_267069,0
243114_162827,1
243117_42050,1
243117_170037,1
243117_16511,0
243117_19543,1
243117_146575,1
243117_266382,1
243124_153336,0
243124_72692,0
243124_207413,0
243124_98478,1
243124_164287,0
243124_37658,1
243127_150766,0
243127_236433,1
243127_247494,1
243127_143570,1
243127_128176,1
243127_38033,0
243130_274123,0
243130_214856,1
243130_249919,1
243130_80603,0
243130_138243,0
243130_7188,0
243132_218779,0
243132_239836,1
243132_109024,1
243132_293204,1
243132_104631,1
243132_230814,1
243136_1447,0
243136_106428,1
243136_260514,1
243136_204618,0
243136_263321,0
243136_16290,1
243139_153243,0
243139_160011,0
243139_71574,1
243139_45193,1
243139_287142,0
243139_156375,1
243141_31440,1
243141_125210,1
243141_253992,0
243141_203279,0
243141_238389,1
243141_271070,1
243144_93937,1
243144_286329,1
243144_293535,1
243144_32529,1
243144_3053,1
243144_232267,0
243145_211093,1
243145_113179,1
243145_213072,1
243145_272197,0
243145_144551,0
243145_34715,1
243147_45340,0
243147_291128,0
243147_74714,1
243147_239304,1
243147_27628,0
243147_212122,1
243148_262489,1
243148_159315,0
243148_226226,1
243148_104553,0
243148_9027,1
243148_189391,1
243149_114067,1
243149_101013,0
243149_42375,1
243149_187314,1
243149_120246,1
243149_170331,1
243150_183723,0
243150_26225,1
243150_52044,1
243150_156913,1
243150_12798,0
243150_33328,1
243153_108957,1
243153_15747,1
243153_87407,0
243153_273520,0
243153_122862,1
243153_261228,1
243154_91565,1
243154_127779,1
243154_190001,0
243154_42535,0
243154_182991,0
243154_4875,0
243155_127573,0
243155_264829,0
243155_20185,1
243155_282423,1
243155_256132,1
243155_13012,1
243156_168265,0
243156_213013,1
243156_58469,0
243156_73812,1
243156_126308,0
243156_32503,0
243157_227049,1
243157_18627,0
243157_125077,1
243157_64012,0
243157_201597,1
243157_4422,0
243161_215339,0
243161_161146,0
243161_121450,0
243161_72718,1
243161_28513,1
243161_119451,1
243162_123032,0
243162_261372,1
243162_223880,0
243162_205676,1
243162_245123,0
243162_84627,0
243165_146570,1
243165_287260,1
243165_192925,0
243165_278582,1
243165_153091,0
243165_237829,0
243166_245201,0
243166_119532,0
243166_133304,0
243166_51195,0
243166_262969,0
243166_154195,1
243170_226320,0
243170_246593,1
243170_258221,0
243170_259598,1
243170_130436,0
243170_211412,1
243171_92853,0
243171_9442,1
243171_196192,1
243171_263362,0
243171_16666,1
243171_13993,1
243172_162887,0
243172_50747,1
243172_213833,1
243172_30318,0
243172_105306,1
243172_151964,1
243173_103269,0
243173_131745,0
243173_56191,1
243173_152843,1
243173_287668,0
243173_161623,1
243174_52937,1
243174_179079,0
243174_106102,1
243174_182027,1
243174_163269,0
243174_79379,1
243176_114185,1
243176_120535,0
243176_105291,1
243176_262534,1
243176_32506,0
243176_170054,1
243183_256525,0
243183_188220,1
243183_212840,1
243183_165847,1
243183_97052,1
243183_231480,0
243185_193003,1
243185_49593,1
243185_130844,1
243185_234652,1
243185_102133,1
243185_242342,1
243186_171960,0
243186_70251,0
243186_219532,0
243186_15827,0
243186_66396,0
243186_125870,0
243188_200668,0
243188_264023,0
243188_211184,0
243188_143033,0
243188_266176,0
243188_139444,1
243189_226048,0
243189_238652,0
243189_5911,1
243189_80165,0
243189_148821,0
243189_40296,0
243193_38059,1
243193_188051,1
243193_134381,1
243193_227329,0
243193_169262,1
243193_2569,1
243194_275795,0
243194_95853,0
243194_108546,0
243194_121387,1
243194_32596,1
243194_25107,1
243195_17790,1
243195_24820,1
243195_107322,1
243195_264582,1
243195_42907,0
243195_252625,0
243196_2538,1
243196_267805,0
243196_148578,1
243196_169325,1
243196_195244,1
243196_262192,1
243197_273152,1
243197_126688,1
243197_217192,0
243197_284406,1
243197_13446,1
243197_24876,1
243199_285520,0
243199_108917,0
243199_192947,0
243199_213853,0
243199_6018,0
243199_194192,1
243201_262075,0
243201_105306,1
243201_230019,0
243201_77601,1
243201_225885,1
243201_222887,0
243203_125367,1
243203_79141,1
243203_21365,1
243203_266496,1
243203_38357,1
243203_206897,1
243205_146361,1
243205_166288,1
243205_204093,1
243205_228095,1
243205_132003,1
243205_77954,0
243208_167873,0
243208_85596,1
243208_94893,1
243208_154982,0
243208_44886,1
243208_1754,0
243210_179956,0
243210_212852,1
243210_85242,1
243210_106441,1
243210_125050,0
243210_176869,0
243212_158428,1
243212_156078,0
243212_232815,0
243212_143084,1
243212_135953,1
243212_26225,1
243216_26741,0
243216_141764,1
243216_276411,1
243216_151340,1
243216_172272,1
243216_40742,1
243218_139094,1
243218_3755,0
243218_246961,1
243218_76944,0
243218_109716,1
243218_137644,1
243223_131030,0
243223_223972,0
243223_74714,1
243223_139913,1
243223_93973,1
243223_188039,1
243225_67833,0
243225_26225,0
243225_245652,1
243225_253265,1
243225_45589,0
243225_148929,0
243230_1242,1
243230_166562,1
243230_131180,1
243230_224582,1
243230_133617,1
243230_212755,1
243231_236044,1
243231_3916,0
243231_109281,1
243231_36048,0
243231_170562,1
243231_107959,1
243234_110284,0
243234_283045,1
243234_196957,1
243234_33603,0
243234_58433,1
243234_132003,1
243235_191995,1
243235_209370,1
243235_18748,1
243235_135745,1
243235_143570,1
243235_205745,0
243241_130821,0
243241_86038,0
243241_178886,0
243241_61144,0
243241_114265,0
243241_65494,0
243242_21783,1
243242_270831,0
243242_149520,1
243242_125210,0
243242_120535,0
243242_159629,0
243243_283425,1
243243_219802,1
243243_43255,1
243243_268716,1
243243_92874,0
243243_114465,0
243244_289970,1
243244_273609,0
243244_200964,0
243244_274169,1
243244_210679,1
243244_148552,0
243245_176315,1
243245_67942,1
243245_4670,0
243245_78682,0
243245_89441,1
243245_23822,1
243247_15324,1
243247_277404,0
243247_62106,0
243247_203711,0
243247_63130,1
243247_91665,0
243251_212869,1
243251_234711,1
243251_91563,1
243251_75469,0
243251_15440,0
243251_3470,0
243254_239573,0
243254_95851,0
243254_150618,1
243254_295597,0
243254_203088,0
243254_200139,0
243256_202219,1
243256_184275,0
243256_14896,1
243256_64053,0
243256_199231,0
243256_124587,0
243261_148779,0
243261_79670,0
243261_203096,0
243261_46033,0
243261_181386,0
243261_270544,0
243264_257749,0
243264_114249,1
243264_292161,0
243264_54443,1
243264_247494,1
243264_133688,0
243268_11483,1
243268_214722,1
243268_241265,0
243268_34306,1
243268_125718,0
243268_150473,1
243275_161764,1
243275_183185,0
243275_292216,0
243275_253858,0
243275_235743,1
243275_169538,0
243280_283956,0
243280_245192,0
243280_48882,0
243280_95478,0
243280_271459,0
243280_70246,0
243294_127419,1
243294_10103,0
243294_56243,1
243294_202742,1
243294_141772,1
243294_65181,1
243297_81337,1
243297_7596,1
243297_219813,1
243297_276415,1
243297_102978,1
243297_225690,0
243298_203855,1
243298_117104,1
243298_128541,1
243298_66790,1
243298_255280,1
243298_120810,1
243301_41843,0
243301_264298,1
243301_40374,1
243301_200982,0
243301_20206,1
243301_262463,1
243303_256922,0
243303_50628,0
243303_191098,0
243303_133906,1
243303_160169,1
243303_154173,1
243304_66790,1
243304_26351,0
243304_156112,0
243304_118948,1
243304_193711,0
243304_268877,0
243306_218867,1
243306_96679,1
243306_265599,1
243306_120516,1
243306_276404,1
243306_93867,0
243308_33942,0
243308_13636,0
243308_159589,0
243308_266657,0
243308_15876,0
243308_265114,0
243313_191670,0
243313_77705,1
243313_177336,1
243313_259910,0
243313_128192,0
243313_9183,1
243314_12836,1
243314_55303,1
243314_41146,1
243314_104006,1
243314_213012,1
243314_129821,1
243316_99497,1
243316_91954,1
243316_230358,1
243316_129467,1
243316_124221,1
243316_74142,1
243317_197270,0
243317_262790,1
243317_256189,0
243317_23083,0
243317_163576,1
243317_102136,0
243318_13495,1
243318_197586,0
243318_91475,1
243318_122840,0
243318_170991,0
243318_288530,0
243323_282197,0
243323_69292,1
243323_228303,1
243323_87505,1
243323_33006,1
243323_145099,0
243324_169310,1
243324_43336,0
243324_47677,1
243324_275311,1
243324_110556,0
243324_242280,0
243328_155382,1
243328_38033,0
243328_98305,0
243328_136823,1
243328_11197,1
243328_130595,1
243333_177370,1
243333_167880,1
243333_155779,1
243333_228676,0
243333_92093,1
243333_220248,0
243335_254175,0
243335_270469,1
243335_123367,0
243335_107104,1
243335_73402,0
243335_157708,1
243338_103167,0
243338_162018,1
243338_253545,1
243338_38202,0
243338_240761,0
243338_255280,1
243339_29067,0
243339_172034,0
243339_84000,1
243339_125863,1
243339_100174,1
243339_155240,0
243340_230524,0
243340_32850,0
243340_179976,1
243340_236920,1
243340_184603,1
243340_77670,1
243343_15049,0
243343_123542,1
243343_187346,1
243343_291338,1
243343_34616,1
243343_22566,1
243349_72875,0
243349_229966,0
243349_292409,0
243349_230797,0
243349_102452,0
243349_114932,0
243351_28255,0
243351_267135,1
243351_11350,1
243351_248814,1
243351_34235,1
243351_252530,1
243354_61826,1
243354_231332,1
243354_219711,1
243354_254251,0
243354_195923,1
243354_27420,1
243356_258236,1
243356_108503,0
243356_43863,1
243356_237561,1
243356_140082,1
243356_9852,0
243357_43530,0
243357_226560,1
243357_9514,1
243357_69797,1
243357_170783,0
243357_140905,1
243358_185252,1
243358_140602,0
243358_69969,0
243358_121776,0
243358_58026,1
243358_218445,0
243360_80893,1
243360_267065,1
243360_228257,0
243360_157893,1
243360_250266,1
243360_132146,1
243362_231141,0
243362_29803,1
243362_14858,0
243362_223824,1
243362_189036,0
243362_189055,0
243363_138706,0
243363_90370,1
243363_123906,0
243363_110499,0
243363_125703,0
243363_94507,0
243368_223414,0
243368_41067,1
243368_211630,0
243368_43031,1
243368_285255,0
243368_139094,1
243371_53126,0
243371_28633,0
243371_139126,1
243371_224289,1
243371_156375,1
243371_37017,0
243372_25778,1
243372_99922,1
243372_235716,1
243372_141011,0
243372_242253,1
243372_122233,0
243373_130771,1
243373_25106,0
243373_250753,1
243373_104542,1
243373_212822,1
243373_270004,1
243375_4787,1
243375_116984,0
243375_213280,0
243375_202959,1
243375_50407,1
243375_153551,1
243376_287284,0
243376_288832,0
243376_256467,0
243376_106152,0
243376_256578,0
243376_132003,0
243379_204859,1
243379_266246,0
243379_33914,0
243379_159869,1
243379_262921,0
243379_208751,1
243383_8762,1
243383_159585,1
243383_221752,1
243383_252519,1
243383_47140,1
243383_103351,1
243385_242123,0
243385_112808,1
243385_23681,1
243385_91832,1
243385_140602,1
243385_284554,1
243386_276189,0
243386_25635,0
243386_181146,1
243386_221250,1
243386_35423,0
243386_171981,0
243387_201060,0
243387_56154,0
243387_183331,1
243387_143789,1
243387_699,0
243387_219813,1
243390_42331,1
243390_271636,0
243390_66550,1
243390_291277,1
243390_156339,0
243390_280550,0
243397_291248,0
243397_25974,0
243397_86038,0
243397_142248,0
243397_226889,1
243397_3569,1
243398_90712,0
243398_13012,0
243398_53910,1
243398_125490,0
243398_2129,0
243398_277031,0
243399_155373,0
243399_255647,1
243399_30865,1
243399_272073,0
243399_265063,1
243399_261678,0
243400_39477,1
243400_68655,0
243400_61846,0
243400_108560,1
243400_92064,1
243400_176586,0
243404_151926,0
243404_12773,1
243404_144068,0
243404_173340,1
243404_126338,1
243404_17421,0
243409_114829,1
243409_124564,1
243409_131901,0
243409_46152,0
243409_222763,1
243409_63625,1
243410_3978,0
243410_6173,0
243410_173476,1
243410_234274,1
243410_4738,0
243410_209434,1
243417_32226,1
243417_246203,1
243417_100174,0
243417_203604,0
243417_177267,0
243417_156304,0
243420_264835,1
243420_109487,0
243420_5075,0
243420_213613,0
243420_66338,1
243420_60141,0
243421_39788,0
243421_115830,1
243421_210733,0
243421_55812,0
243421_147802,1
243421_42375,0
243423_187953,1
243423_239864,0
243423_31200,0
243423_202835,1
243423_189790,1
243423_291128,1
243430_65590,0
243430_75959,1
243430_194889,0
243430_52621,1
243430_10806,1
243430_236455,0
243435_2460,1
243435_29189,1
243435_148645,0
243435_170926,1
243435_174160,0
243435_176009,0
243437_20819,0
243437_152658,0
243437_271070,1
243437_169109,1
243437_36048,1
243437_189328,1
243438_208267,0
243438_267480,0
243438_198890,0
243438_77301,0
243438_40041,0
243438_6614,0
243440_240854,1
243440_142747,1
243440_177183,1
243440_92711,1
243440_287568,1
243440_283599,1
243443_177410,0
243443_212740,1
243443_285057,1
243443_89826,1
243443_295546,0
243443_17097,0
243447_263958,1
243447_294724,0
243447_238943,0
243447_2535,0
243447_194950,1
243447_248630,1
243451_275025,1
243451_155791,1
243451_57015,1
243451_152905,1
243451_285250,1
243451_256008,1
243453_106464,0
243453_55412,0
243453_42645,1
243453_233647,1
243453_249223,0
243453_275717,1
243457_218956,0
243457_271030,0
243457_92164,0
243457_58511,0
243457_280252,0
243457_142408,0
243461_126992,1
243461_31325,1
243461_226303,0
243461_281826,1
243461_131246,1
243461_94355,1
243468_108397,0
243468_219917,1
243468_51849,0
243468_14275,1
243468_218238,1
243468_292488,1
243469_142493,0
243469_109969,0
243469_20684,1
243469_61298,0
243469_57701,1
243469_217038,1
243471_110764,1
243471_145290,1
243471_279521,1
243471_29368,0
243471_242372,1
243471_48039,1
243472_143570,1
243472_193030,0
243472_79419,0
243472_78281,0
243472_46880,1
243472_80165,1
243477_90306,1
243477_237564,0
243477_154473,0
243477_291128,0
243477_12279,1
243477_183159,1
243480_18668,0
243480_121887,1
243480_40847,0
243480_62573,0
243480_103861,1
243480_222443,1
243481_28142,1
243481_13641,1
243481_179502,1
243481_113233,0
243481_200385,1
243481_111874,1
243482_74151,0
243482_89270,0
243482_129710,0
243482_262609,0
243482_273201,0
243482_248194,1
243483_210781,1
243483_158699,1
243483_271459,0
243483_188681,1
243483_183197,0
243483_36048,1
243489_63580,1
243489_124464,1
243489_45164,0
243489_206256,1
243489_127078,1
243489_41728,0
243490_163253,1
243490_187847,1
243490_162313,1
243490_240347,0
243490_207462,1
243490_229691,1
243495_144786,1
243495_236433,1
243495_37960,1
243495_141921,1
243495_260714,0
243495_7740,1
243498_133215,1
243498_20973,1
243498_218982,1
243498_137780,0
243498_210326,1
243498_264776,0
243505_66596,1
243505_220566,0
243505_73524,1
243505_294701,0
243505_36911,1
243505_66373,0
243506_284196,0
243506_115069,0
243506_158758,1
243506_130074,0
243506_241006,1
243506_78499,0
243510_27044,1
243510_227732,1
243510_259598,1
243510_183041,0
243510_283814,1
243510_69227,1
243511_256248,1
243511_52617,1
243511_55497,1
243511_281330,0
243511_110918,1
243511_14829,0
243515_188327,1
243515_70978,0
243515_245137,0
243515_239100,1
243515_97007,0
243515_1559,1
243516_170395,0
243516_202768,1
243516_8410,0
243516_116869,1
243516_179277,0
243516_292745,0
243519_32141,1
243519_5030,1
243519_65802,0
243519_56976,1
243519_97127,0
243519_199373,1
243525_75361,0
243525_71809,0
243525_254008,0
243525_278582,0
243525_183394,0
243525_3846,0
243526_139312,1
243526_107923,1
243526_102547,1
243526_55521,0
243526_291128,1
243526_125105,1
243528_235513,0
243528_102452,0
243528_42557,0
243528_22640,0
243528_30175,0
243528_289970,0
243529_218885,0
243529_10422,1
243529_237669,1
243529_263662,1
243529_205194,1
243529_131406,1
243531_281844,0
243531_283862,0
243531_64470,0
243531_239755,0
243531_159963,1
243531_1779,0
243533_61063,1
243533_24878,1
243533_86300,1
243533_163665,1
243533_2822,0
243533_175884,0
243535_104207,1
243535_69860,0
243535_23851,0
243535_222443,0
243535_225319,0
243535_70120,0
243537_248622,1
243537_143297,1
243537_267078,1
243537_292218,0
243537_126806,1
243537_185569,1
243538_286454,1
243538_4027,1
243538_62173,0
243538_193987,1
243538_205720,1
243538_95659,0
243539_130344,1
243539_96663,1
243539_284693,1
243539_185815,1
243539_260209,1
243539_126615,1
243542_256528,1
243542_252291,0
243542_202235,0
243542_13266,1
243542_288720,1
243542_239582,0
243544_113390,0
243544_268900,1
243544_220358,0
243544_214661,0
243544_33962,0
243544_169854,0
243545_181073,1
243545_293107,1
243545_201820,1
243545_1429,1
243545_115095,1
243545_173538,1
243546_222785,1
243546_121031,0
243546_71455,1
243546_9286,1
243546_155109,1
243546_110988,1
243550_99448,1
243550_111575,1
243550_98908,0
243550_24526,0
243550_20460,1
243550_64763,1
243553_53826,1
243553_74968,1
243553_288656,1
243553_13223,0
243553_69913,0
243553_136523,0
243554_19543,1
243554_259598,1
243554_288741,0
243554_160048,1
243554_257267,1
243554_256797,1
243555_266225,1
243555_239189,1
243555_284314,0
243555_227561,0
243555_153565,0
243555_36641,1
243563_273622,1
243563_191501,1
243563_14630,0
243563_234779,0
243563_264551,1
243563_66159,0
243565_92631,1
243565_275841,1
243565_52765,1
243565_196172,0
243565_76866,1
243565_106273,1
243567_84030,1
243567_178268,0
243567_269017,0
243567_67570,0
243567_188925,1
243567_106252,1
243569_264668,0
243569_9171,1
243569_255378,0
243569_219917,1
243569_31587,0
243569_158554,0
243570_152602,1
243570_185260,1
243570_195627,0
243570_197975,1
243570_157145,1
243570_26101,0
243572_53887,0
243572_148792,0
243572_206085,1
243572_217595,0
243572_53913,0
243572_109024,1
243573_239584,0
243573_223238,1
243573_134496,1
243573_152491,1
243573_252262,1
243573_203679,1
243575_281016,1
243575_260175,1
243575_187847,1
243575_33692,0
243575_126170,1
243575_103717,1
243577_254975,0
243577_67795,0
243577_281206,1
243577_10704,1
243577_140019,0
243577_187989,1
243578_189398,0
243578_146376,1
243578_28608,0
243578_225426,1
243578_65018,0
243578_151311,1
243579_36131,1
243579_168902,0
243579_22870,0
243579_5260,0
243579_151575,0
243579_281818,0
243580_272498,0
243580_180434,1
243580_23635,1
243580_93973,0
243580_107292,1
243580_97522,1
243581_118081,1
243581_156153,0
243581_246034,0
243581_13796,1
243581_269270,1
243581_193003,0
243582_271403,1
243582_223222,1
243582_153311,1
243582_193386,0
243582_109787,1
243582_241851,0
243584_103118,0
243584_262323,0
243584_183072,0
243584_190360,0
243584_176484,0
243584_40041,0
243585_171809,0
243585_162152,0
243585_4575,1
243585_97522,1
243585_197995,1
243585_112112,1
243587_178645,0
243587_232937,0
243587_228569,0
243587_91665,0
243587_70959,0
243587_222259,0
243588_165708,1
243588_51234,1
243588_203738,0
243588_282657,1
243588_19107,1
243588_101871,1
243595_213072,1
243595_219915,0
243595_226946,1
243595_124967,1
243595_120246,0
243595_246022,1
243600_89996,1
243600_15405,1
243600_166193,0
243600_254783,0
243600_139715,0
243600_250273,1
243602_152732,0
243602_186266,1
243602_205956,0
243602_187847,1
243602_197768,1
243602_83093,1
243603_23018,1
243603_47997,0
243603_290701,1
243603_74056,1
243603_250753,1
243603_221040,1
243609_143081,1
243609_255449,0
243609_210982,1
243609_271466,0
243609_71455,1
243609_70167,0
243614_162867,1
243614_3996,0
243614_151760,1
243614_156358,1
243614_17245,0
243614_1960,0
243617_47618,0
243617_191530,0
243617_219744,0
243617_122683,1
243617_47548,1
243617_135144,0
243618_72875,1
243618_135340,0
243618_84728,1
243618_13495,1
243618_287625,0
243618_253648,0
243624_43564,1
243624_212207,1
243624_250273,1
243624_39381,1
243624_77896,1
243624_260383,1
243627_14147,0
243627_183338,0
243627_290850,0
243627_112473,0
243627_251438,0
243627_211360,0
243632_278059,1
243632_193711,1
243632_144819,0
243632_151223,1
243632_43710,0
243632_189827,0
243634_189417,0
243634_45596,1
243634_250273,1
243634_125371,0
243634_176368,0
243634_135342,0
243636_108116,0
243636_65731,1
243636_47124,1
243636_166193,0
243636_249930,0
243636_124461,1
243638_79409,1
243638_37383,1
243638_154323,0
243638_157639,1
243638_170122,0
243638_217877,0
243641_278777,0
243641_277470,1
243641_87671,1
243641_21415,1
243641_111340,0
243641_154347,1
243643_277636,1
243643_15870,1
243643_86732,1
243643_278854,1
243643_11594,1
243643_128369,0
243646_175194,1
243646_246255,1
243646_230770,0
243646_253167,0
243646_4145,0
243646_15598,0
243648_263350,0
243648_198117,1
243648_285180,0
243648_136832,1
243648_107493,1
243648_291238,1
243650_293108,0
243650_207036,0
243650_77422,1
243650_177931,0
243650_123298,0
243650_258228,1
243652_231891,1
243652_37562,1
243652_277605,0
243652_128810,0
243652_140267,1
243652_163599,1
243653_281818,1
243653_144424,0
243653_25106,0
243653_58512,0
243653_271100,1
243653_225388,1
243654_174481,0
243654_225874,1
243654_252614,1
243654_31440,1
243654_185015,1
243654_200013,1
243655_263466,0
243655_218021,0
243655_200483,1
243655_75563,0
243655_139444,1
243655_134456,0
243659_218984,1
243659_276189,1
243659_157041,0
243659_91994,1
243659_281141,1
243659_150250,1
243662_62355,0
243662_236433,0
243662_32226,0
243662_185243,0
243662_282930,0
243662_131453,0
243665_101111,1
243665_162645,1
243665_113895,1
243665_161094,1
243665_102369,1
243665_118623,0
243666_130023,1
243666_102978,1
243666_34905,1
243666_147450,1
243666_142804,0
243666_175928,0
243669_83958,1
243669_108855,0
243669_64238,0
243669_5911,1
243669_226836,0
243669_80165,0
243678_157139,1
243678_130344,1
243678_203033,0
243678_1414,0
243678_14595,1
243678_120535,1
243679_139654,1
243679_57625,0
243679_16079,0
243679_177062,1
243679_33856,0
243679_72718,1
243682_162897,1
243682_157495,0
243682_185815,0
243682_92062,0
243682_52572,0
243682_105986,1
243685_200944,0
243685_126274,0
243685_282495,0
243685_121361,1
243685_116399,0
243685_148970,0
243686_78499,0
243686_76611,1
243686_134774,0
243686_118946,1
243686_45579,0
243686_46821,1
243687_168845,0
243687_179399,0
243687_240678,0
243687_137485,1
243687_253012,0
243687_198197,1
243688_183758,1
243688_220067,0
243688_115355,0
243688_74419,0
243688_237240,0
243688_245984,0
243689_93796,1
243689_186399,0
243689_168612,1
243689_214708,0
243689_6789,1
243689_123220,0
243690_262921,1
243690_201169,0
243690_248822,1
243690_189058,0
243690_178491,1
243690_207923,1
243699_122086,0
243699_131241,1
243699_171850,1
243699_94595,1
243699_193367,0
243699_125907,0
243702_162170,1
243702_165939,1
243702_60249,0
243702_293898,0
243702_212122,0
243702_82939,1
243705_134099,0
243705_42375,1
243705_277132,1
243705_51173,1
243705_101846,1
243705_120535,1
243710_143075,1
243710_139963,0
243710_264152,1
243710_169945,1
243710_207899,1
243710_236448,1
243711_161991,1
243711_177264,1
243711_157155,0
243711_263438,0
243711_28798,1
243711_187494,0
243712_138963,1
243712_86713,1
243712_243829,1
243712_3324,1
243712_48088,1
243712_283731,1
243717_131453,1
243717_182452,1
243717_73080,1
243717_58317,0
243717_125448,0
243717_21911,1
243718_199585,1
243718_102,1
243718_261910,1
243718_86713,1
243718_178974,1
243718_249323,1
243719_246593,0
243719_163570,0
243719_213896,0
243719_24409,0
243719_168369,0
243719_195948,0
243722_259770,1
243722_103841,1
243722_80983,1
243722_191512,1
243722_12476,1
243722_282203,0
243725_11608,1
243725_101141,1
243725_138995,0
243725_240474,1
243725_206072,1
243725_237564,1
243727_139135,1
243727_279822,0
243727_56150,0
243727_80225,1
243727_244494,1
243727_103870,0
243729_21317,1
243729_288689,1
243729_78977,1
243729_103044,1
243729_21473,0
243729_24632,1
243730_227866,0
243730_94498,0
243730_205370,0
243730_81409,0
243730_135799,0
243730_134103,0
243733_199905,0
243733_10599,0
243733_79334,0
243733_10482,1
243733_124863,0
243733_159443,0
243735_126886,1
243735_21918,1
243735_46287,0
243735_181344,1
243735_95659,1
243735_77491,1
243738_17302,1
243738_174973,1
243738_104928,1
243738_223305,1
243738_228851,1
243738_79099,0
243743_267552,0
243743_146288,1
243743_96103,1
243743_120535,0
243743_29302,1
243743_209783,0
243744_155151,0
243744_60428,0
243744_179979,1
243744_143812,0
243744_76043,0
243744_21593,0
243746_143570,1
243746_228077,1
243746_152820,1
243746_247141,1
243746_137479,0
243746_3414,1
243748_82632,1
243748_177502,0
243748_291078,0
243748_87357,1
243748_208364,1
243748_120219,0
243751_53802,0
243751_163106,1
243751_264558,1
243751_110173,1
243751_107803,0
243751_19305,1
243752_214296,1
243752_229391,1
243752_202540,0
243752_212408,1
243752_232332,0
243752_204679,1
243754_220488,1
243754_181408,0
243754_37517,1
243754_195853,0
243754_273767,0
243754_21052,1
243758_92931,1
243758_202473,1
243758_144357,1
243758_179268,1
243758_118101,0
243758_151926,1
243761_107959,1
243761_245308,0
243761_252250,1
243761_198779,0
243761_130272,0
243761_202503,1
243762_226107,1
243762_279249,1
243762_40634,0
243762_130614,0
243762_30318,0
243762_4823,1
243763_121416,1
243763_173933,1
243763_216168,1
243763_184792,1
243763_57319,1
243763_149417,1
243766_105339,1
243766_71730,0
243766_181751,1
243766_15641,1
243766_38174,0
243766_23138,1
243767_56544,1
243767_75930,0
243767_126615,1
243767_54000,1
243767_53822,1
243767_189365,1
243774_142610,0
243774_7039,1
243774_118064,1
243774_262601,0
243774_157670,1
243774_111943,0
243777_146476,1
243777_65731,0
243777_18066,0
243777_224494,0
243777_154286,1
243777_125926,1
243785_110276,1
243785_200110,0
243785_75564,1
243785_240074,1
243785_145161,0
243785_94736,0
243787_62117,1
243787_114730,1
243787_3222,1
243787_237911,0
243787_247925,1
243787_19154,1
243797_178370,0
243797_52824,1
243797_39788,1
243797_160536,0
243797_243647,0
243797_56855,0
243798_20454,1
243798_269901,1
243798_102452,1
243798_70106,1
243798_133617,1
243798_104424,1
243799_123579,1
243799_149429,1
243799_184837,0
243799_76499,1
243799_70268,1
243799_263806,1
243802_288566,1
243802_253373,1
243802_108612,1
243802_11116,1
243802_281009,1
243802_141022,1
243806_232322,0
243806_32762,0
243806_101871,1
243806_103237,0
243806_252608,0
243806_6422,1
243808_3538,0
243808_30408,1
243808_290850,0
243808_282277,0
243808_273614,1
243808_154286,1
243810_150772,1
243810_151539,0
243810_231141,1
243810_111346,1
243810_163356,0
243810_230842,1
243811_37785,1
243811_43489,1
243811_138863,1
243811_231141,1
243811_120535,1
243811_256786,0
243812_85847,0
243812_276100,0
243812_267080,0
243812_226091,0
243812_230677,0
243812_35571,0
243814_79881,1
243814_87272,1
243814_277984,0
243814_269907,1
243814_105615,1
243814_288520,1
243815_261695,1
243815_114700,0
243815_171850,0
243815_117750,1
243815_190068,0
243815_178108,0
243818_141954,1
243818_179592,0
243818_126075,1
243818_153819,0
243818_54933,1
243818_18392,1
243820_93650,1
243820_196840,0
243820_193262,1
243820_95277,1
243820_176821,1
243820_8142,0
243821_283511,0
243821_61949,0
243821_50889,0
243821_283425,0
243821_173263,0
243821_267561,0
243823_270454,0
243823_21593,1
243823_181408,1
243823_220779,1
243823_74024,1
243823_267359,1
243826_170187,1
243826_132424,1
243826_67315,1
243826_27035,1
243826_267888,1
243826_158103,0
243827_74341,0
243827_229201,0
243827_38174,0
243827_288543,0
243827_129533,0
243827_266360,0
243831_14513,1
243831_105030,1
243831_158158,1
243831_255916,1
243831_289153,1
243831_133701,1
243834_78454,1
243834_59365,1
243834_146842,0
243834_235250,0
243834_88217,1
243834_100752,1
243835_182079,0
243835_138382,0
243835_150800,0
243835_20747,0
243835_187839,0
243835_12003,0
243836_177704,0
243836_271794,1
243836_5255,0
243836_37568,1
243836_274583,0
243836_107923,1
243837_89107,0
243837_256053,1
243837_140063,0
243837_120317,1
243837_83880,0
243837_281850,1
243838_15889,0
243838_4993,1
243838_224568,1
243838_43564,0
243838_197528,0
243838_104424,1
243839_63869,0
243839_21446,0
243839_265682,1
243839_258245,1
243839_29894,1
243839_101368,0
243843_86857,1
243843_44675,1
243843_23094,0
243843_262158,0
243843_53887,0
243843_237829,1
243847_121772,1
243847_14719,1
243847_110032,0
243847_170331,1
243847_171902,1
243847_72326,1
243849_2783,0
243849_222765,0
243849_100634,1
243849_208172,0
243849_76002,1
243849_43881,0
243850_50693,1
243850_187964,0
243850_240359,1
243850_284781,0
243850_133198,1
243850_74795,0
243851_82634,0
243851_85864,0
243851_126532,0
243851_134510,1
243851_61451,0
243851_195488,1
243858_26154,0
243858_208469,1
243858_187414,1
243858_295323,0
243858_61941,1
243858_238411,1
243860_69587,1
243860_258459,0
243860_78305,1
243860_162727,1
243860_271496,1
243860_271211,1
243861_212369,0
243861_221902,1
243861_150712,0
243861_150072,0
243861_204179,1
243861_232699,1
243863_35620,0
243863_92045,1
243863_15821,0
243863_74292,1
243863_149033,0
243863_264247,1
243866_68370,0
243866_39913,1
243866_198293,1
243866_246319,0
243866_154173,1
243866_111183,1
243868_123749,0
243868_152709,0
243868_223355,0
243868_248766,0
243868_87578,1
243868_236197,0
243870_225893,1
243870_109638,1
243870_164737,1
243870_279024,1
243870_149391,1
243870_212065,1
243871_269178,1
243871_35549,1
243871_221984,1
243871_10679,1
243871_73557,1
243871_146376,1
243872_273889,0
243872_38907,1
243872_66457,1
243872_247413,1
243872_183936,1
243872_72771,1
243873_246130,0
243873_281330,0
243873_61277,0
243873_24286,0
243873_232343,1
243873_31034,1
243874_135801,1
243874_267536,1
243874_31984,1
243874_144424,0
243874_238131,0
243874_173674,1
243876_259393,1
243876_88500,1
243876_9516,1
243876_153606,1
243876_254092,1
243876_181442,0
243877_8847,1
243877_174669,1
243877_273165,1
243877_227522,1
243877_111787,1
243877_191327,0
243878_138096,1
243878_204514,1
243878_53507,1
243878_29302,0
243878_16579,0
243878_27608,0
243880_60913,1
243880_126704,0
243880_107420,0
243880_272491,1
243880_49010,0
243880_103712,0
243881_165306,0
243881_183045,0
243881_253479,0
243881_20499,0
243881_27851,0
243881_106431,0
243884_143720,1
243884_18152,1
243884_155521,0
243884_111621,0
243884_187994,0
243884_200024,1
243885_200018,0
243885_107662,1
243885_180306,1
243885_181408,1
243885_138333,0
243885_249177,0
243890_85931,0
243890_199420,1
243890_176334,1
243890_165653,0
243890_206911,0
243890_158923,1
243892_198315,0
243892_116269,0
243892_49915,0
243892_124712,1
243892_172513,0
243892_82186,1
243893_102597,0
243893_203750,0
243893_251902,0
243893_5888,1
243893_12647,0
243893_162754,0
243898_238237,0
243898_24582,1
243898_7596,1
243898_238892,1
243898_210679,1
243898_198595,1
243900_97519,1
243900_273201,1
243900_85820,1
243900_292491,0
243900_226331,1
243900_128579,1
243902_189978,0
243902_105125,1
243902_147523,1
243902_285440,1
243902_264582,1
243902_203510,0
243908_295939,0
243908_284143,0
243908_91447,0
243908_254680,1
243908_71791,0
243908_143651,0
243909_203828,1
243909_51086,0
243909_150640,1
243909_239253,0
243909_106912,0
243909_48366,1
243912_11480,0
243912_446,1
243912_110067,1
243912_159712,0
243912_52617,0
243912_186400,1
243914_21853,0
243914_225020,0
243914_255155,0
243914_107707,0
243914_136405,0
243914_53755,1
243916_23104,1
243916_146950,1
243916_222691,0
243916_153442,1
243916_24463,1
243916_53964,1
243917_18392,1
243917_188513,1
243917_60285,1
243917_119552,1
243917_137074,0
243917_151926,1
243919_67942,1
243919_243868,0
243919_117728,1
243919_283018,1
243919_32154,0
243919_112142,0
243927_1657,0
243927_77360,1
243927_234001,0
243927_252563,1
243927_55,0
243927_194053,0
243930_246593,1
243930_134456,0
243930_213847,1
243930_209237,0
243930_245548,1
243930_144357,1
243933_3922,1
243933_128322,1
243933_83778,1
243933_294576,0
243933_206191,0
243933_270506,0
243936_295476,1
243936_177428,0
243936_8229,0
243936_47528,1
243936_66741,1
243936_201839,0
243937_133764,0
243937_191312,0
243937_230234,0
243937_126414,0
243937_98305,0
243937_202550,1
243941_1158,1
243941_96408,1
243941_203325,1
243941_207076,1
243941_91066,0
243941_30176,1
243945_193711,1
243945_204918,1
243945_50047,1
243945_190068,1
243945_202850,1
243945_119685,0
243947_243478,1
243947_101013,0
243947_237564,0
243947_155061,1
243947_264901,0
243947_239282,0
243948_58880,1
243948_136908,0
243948_187940,0
243948_278582,0
243948_213220,1
243948_115420,0
243951_242397,0
243951_190596,1
243951_256385,1
243951_138621,0
243951_97170,1
243951_175290,0
243953_51145,0
243953_105717,0
243953_67405,1
243953_16233,0
243953_282695,1
243953_165106,1
243954_124206,1
243954_2398,0
243954_26657,1
243954_267883,0
243954_230811,1
243954_33120,0
243958_237551,0
243958_167825,1
243958_139165,0
243958_232789,0
243958_288555,0
243958_66368,0
243959_225026,1
243959_68160,0
243959_231931,1
243959_239573,0
243959_282613,0
243959_227013,1
243960_50950,0
243960_236016,0
243960_185349,0
243960_225426,0
243960_216902,1
243960_49295,0
243962_7836,1
243962_32207,0
243962_295871,1
243962_279088,0
243962_18808,0
243962_154173,1
243964_64470,0
243964_80582,0
243964_137512,0
243964_64402,1
243964_283018,1
243964_124301,1
243965_72969,1
243965_104584,0
243965_55166,0
243965_145778,0
243965_51430,1
243965_35308,1
243969_56525,0
243969_136273,0
243969_147573,1
243969_74296,1
243969_157914,0
243969_143052,1
243972_165847,1
243972_34450,1
243972_283762,0
243972_263385,0
243972_118244,1
243972_109399,0
243978_231506,1
243978_235725,0
243978_256807,1
243978_68360,1
243978_7596,1
243978_20280,1
243981_226904,1
243981_81750,1
243981_199484,0
243981_151235,1
243981_186440,0
243981_284419,1
243982_293741,1
243982_21473,0
243982_286001,0
243982_113043,0
243982_193475,1
243982_138127,0
243984_56334,1
243984_279949,1
243984_66368,1
243984_187994,0
243984_103204,1
243984_177384,1
243987_1864,0
243987_92062,0
243987_146395,0
243987_263712,1
243987_21680,1
243987_252467,1
243989_288543,0
243989_273239,0
243989_185592,0
243989_147802,1
243989_173657,0
243989_188089,1
243990_270906,0
243990_255325,0
243990_44210,0
243990_252656,0
243990_7071,0
243990_287103,0
243991_60285,1
243991_76222,1
243991_166971,0
243991_108100,1
243991_86424,1
243991_195181,1
243992_149685,0
243992_188550,0
243992_36749,0
243992_21652,0
243992_220393,1
243992_48448,0
243993_294764,0
243993_3498,1
243993_36656,0
243993_194192,0
243993_294233,0
243993_7908,1
243996_270515,1
243996_261372,0
243996_166340,0
243996_161447,0
243996_32841,1
243996_52044,0
243998_74399,0
243998_108077,0
243998_289106,0
243998_170082,1
243998_203919,0
243998_203804,1
244003_209517,0
244003_142389,1
244003_241106,0
244003_278764,1
244003_96162,1
244003_102811,0
244004_73466,0
244004_147928,1
244004_18046,0
244004_56865,0
244004_266137,1
244004_83141,1
244005_98681,1
244005_233616,0
244005_215551,0
244005_92063,0
244005_148870,1
244005_287534,1
244006_203711,0
244006_199391,0
244006_238470,0
244006_124725,1
244006_262142,0
244006_57963,0
244008_29744,1
244008_91016,0
244008_141681,0
244008_191460,1
244008_167873,1
244008_163570,1
244011_15405,1
244011_8691,1
244011_140840,0
244011_228077,0
244011_36394,1
244011_122423,1
244012_145810,0
244012_175142,1
244012_139152,1
244012_108,1
244012_69487,1
244012_152652,1
244013_39235,0
244013_103870,1
244013_194810,1
244013_157389,0
244013_210733,1
244013_31066,1
244015_19116,1
244015_172013,1
244015_278136,0
244015_40015,1
244015_220776,1
244015_156092,1
244019_231680,1
244019_211184,0
244019_216182,0
244019_130097,0
244019_173038,1
244019_134403,0
244021_251424,0
244021_14714,0
244021_69823,1
244021_283367,0
244021_76140,1
244021_204804,0
244022_149142,0
244022_42628,1
244022_5030,0
244022_93175,0
244022_278717,0
244022_130023,0
244027_200327,1
244027_87470,0
244027_172024,0
244027_45355,1
244027_99219,1
244027_232364,1
244028_118833,1
244028_54650,1
244028_111068,1
244028_126615,1
244028_285905,1
244028_129811,1
244029_197975,1
244029_99008,0
244029_267824,1
244029_156230,1
244029_60217,1
244029_291017,1
244030_237591,1
244030_255889,1
244030_276334,0
244030_234437,0
244030_125944,0
244030_105487,1
244034_267896,0
244034_67782,1
244034_104078,1
244034_294724,1
244034_146263,0
244034_109973,0
244035_104997,1
244035_281108,1
244035_124594,1
244035_249760,1
244035_54093,1
244035_13495,1
244036_64959,0
244036_7797,0
244036_25772,0
244036_221486,0
244036_375,0
244036_220937,0
244040_288292,0
244040_4894,0
244040_8229,0
244040_55863,1
244040_46850,0
244040_113224,1
244041_34715,1
244041_274123,1
244041_20203,1
244041_261740,1
244041_223164,1
244041_261695,1
244045_220566,1
244045_134456,1
244045_292073,1
244045_279999,0
244045_120519,1
244045_221946,1
244046_294577,0
244046_209446,1
244046_150058,0
244046_172956,1
244046_255879,1
244046_281436,0
244048_261450,0
244048_92791,0
244048_169325,1
244048_164885,0
244048_200378,1
244048_245668,0
244049_126992,1
244049_52881,1
244049_85720,0
244049_92482,1
244049_155069,0
244049_118432,1
244051_118909,0
244051_6159,1
244051_50804,0
244051_89308,0
244051_90143,0
244051_288832,0
244052_282917,0
244052_104928,1
244052_260211,0
244052_250273,1
244052_166021,1
244052_107344,1
244053_85558,1
244053_263687,1
244053_27551,0
244053_284909,0
244053_187117,1
244053_46756,0
244063_81085,0
244063_93211,1
244063_41785,1
244063_29371,1
244063_8980,1
244063_212024,0
244067_202385,0
244067_9786,1
244067_104343,1
244067_140725,1
244067_269783,1
244067_88123,0
244068_287204,1
244068_96187,0
244068_159757,1
244068_183087,1
244068_239100,1
244068_83927,0
244069_238417,0
244069_250749,1
244069_253350,0
244069_31918,1
244069_41017,0
244069_207401,1
244070_211193,0
244070_71388,0
244070_74034,1
244070_136312,0
244070_74010,0
244070_96998,1
244071_194060,0
244071_185815,0
244071_252608,0
244071_110784,1
244071_202964,0
244071_183431,1
244072_196021,1
244072_207938,0
244072_13495,0
244072_12836,0
244072_149640,0
244072_253791,1
244073_65494,1
244073_255048,1
244073_54734,0
244073_71455,1
244073_13495,1
244073_271817,0
244077_201021,1
244077_186064,1
244077_92139,0
244077_85861,1
244077_109907,1
244077_255978,0
244082_83575,1
244082_152674,1
244082_14432,1
244082_277945,0
244082_119928,1
244082_269725,1
244087_90547,0
244087_111133,0
244087_162341,0
244087_174100,1
244087_138156,0
244087_143822,0
244088_96318,1
244088_59566,1
244088_14693,1
244088_166980,1
244088_105265,1
244088_17979,0
244089_17008,1
244089_221116,0
244089_111660,1
244089_70208,0
244089_222748,1
244089_53873,1
244094_71141,0
244094_207890,1
244094_108560,1
244094_191060,0
244094_43457,1
244094_137720,0
244096_168855,1
244096_49699,1
244096_165573,0
244096_92219,1
244096_27090,0
244096_105760,0
244100_115656,0
244100_261578,0
244100_103458,0
244100_1219,1
244100_62723,1
244100_65586,0
244101_211301,1
244101_164774,0
244101_112142,0
244101_108954,1
244101_2286,1
244101_23249,0
244102_142865,1
244102_192349,1
244102_247800,1
244102_257260,1
244102_283579,1
244102_62744,1
244109_195967,0
244109_24706,1
244109_183759,0
244109_51963,0
244109_101875,1
244109_258828,1
244112_106692,0
244112_175759,0
244112_264564,0
244112_179100,1
244112_17391,1
244112_79765,1
244118_162321,1
244118_294979,1
244118_202648,1
244118_210817,1
244118_220488,1
244118_40036,1
244125_27823,0
244125_295805,0
244125_240854,0
244125_176294,0
244125_267338,1
244125_197326,1
244126_176997,0
244126_284503,1
244126_259726,0
244126_87466,1
244126_99112,0
244126_212469,1
244127_110789,1
244127_128755,0
244127_13254,0
244127_186897,1
244127_65214,1
244127_150640,1
244129_21504,1
244129_36732,1
244129_60818,0
244129_184275,0
244129_123577,0
244129_160002,1
244132_129190,1
244132_34574,1
244132_200132,0
244132_88477,1
244132_16961,1
244132_9853,1
244134_179993,0
244134_82931,1
244134_226244,0
244134_151534,0
244134_260816,1
244134_277360,0
244137_15270,1
244137_138706,0
244137_280999,1
244137_218584,0
244137_163315,1
244137_204859,1
244140_159549,0
244140_219565,0
244140_201753,0
244140_98513,1
244140_100669,1
244140_291242,1
244144_238499,0
244144_187638,0
244144_265026,1
244144_48282,0
244144_119911,0
244144_97557,0
244145_54690,1
244145_26594,0
244145_147080,0
244145_106788,1
244145_268716,1
244145_84511,0
244148_198929,0
244148_19543,1
244148_86094,1
244148_289451,0
244148_285551,1
244148_203840,1
244151_255385,1
244151_37043,1
244151_51216,1
244151_192797,1
244151_272763,0
244151_24408,1
244152_148294,1
244152_10638,1
244152_31066,1
244152_77908,0
244152_94258,1
244152_186263,0
244154_161381,1
244154_116597,0
244154_158908,1
244154_165826,1
244154_52753,0
244154_216616,0
244155_5844,1
244155_158428,0
244155_3939,1
244155_178964,1
244155_225494,0
244155_32141,0
244159_160239,1
244159_84591,1
244159_236332,0
244159_169839,1
244159_275104,0
244159_76573,0
244161_23308,1
244161_201966,1
244161_41218,0
244161_111084,0
244161_170625,1
244161_176842,1
244164_7188,1
244164_38168,1
244164_69929,1
244164_212936,1
244164_173257,0
244164_200381,0
244167_77890,1
244167_14334,1
244167_75104,0
244167_155463,1
244167_121053,0
244167_123601,0
244168_145959,1
244168_231141,0
244168_286001,1
244168_112029,1
244168_4101,0
244168_163945,0
244171_260165,0
244171_87089,1
244171_102137,0
244171_32153,0
244171_7596,0
244171_16116,1
244173_163853,1
244173_238977,0
244173_3623,1
244173_245668,1
244173_14343,1
244173_65096,1
244174_49270,1
244174_208220,0
244174_183376,0
244174_169325,1
244174_150250,0
244174_232332,0
244178_99448,0
244178_60672,1
244178_276459,0
244178_121423,0
244178_26225,0
244178_42569,1
244179_276617,1
244179_33828,0
244179_49111,0
244179_216124,0
244179_225344,1
244179_126166,0
244180_83711,1
244180_117126,0
244180_63720,1
244180_210976,0
244180_66989,1
244180_221932,0
244189_209181,1
244189_170333,1
244189_138527,0
244189_143789,0
244189_33446,1
244189_259495,0
244192_26230,1
244192_159549,0
244192_214279,0
244192_237541,0
244192_156253,0
244192_214979,0
244193_72591,0
244193_166718,0
244193_42429,0
244193_247824,0
244193_192092,0
244193_133950,0
244194_190089,1
244194_157129,1
244194_4104,1
244194_279067,1
244194_156375,1
244194_35854,0
244198_219640,1
244198_56525,1
244198_155949,0
244198_244712,1
244198_34503,1
244198_203612,0
244199_125096,1
244199_273201,1
244199_41843,0
244199_281844,1
244199_271783,1
244199_80256,1
244200_71464,1
244200_180981,0
244200_118170,1
244200_68493,0
244200_159443,1
244200_11769,0
244203_142782,1
244203_291512,1
244203_70129,0
244203_231295,1
244203_108501,1
244203_65494,1
244204_102339,0
244204_190549,1
244204_101168,1
244204_73043,0
244204_185106,1
244204_239143,1
244207_191135,1
244207_50380,0
244207_22451,0
244207_36594,1
244207_17985,1
244207_54117,1
244208_82931,0
244208_117706,1
244208_25866,0
244208_130023,1
244208_65567,0
244208_47008,0
244209_160985,0
244209_155791,1
244209_201011,0
244209_1448,1
244209_96522,0
244209_53167,1
244210_104207,0
244210_50807,0
244210_126166,0
244210_183331,1
244210_121932,1
244210_215309,0
244211_268263,0
244211_221717,1
244211_133467,0
244211_244768,1
244211_103595,1
244211_178111,1
244213_26561,1
244213_189306,1
244213_174622,1
244213_796,1
244213_230811,1
244213_94390,1
244214_275211,1
244214_203134,1
244214_177489,1
244214_137387,0
244214_64206,0
244214_7267,0
244216_54263,1
244216_64258,0
244216_263044,1
244216_170538,0
244216_50668,1
244216_92043,0
244217_75915,0
244217_76601,0
244217_152376,0
244217_27192,0
244217_83222,0
244217_214529,1
244218_234867,0
244218_5893,1
244218_152756,0
244218_2369,0
244218_56107,1
244218_233715,0
244222_274784,1
244222_161240,1
244222_123061,1
244222_282649,1
244222_263823,1
244222_271794,1
244223_226320,1
244223_199480,0
244223_69297,1
244223_62475,1
244223_43564,1
244223_165984,1
244224_9891,1
244224_104207,1
244224_168264,1
244224_141970,1
244224_205962,0
244224_124080,1
244227_148886,1
244227_120603,1
244227_7125,0
244227_136624,1
244227_219711,1
244227_112875,0
244228_28571,0
244228_278582,1
244228_232974,0
244228_248844,1
244228_234348,1
244228_160440,1
244230_94081,0
244230_44782,1
244230_100831,1
244230_266226,1
244230_152697,0
244230_239836,1
244231_54857,0
244231_61093,1
244231_269916,1
244231_157515,1
244231_105546,0
244231_159637,1
244233_88864,0
244233_105714,0
244233_210307,0
244233_11594,0
244233_252799,0
244233_237561,0
244236_76902,0
244236_100915,1
244236_6379,0
244236_273494,1
244236_92985,0
244236_230443,0
244237_236498,1
244237_76685,0
244237_214159,1
244237_88987,1
244237_234432,0
244237_287714,1
244239_230460,1
244239_147585,1
244239_213449,1
244239_151706,1
244239_34241,0
244239_142555,1
244240_193117,0
244240_282355,0
244240_84772,1
244240_133701,1
244240_170480,1
244240_272738,0
244244_184940,0
244244_40041,1
244244_172779,0
244244_278837,1
244244_208739,0
244244_181316,0
244246_246130,1
244246_124360,1
244246_241416,1
244246_218956,1
244246_102980,1
244246_73396,1
244252_225658,1
244252_208559,1
244252_12566,1
244252_80572,1
244252_17790,1
244252_211662,0
244253_40847,0
244253_118129,1
244253_202706,0
244253_146528,0
244253_275385,0
244253_116797,0
244255_225647,1
244255_92236,0
244255_156579,0
244255_262192,0
244255_91740,0
244255_285658,1
244259_215834,0
244259_258410,1
244259_110855,1
244259_175491,0
244259_152652,0
244259_210602,1
244261_146899,0
244261_238345,1
244261_17777,1
244261_109986,0
244261_239210,0
244261_240045,0
244263_179979,0
244263_129413,0
244263_193448,0
244263_3083,1
244263_150712,1
244263_159622,0
244266_16760,0
244266_287373,1
244266_207389,1
244266_259796,1
244266_17645,1
244266_215325,1
244269_148294,1
244269_175887,1
244269_250481,0
244269_181860,1
244269_159006,0
244269_108835,0
244271_36593,1
244271_226889,1
244271_62382,1
244271_250194,1
244271_150186,1
244271_179540,1
244272_295536,0
244272_170480,0
244272_156112,0
244272_200166,0
244272_170418,0
244272_94364,1
244273_20960,0
244273_61272,0
244273_85690,0
244273_69408,1
244273_26121,1
244273_152490,1
244279_16621,0
244279_37452,1
244279_218241,1
244279_188147,1
244279_96986,0
244279_185689,1
244281_23518,1
244281_225432,1
244281_55824,1
244281_263351,1
244281_26363,0
244281_149648,0
244282_36388,0
244282_122791,0
244282_131894,0
244282_218890,0
244282_290150,0
244282_275660,0
244283_112121,0
244283_119901,0
244283_25847,0
244283_16499,0
244283_47926,0
244283_189270,0
244286_231332,1
244286_235306,1
244286_150048,1
244286_136259,1
244286_190154,0
244286_134805,0
244288_122738,0
244288_5696,1
244288_21657,1
244288_272073,0
244288_52615,1
244288_246593,1
244292_12683,1
244292_295703,1
244292_164909,1
244292_264667,0
244292_255858,1
244292_289919,0
244293_177931,1
244293_124188,1
244293_292779,1
244293_134280,0
244293_169804,0
244293_122138,0
244294_250832,0
244294_109024,1
244294_109907,1
244294_149095,1
244294_217666,1
244294_211324,1
244295_295831,1
244295_225319,1
244295_103870,1
244295_154833,0
244295_171248,1
244295_130023,1
244298_56525,1
244298_247218,0
244298_4919,1
244298_146570,1
244298_8544,0
244298_45786,0
244299_203805,1
244299_106482,1
244299_210150,0
244299_196860,1
244299_11608,1
244299_71004,0
244300_219002,0
244300_17645,0
244300_238613,0
244300_122337,0
244300_278837,0
244300_254559,0
244301_57164,1
244301_190345,1
244301_65451,1
244301_151000,1
244301_227537,0
244301_162107,1
244306_262921,0
244306_161506,0
244306_28095,0
244306_35227,0
244306_26716,0
244306_98015,0
244313_50075,0
244313_293811,1
244313_201185,1
244313_139880,1
244313_147012,0
244313_99944,0
244314_187953,0
244314_254020,0
244314_43886,1
244314_61832,0
244314_217748,0
244314_153923,1
244315_179211,0
244315_45219,0
244315_151926,0
244315_160036,0
244315_237561,1
244315_233209,0
244319_6629,1
244319_128579,1
244319_10066,0
244319_151926,0
244319_260750,0
244319_214076,0
244320_20101,0
244320_209371,0
244320_249431,0
244320_130286,1
244320_268877,0
244320_135466,0
244323_23906,0
244323_226565,0
244323_19411,1
244323_127195,0
244323_38557,0
244323_162334,0
244325_22451,1
244325_92995,0
244325_232467,0
244325_54093,1
244325_225024,0
244325_67247,0
244329_54574,0
244329_10110,1
244329_87671,0
244329_6133,1
244329_242439,1
244329_285302,1
244330_144452,1
244330_105829,1
244330_153839,1
244330_230072,1
244330_83857,1
244330_21680,1
244332_248475,1
244332_209776,0
244332_75999,0
244332_168022,1
244332_224940,0
244332_199203,0
244334_74714,1
244334_92202,0
244334_260175,1
244334_151722,1
244334_105779,1
244334_11805,0
244336_220388,0
244336_43750,0
244336_180400,0
244336_54650,1
244336_228689,1
244336_185916,0
244340_192157,0
244340_81960,0
244340_107707,0
244340_261270,0
244340_27420,0
244340_162107,0
244343_69611,1
244343_203093,1
244343_203837,1
244343_15850,0
244343_146981,1
244343_263888,1
244344_145121,0
244344_119294,1
244344_168264,1
244344_106118,0
244344_236338,0
244344_166581,0
244346_139425,0
244346_3090,1
244346_182560,0
244346_205147,0
244346_15824,0
244346_179352,1
244347_114804,0
244347_278177,0
244347_164434,1
244347_141772,1
244347_99448,0
244347_98749,1
244348_75078,1
244348_57311,1
244348_293281,0
244348_225426,1
244348_219903,0
244348_203824,0
244349_239644,0
244349_43138,1
244349_195839,1
244349_127640,0
244349_2094,1
244349_251946,0
244351_187953,0
244351_2612,0
244351_142747,1
244351_286001,0
244351_210791,0
244351_256922,1
244354_73094,0
244354_127195,1
244354_256840,0
244354_221302,0
244354_52850,1
244354_248136,0
244356_210679,0
244356_237110,0
244356_185608,0
244356_199673,0
244356_248779,0
244356_21072,0
244362_49233,1
244362_39700,0
244362_101542,0
244362_217557,1
244362_242008,1
244362_245877,0
244363_269998,1
244363_69860,0
244363_54384,0
244363_200914,0
244363_213072,0
244363_233209,0
244368_21895,0
244368_190272,0
244368_134403,0
244368_37457,0
244368_193636,0
244368_52063,0
244370_193475,1
244370_224114,1
244370_175482,1
244370_201449,1
244370_102005,0
244370_291219,1
244373_187388,0
244373_234652,1
244373_109899,0
244373_140612,1
244373_21548,1
244373_160196,1
244374_48450,1
244374_271252,1
244374_7186,1
244374_70764,1
244374_9936,1
244374_291579,0
244376_288544,1
244376_276635,1
244376_110816,1
244376_17882,1
244376_67013,0
244376_212852,0
244379_138243,1
244379_116903,0
244379_265666,1
244379_175928,1
244379_228861,0
244379_21415,1
244380_68213,0
244380_227732,0
244380_263044,0
244380_221486,0
244380_20834,0
244380_184670,0
244382_45408,0
244382_105116,0
244382_97114,1
244382_80050,1
244382_283573,1
244382_186851,1
244385_244732,0
244385_92793,1
244385_151194,0
244385_173804,1
244385_140236,0
244385_218868,1
244395_255519,0
244395_3381,0
244395_270786,0
244395_20797,0
244395_33762,0
244395_293515,1
244396_221537,0
244396_123562,0
244396_213394,0
244396_273174,0
244396_56334,0
244396_48997,0
244398_223669,1
244398_72196,0
244398_119006,0
244398_148005,1
244398_134403,0
244398_42180,1
244403_230358,1
244403_38823,1
244403_143734,1
244403_77142,1
244403_82784,1
244403_120535,0
244404_264351,0
244404_221953,0
244404_204982,1
244404_245668,0
244404_257007,0
244404_131739,0
244406_87732,0
244406_163680,1
244406_268120,1
244406_96327,1
244406_17302,1
244406_197104,1
244407_238086,1
244407_68302,1
244407_113052,1
244407_272927,1
244407_193530,1
244407_16793,1
244408_33423,1
244408_214851,0
244408_295573,0
244408_22937,0
244408_153742,0
244408_288093,0
244413_78039,1
244413_171830,1
244413_65601,1
244413_11833,0
244413_42368,0
244413_34142,0
244414_101745,1
244414_123992,0
244414_70500,1
244414_167873,1
244414_35423,1
244414_103712,1
244419_260175,1
244419_163882,1
244419_144452,0
244419_98000,1
244419_209433,0
244419_22526,1
244421_226320,1
244421_210062,0
244421_257693,1
244421_131564,1
244421_123878,1
244421_20128,1
244422_156197,1
244422_41740,0
244422_18522,1
244422_243590,1
244422_139175,0
244422_29345,0
244423_236455,1
244423_6079,1
244423_225942,1
244423_240937,1
244423_250234,0
244423_42033,0
244424_236894,1
244424_235569,0
244424_66741,1
244424_271794,1
244424_131537,0
244424_128292,1
244425_17742,0
244425_256658,1
244425_224515,1
244425_104542,1
244425_183695,1
244425_51122,1
244426_129397,1
244426_253434,1
244426_91729,0
244426_99258,1
244426_123254,0
244426_198589,0
244427_272781,1
244427_20818,1
244427_209486,1
244427_269775,0
244427_158015,0
244427_266464,0
244430_213447,1
244430_44796,1
244430_91293,1
244430_128261,1
244430_195818,1
244430_162201,1
244433_157639,1
244433_29689,0
244433_129632,1
244433_263249,1
244433_285413,1
244433_273779,1
244437_203139,0
244437_76408,0
244437_54924,1
244437_13495,1
244437_61298,1
244437_66989,0
244439_254494,0
244439_108780,1
244439_145639,1
244439_259443,0
244439_88313,0
244439_105779,1
244440_90795,0
244440_7596,1
244440_257790,1
244440_83825,1
244440_231891,1
244440_266782,1
244442_234080,1
244442_161474,1
244442_228469,1
244442_282035,0
244442_271045,0
244442_244283,1
244444_127,1
244444_151690,1
244444_250234,1
244444_122589,1
244444_42013,1
244444_110651,1
244445_61066,1
244445_134326,0
244445_46889,1
244445_206582,1
244445_11278,0
244445_259770,1
244446_213636,1
244446_245268,0
244446_29214,0
244446_13830,0
244446_74293,1
244446_27466,1
244452_143570,1
244452_201216,0
244452_105192,1
244452_278125,1
244452_25437,0
244452_105306,1
244455_208238,0
244455_148765,1
244455_74714,0
244455_126928,1
244455_86266,0
244455_205108,1
244460_67013,0
244460_94214,0
244460_293576,0
244460_45900,0
244460_48366,0
244460_168072,0
244462_120535,1
244462_22090,1
244462_295563,0
244462_126992,1
244462_271783,1
244462_292135,1
244463_194559,0
244463_211207,1
244463_188126,0
244463_276392,1
244463_225319,0
244463_68625,0
244465_197421,1
244465_84668,0
244465_93973,1
244465_152839,1
244465_200522,1
244465_158259,1
244467_1835,1
244467_250169,0
244467_210793,0
244467_79419,0
244467_197885,1
244467_228469,0
244468_165800,0
244468_188926,1
244468_117898,1
244468_295221,1
244468_93636,1
244468_148157,1
244470_30212,1
244470_126928,1
244470_256589,1
244470_166444,1
244470_219422,1
244470_285793,1
244473_275564,1
244473_193407,1
244473_32275,1
244473_191626,1
244473_49793,0
244473_254937,1
244474_196955,0
244474_278459,1
244474_223164,0
244474_232440,0
244474_131057,0
244474_216775,0
244479_31731,1
244479_190260,0
244479_281016,0
244479_78864,1
244479_124564,1
244479_145554,0
244482_179393,1
244482_53092,1
244482_252415,1
244482_91729,1
244482_153547,1
244482_136552,1
244484_280171,1
244484_123579,1
244484_281141,1
244484_238869,1
244484_267299,0
244484_75469,1
244485_54559,1
244485_293717,1
244485_258245,1
244485_90554,0
244485_130417,0
244485_104743,0
244488_69129,0
244488_160866,0
244488_197270,1
244488_56334,1
244488_105813,1
244488_134774,0
244490_190894,0
244490_201476,0
244490_157702,1
244490_78194,1
244490_82277,0
244490_184986,1
244494_35912,0
244494_187117,1
244494_278854,0
244494_231733,1
244494_69262,0
244494_284167,1
244496_282539,1
244496_72591,1
244496_259984,1
244496_153561,0
244496_156081,0
244496_113549,1
244498_1166,1
244498_209371,1
244498_115289,1
244498_270503,1
244498_170773,1
244498_19943,1
244500_233923,1
244500_216716,1
244500_173062,0
244500_70566,0
244500_123300,0
244500_5007,1
244503_169707,1
244503_288829,0
244503_46343,0
244503_191597,1
244503_232699,1
244503_173398,0
244505_289365,1
244505_125250,0
244505_259929,0
244505_160520,1
244505_13910,1
244505_265491,0
244506_76300,0
244506_36641,0
244506_175884,0
244506_78851,0
244506_46098,0
244506_165100,0
244508_21911,0
244508_201440,0
244508_175015,1
244508_133302,1
244508_54390,1
244508_225622,0
244511_17102,1
244511_291071,1
244511_20790,0
244511_181917,0
244511_34083,1
244511_192605,0
244512_24169,0
244512_55412,1
244512_187117,1
244512_119229,1
244512_191795,1
244512_136255,0
244513_134948,1
244513_289110,1
244513_20107,0
244513_111123,0
244513_88889,0
244513_256164,1
244514_113171,1
244514_257749,0
244514_153410,0
244514_209370,1
244514_85820,0
244514_122096,1
244515_129747,0
244515_55747,0
244515_102711,0
244515_288869,0
244515_80924,1
244515_55513,0
244517_91510,1
244517_265682,0
244517_5279,1
244517_10697,1
244517_3083,1
244517_217824,0
244520_26713,0
244520_284211,0
244520_165847,0
244520_104324,1
244520_7845,0
244520_201482,1
244526_264767,0
244526_84307,1
244526_252881,0
244526_116300,1
244526_273801,0
244526_256132,1
244528_120535,0
244528_209319,1
244528_86191,1
244528_199252,1
244528_12003,1
244528_152820,1
244529_243861,1
244529_233349,0
244529_83688,0
244529_137626,1
244529_49164,0
244529_272608,1
244530_294067,0
244530_41843,1
244530_215872,0
244530_29973,1
244530_18306,0
244530_46242,1
244531_71698,1
244531_131487,1
244531_275881,0
244531_119052,1
244531_248189,1
244531_218238,1
244532_141921,0
244532_92310,0
244532_172025,0
244532_19115,0
244532_89499,0
244532_79610,0
244534_247413,1
244534_288201,1
244534_169945,0
244534_50272,0
244534_12307,0
244534_156642,0
244535_198157,0
244535_230797,0
244535_916,1
244535_65831,0
244535_275550,0
244535_244248,0
244536_158428,0
244536_115953,0
244536_208024,0
244536_239208,0
244536_31066,0
244536_12152,0
244537_5100,0
244537_257420,0
244537_15715,0
244537_141184,0
244537_116048,0
244537_186967,0
244540_39332,1
244540_237834,0
244540_161277,0
244540_232911,0
244540_269273,0
244540_113063,0
244541_169120,1
244541_194553,0
244541_90066,1
244541_190001,1
244541_32737,1
244541_163361,1
244542_245737,1
244542_250626,0
244542_24005,0
244542_230508,0
244542_178008,1
244542_80916,1
244543_10470,0
244543_176461,0
244543_208893,1
244543_282492,0
244543_160396,1
244543_87519,1
244545_134615,1
244545_132698,0
244545_147517,1
244545_280318,0
244545_175644,0
244545_170214,1
244546_135071,1
244546_184034,1
244546_167328,1
244546_79655,1
244546_138493,1
244546_20203,1
244549_21918,0
244549_202695,1
244549_280670,0
244549_254626,1
244549_216756,0
244549_62877,1
244554_182224,0
244554_78018,0
244554_60578,0
244554_182837,0
244554_420,1
244554_138384,1
244555_277118,0
244555_29173,1
244555_176369,0
244555_128497,0
244555_94067,0
244555_10080,0
244560_93055,0
244560_209370,0
244560_136624,0
244560_131416,0
244560_74098,0
244560_58471,0
244562_1127,1
244562_250273,1
244562_195603,0
244562_62665,1
244562_88839,0
244562_21853,0
244565_23275,0
244565_166071,1
244565_131585,1
244565_186266,1
244565_286863,1
244565_291685,0
244566_209150,0
244566_287063,1
244566_52107,1
244566_94007,1
244566_284022,1
244566_105788,0
244568_83093,1
244568_44568,0
244568_142289,0
244568_273182,1
244568_235118,0
244568_74024,1
244569_294732,0
244569_97801,0
244569_169075,1
244569_185407,1
244569_234728,1
244569_1754,0
244571_193296,0
244571_201562,0
244571_82307,0
244571_161759,0
244571_164379,0
244571_216985,1
244572_156937,1
244572_281964,0
244572_91819,0
244572_176515,0
244572_240142,0
244572_5207,1
244575_168462,1
244575_194073,1
244575_285661,0
244575_15876,0
244575_285514,0
244575_224617,0
244577_144205,1
244577_252285,1
244577_42375,1
244577_292863,1
244577_226291,0
244577_208094,0
244583_231974,1
244583_269846,0
244583_202694,0
244583_242246,1
244583_264667,1
244583_232937,1
244586_280252,1
244586_108706,0
244586_98616,0
244586_57365,0
244586_81216,0
244586_121931,1
244587_171649,0
244587_89984,0
244587_31552,1
244587_98851,1
244587_31288,0
244587_64788,1
244589_131898,0
244589_90795,0
244589_217870,1
244589_84919,0
244589_83515,0
244589_233112,0
244593_257888,0
244593_236502,1
244593_64435,0
244593_262192,1
244593_109986,0
244593_262879,0
244599_207879,1
244599_118021,0
244599_17323,1
244599_9384,1
244599_127276,0
244599_61365,0
244600_214172,0
244600_65110,1
244600_179970,1
244600_92061,0
244600_144433,0
244600_187085,0
244601_164071,1
244601_174852,1
244601_50496,0
244601_193069,1
244601_45712,0
244601_9838,0
244605_215158,1
244605_257812,1
244605_116312,0
244605_220927,1
244605_195853,0
244605_175955,1
244606_150999,1
244606_260780,1
244606_14645,0
244606_55747,0
244606_253265,0
244606_204241,0
244607_247797,0
244607_226320,1
244607_228801,1
244607_42331,1
244607_225414,1
244607_200378,1
244609_289823,0
244609_159787,1
244609_280142,1
244609_18500,0
244609_102495,1
244609_179899,0
244611_177783,1
244611_21415,1
244611_198589,0
244611_253726,1
244611_92629,0
244611_289742,1
244613_127691,0
244613_288758,1
244613_129805,1
244613_60589,0
244613_278638,0
244613_239591,1
244614_256438,0
244614_73710,0
244614_142130,0
244614_142747,1
244614_259316,0
244614_245791,1
244615_60787,0
244615_144251,1
244615_204162,1
244615_106204,0
244615_42375,1
244615_34397,0
244617_80165,1
244617_254514,1
244617_193463,1
244617_1199,1
244617_60980,1
244617_80838,1
244618_38746,0
244618_229041,1
244618_279924,0
244618_22728,0
244618_233107,0
244618_161398,1
244622_218500,1
244622_113742,0
244622_139386,1
244622_163853,1
244622_164591,1
244622_176586,1
244624_84015,1
244624_20502,1
244624_179993,1
244624_5007,0
244624_12701,1
244624_156831,0
244626_91595,0
244626_107338,1
244626_184977,0
244626_239570,0
244626_155944,0
244626_111725,0
244631_270520,1
244631_37441,0
244631_200914,0
244631_287182,0
244631_5015,0
244631_205899,0
244638_134592,1
244638_269647,0
244638_174806,1
244638_112956,1
244638_46661,1
244638_23679,1
244644_13371,0
244644_59801,0
244644_129467,0
244644_144942,1
244644_37785,0
244644_241491,1
244648_45804,1
244648_180729,0
244648_52670,1
244648_217705,0
244648_102291,0
244648_220165,0
244651_76184,0
244651_90356,0
244651_291701,0
244651_145626,0
244651_7867,0
244651_225034,0
244652_47528,0
244652_64402,1
244652_226469,1
244652_231859,1
244652_196723,0
244652_38730,1
244653_253265,1
244653_150186,1
244653_249753,1
244653_188312,0
244653_128974,1
244653_102452,1
244655_5207,0
244655_291033,0
244655_110101,0
244655_113803,0
244655_120927,0
244655_209630,0
244656_7375,0
244656_233221,0
244656_153606,0
244656_101871,0
244656_29228,0
244656_210884,0
244657_62423,0
244657_255916,0
244657_223862,1
244657_23059,0
244657_53964,0
244657_295050,0
244658_84861,1
244658_172745,1
244658_18933,1
244658_143789,0
244658_33367,1
244658_21911,0
244661_83385,1
244661_79419,1
244661_183711,1
244661_171883,1
244661_164191,1
244661_121745,1
244663_268348,1
244663_83730,1
244663_84256,0
244663_108634,1
244663_61063,1
244663_3486,0
244666_15876,0
244666_132517,0
244666_172171,1
244666_171901,1
244666_257699,1
244666_130354,1
244668_13796,1
244668_177931,1
244668_150545,1
244668_2924,0
244668_246970,1
244668_133372,1
244676_102958,1
244676_23885,0
244676_152588,0
244676_295799,1
244676_83086,1
244676_187388,1
244677_169099,0
244677_247763,0
244677_159946,1
244677_218992,1
244677_268900,1
244677_131863,1
244678_198516,1
244678_230677,1
244678_16174,0
244678_100234,0
244678_4604,1
244678_36773,0
244681_123328,1
244681_10628,1
244681_108464,1
244681_264668,0
244681_83265,0
244681_254626,1
244682_21415,1
244682_232763,0
244682_106183,1
244682_242660,1
244682_201109,0
244682_13371,1
244684_291128,0
244684_204169,0
244684_161046,0
244684_27422,0
244684_74542,0
244684_188838,0
244688_70346,1
244688_77834,1
244688_153580,1
244688_162918,1
244688_144316,0
244688_261450,1
244691_54501,0
244691_212592,1
244691_70291,1
244691_97903,1
244691_83583,1
244691_73557,1
244692_92995,1
244692_283661,1
244692_179393,1
244692_61642,0
244692_218868,0
244692_193660,0
244693_80833,1
244693_150191,1
244693_210679,1
244693_101871,1
244693_252067,1
244693_30742,1
244694_177794,0
244694_209403,1
244694_264496,0
244694_191764,0
244694_276120,0
244694_135435,1
244695_140692,1
244695_269763,0
244695_76366,1
244695_182054,1
244695_250097,0
244695_253689,1
244698_28401,0
244698_275729,0
244698_136415,0
244698_8252,1
244698_17882,1
244698_3413,1
244699_173743,1
244699_269348,1
244699_79163,0
244699_20989,1
244699_152857,1
244699_209462,1
244700_175926,1
244700_273164,1
244700_71685,1
244700_17979,1
244700_275385,0
244700_168035,0
244701_214979,1
244701_144993,1
244701_70788,1
244701_250273,1
244701_151408,1
244701_80100,1
244704_173627,1
244704_51399,1
244704_3204,1
244704_48000,1
244704_235223,0
244704_237150,1
244710_2258,0
244710_266501,0
244710_158436,1
244710_226077,0
244710_203707,1
244710_102048,0
244711_82772,1
244711_172751,1
244711_101851,1
244711_95384,1
244711_187305,0
244711_139612,1
244712_230358,1
244712_140019,1
244712_200438,0
244712_8290,0
244712_288624,1
244712_50473,1
244719_13743,0
244719_197792,1
244719_228746,1
244719_148821,1
244719_100831,1
244719_285382,1
244720_248267,1
244720_72969,0
244720_243026,1
244720_14532,0
244720_102876,0
244720_215342,1
244726_54378,0
244726_270133,0
244726_138129,0
244726_256132,1
244726_51616,1
244726_103492,1
244728_7845,0
244728_181547,0
244728_287061,0
244728_144499,1
244728_180846,0
244728_199000,1
244733_214776,1
244733_196702,1
244733_226836,0
244733_31436,1
244733_247375,1
244733_39046,1
244734_134456,0
244734_92498,0
244734_34084,0
244734_107157,1
244734_258068,1
244734_70848,1
244738_109649,0
244738_15326,1
244738_17184,0
244738_278717,1
244738_253340,1
244738_267429,1
244740_250087,0
244740_75408,0
244740_266566,0
244740_138809,0
244740_59838,1
244740_260980,1
244741_273679,1
244741_164258,1
244741_207854,1
244741_104207,1
244741_9559,1
244741_173875,1
244743_28633,1
244743_194205,0
244743_113384,1
244743_77875,0
244743_149792,0
244743_47010,0
244746_281016,1
244746_117706,0
244746_273208,1
244746_63516,0
244746_252431,0
244746_171248,0
244747_157074,1
244747_98978,1
244747_154378,1
244747_6193,0
244747_234732,1
244747_38168,1
244748_192536,0
244748_276868,0
244748_249315,0
244748_262269,0
244748_5186,0
244748_193210,0
244751_228745,1
244751_115230,0
244751_237679,1
244751_146685,0
244751_274758,0
244751_257267,1
244753_129323,1
244753_98748,1
244753_101281,0
244753_230358,1
244753_186920,0
244753_101045,0
244756_110317,0
244756_35202,0
244756_41594,0
244756_249460,1
244756_166447,0
244756_199818,0
244762_120305,0
244762_138056,0
244762_38933,0
244762_253545,1
244762_256790,0
244762_272322,1
244763_201790,1
244763_193678,1
244763_197345,0
244763_272578,1
244763_183204,0
244763_69645,1
244764_63996,0
244764_227364,1
244764_41698,1
244764_171101,1
244764_163570,1
244764_218668,1
244765_256189,1
244765_117690,0
244765_155530,1
244765_66330,0
244765_292424,1
244765_141373,0
244766_148055,1
244766_14858,0
244766_165413,1
244766_272134,1
244766_137288,1
244766_212119,1
244768_292174,1
244768_253337,1
244768_42663,0
244768_244657,1
244768_125944,0
244768_256863,1
244769_134456,0
244769_41510,1
244769_70788,0
244769_67368,0
244769_60285,1
244769_153557,1
244771_91604,1
244771_111718,1
244771_262257,0
244771_166153,0
244771_67310,1
244771_50802,0
244772_235778,1
244772_114310,1
244772_217393,0
244772_23051,0
244772_180533,0
244772_107547,1
244773_254873,1
244773_123981,1
244773_231206,0
244773_93175,1
244773_99430,1
244773_115967,1
244774_264826,1
244774_213387,1
244774_157626,0
244774_2894,0
244774_184253,1
244774_213072,1
244780_174481,1
244780_227711,1
244780_190001,1
244780_54339,1
244780_228941,1
244780_286499,1
244783_196883,0
244783_117898,1
244783_61778,1
244783_61470,0
244783_31956,0
244783_260477,1
244784_201650,0
244784_278901,1
244784_58007,0
244784_166025,0
244784_192574,0
244784_194353,0
244785_86857,1
244785_165820,0
244785_251927,1
244785_192599,1
244785_194810,1
244785_19517,0
244788_83127,1
244788_50615,1
244788_69515,1
244788_218525,1
244788_139082,1
244788_112760,1
244789_206573,0
244789_49046,0
244789_177931,0
244789_273520,0
244789_294724,0
244789_35591,0
244791_91145,1
244791_98458,0
244791_48904,1
244791_270272,1
244791_138021,0
244791_122769,0
244792_121931,1
244792_13841,0
244792_1370,0
244792_87837,0
244792_35367,1
244792_181496,1
244794_94007,0
244794_1214,0
244794_203235,0
244794_122887,1
244794_129095,1
244794_269907,1
244795_136080,0
244795_284989,0
244795_118725,0
244795_93084,1
244795_59470,1
244795_98752,0
244796_119023,1
244796_19342,1
244796_231332,1
244796_166828,0
244796_255523,1
244796_55618,1
244800_182224,1
244800_151344,1
244800_1779,1
244800_14145,1
244800_64855,1
244800_163591,1
244801_715,1
244801_60986,0
244801_261262,1
244801_107247,0
244801_143684,0
244801_55248,1
244804_60074,0
244804_281818,0
244804_241059,0
244804_238600,0
244804_24631,0
244804_170260,0
244805_167731,1
244805_3109,1
244805_290150,1
244805_200497,0
244805_82934,1
244805_41607,0
244806_22987,1
244806_39115,1
244806_13641,1
244806_276824,0
244806_84528,1
244806_15581,0
244807_178310,1
244807_143084,1
244807_53187,0
244807_291320,1
244807_276615,1
244807_156357,0
244808_96103,1
244808_256855,1
244808_249636,0
244808_89412,0
244808_121712,1
244808_272282,1
244810_144424,0
244810_29894,1
244810_152820,1
244810_259579,1
244810_188312,1
244810_208477,1
244813_118923,0
244813_204340,0
244813_266225,1
244813_98851,0
244813_118690,0
244813_245328,0
244814_21319,0
244814_283018,1
244814_24878,1
244814_252518,0
244814_177056,0
244814_255324,0
244815_66637,0
244815_268055,1
244815_97763,1
244815_181973,1
244815_286619,1
244815_284451,0
244816_278835,1
244816_141055,0
244816_14355,0
244816_13087,1
244816_187487,1
244816_57866,0
244817_125567,1
244817_163576,0
244817_245271,0
244817_252656,0
244817_29543,0
244817_24824,1
244821_171123,0
244821_20765,0
244821_109986,0
244821_127473,1
244821_31259,0
244821_166861,0
244823_98915,0
244823_43161,0
244823_73812,0
244823_229516,0
244823_201366,0
244823_179502,1
244825_141772,0
244825_201389,1
244825_142408,1
244825_287257,1
244825_15715,0
244825_274149,0
244827_273934,0
244827_276760,0
244827_24748,0
244827_268783,0
244827_160643,0
244827_207963,0
244828_242779,1
244828_224658,1
244828_113365,0
244828_112760,1
244828_222600,0
244828_113520,1
244829_260019,0
244829_284444,0
244829_243646,0
244829_234397,0
244829_42331,0
244829_264699,0
244830_260629,1
244830_125904,1
244830_258687,0
244830_38390,1
244830_272756,0
244830_81160,1
244831_125230,0
244831_31436,1
244831_271045,0
244831_188039,0
244831_161578,0
244831_187067,0
244832_282417,1
244832_211687,0
244832_147585,1
244832_172914,1
244832_159989,0
244832_45929,0
244836_218241,0
244836_216894,1
244836_63390,0
244836_227997,0
244836_196620,1
244836_242606,1
244837_63542,0
244837_19679,1
244837_179511,1
244837_14162,0
244837_41698,1
244837_126448,1
244838_125175,0
244838_60913,1
244838_185363,0
244838_119052,1
244838_100995,0
244838_83187,1
244839_67649,1
244839_256047,1
244839_29806,1
244839_275270,0
244839_23545,1
244839_200166,1
244842_20119,1
244842_127103,1
244842_227913,1
244842_216616,0
244842_182404,0
244842_196345,0
244853_170285,1
244853_291669,1
244853_165861,1
244853_54636,1
244853_122096,0
244853_214776,1
244856_188622,0
244856_168168,0
244856_161515,0
244856_203199,0
244856_212465,0
244856_36897,0
244858_9758,1
244858_167873,1
244858_71685,1
244858_33095,1
244858_258087,1
244858_150489,1
244859_247263,0
244859_108560,0
244859_58799,1
244859_235772,0
244859_1310,0
244859_194716,0
244863_148765,0
244863_168589,1
244863_88612,0
244863_171569,1
244863_77224,0
244863_44796,0
244864_111132,0
244864_220478,1
244864_117867,1
244864_146981,1
244864_3301,1
244864_106318,0
244871_144302,0
244871_252467,1
244871_255769,1
244871_269273,1
244871_150095,1
244871_101847,0
244872_15405,1
244872_100249,1
244872_40215,1
244872_10062,1
244872_234533,0
244872_98748,1
244873_162422,0
244873_8544,1
244873_43823,1
244873_137448,1
244873_172779,1
244873_98915,1
244876_111752,0
244876_243374,1
244876_221223,0
244876_134964,1
244876_157415,1
244876_271163,1
244878_295476,1
244878_232977,0
244878_4236,1
244878_91960,1
244878_289263,0
244878_185558,1
244881_37123,1
244881_222634,0
244881_287817,1
244881_32942,1
244881_239570,1
244881_229041,1
244885_113051,1
244885_70945,1
244885_186563,1
244885_116799,1
244885_30276,1
244885_212009,1
244889_26170,1
244889_125210,1
244889_61277,1
244889_263667,1
244889_29894,1
244889_144552,0
244891_133372,1
244891_139094,0
244891_106428,0
244891_198712,0
244891_8280,0
244891_72225,1
244893_40041,1
244893_122086,1
244893_283420,0
244893_73011,1
244893_52617,1
244893_295130,1
244896_216609,1
244896_135154,1
244896_32669,1
244896_286504,1
244896_81085,1
244896_144691,1
244897_254238,1
244897_47550,1
244897_178503,1
244897_261450,1
244897_124029,1
244897_15641,1
244898_199810,1
244898_41212,1
244898_109899,1
244898_185815,1
244898_69262,1
244898_218339,1
244907_249900,1
244907_249930,1
244907_102495,1
244907_115432,0
244907_210352,1
244907_163570,1
244908_253265,1
244908_273270,1
244908_276598,1
244908_222929,1
244908_46412,1
244908_87505,1
244918_275576,1
244918_90710,1
244918_286045,0
244918_166071,0
244918_247145,1
244918_267391,0
244919_153111,0
244919_195223,1
244919_262257,1
244919_269348,0
244919_3077,0
244919_235849,1
244922_3967,0
244922_60276,1
244922_45150,1
244922_36131,0
244922_213034,0
244922_184539,0
244923_235471,1
244923_133304,1
244923_242418,1
244923_103268,1
244923_196369,1
244923_13575,1
244924_221636,1
244924_42246,1
244924_215215,0
244924_288321,1
244924_57520,0
244924_29004,0
244926_1318,1
244926_38990,1
244926_235273,1
244926_145367,1
244926_110014,1
244926_28663,1
244931_158908,1
244931_263513,1
244931_238195,0
244931_150181,0
244931_139575,0
244931_84895,0
244932_288629,0
244932_283018,1
244932_163317,1
244932_80586,0
244932_85372,1
244932_103864,0
244936_219847,1
244936_75469,1
244936_107056,0
244936_223321,1
244936_14406,1
244936_109408,1
244938_44675,1
244938_40374,1
244938_286863,1
244938_29848,1
244938_225847,0
244938_216497,1
244947_259103,1
244947_61274,1
244947_187704,1
244947_36766,0
244947_123548,1
244947_136255,1
244948_20777,1
244948_26113,1
244948_52572,1
244948_260119,0
244948_277255,0
244948_193185,1
244949_130617,1
244949_45733,1
244949_89901,1
244949_244811,0
244949_42331,1
244949_224550,0
244950_149880,0
244950_98805,0
244950_1096,0
244950_46294,0
244950_226887,0
244950_43140,1
244952_161223,0
244952_267848,0
244952_191995,0
244952_277530,1
244952_12130,0
244952_267297,1
244953_125944,1
244953_206122,1
244953_59158,0
244953_35669,1
244953_213072,0
244953_81337,1
244954_67469,1
244954_121093,1
244954_124732,1
244954_156798,0
244954_230922,0
244954_98507,0
244959_52670,0
244959_36758,1
244959_293781,1
244959_90848,1
244959_206434,1
244959_254929,1
244960_27608,0
244960_93899,1
244960_97179,0
244960_4668,1
244960_87423,1
244960_25621,0
244961_135400,1
244961_84595,1
244961_46889,1
244961_115378,0
244961_101441,0
244961_102839,1
244965_6016,0
244965_95950,0
244965_195709,1
244965_100669,0
244965_281818,0
244965_94258,1
244966_82912,1
244966_293108,1
244966_188408,1
244966_106056,0
244966_153923,1
244966_279927,1
244968_102707,0
244968_28967,0
244968_95704,0
244968_113548,0
244968_226069,0
244968_167899,0
244969_104085,1
244969_257837,1
244969_226318,0
244969_184293,0
244969_209776,0
244969_92548,0
244972_228820,1
244972_260742,1
244972_115145,1
244972_92711,0
244972_77301,0
244972_201216,0
244974_6116,1
244974_138901,0
244974_223958,0
244974_177172,1
244974_269223,0
244974_62533,0
244977_20206,0
244977_85914,0
244977_195435,1
244977_54953,0
244977_158660,1
244977_250459,0
244978_16232,0
244978_154286,1
244978_277736,1
244978_80665,0
244978_162550,1
244978_215519,1
244982_158965,1
244982_211484,0
244982_122086,1
244982_277047,1
244982_75305,0
244982_166288,1
244984_267385,1
244984_159814,1
244984_110014,0
244984_57636,1
244984_97661,0
244984_250087,0
244992_7718,1
244992_188137,1
244992_153451,0
244992_283699,1
244992_155049,1
244992_119915,0
245004_11594,1
245004_270781,0
245004_267888,1
245004_150186,1
245004_20431,1
245004_203139,0
245006_258207,0
245006_186266,1
245006_20747,1
245006_200797,0
245006_141772,1
245006_264789,0
245009_148039,1
245009_15165,1
245009_40250,0
245009_209511,1
245009_51468,0
245009_224090,0
245010_191492,1
245010_251831,1
245010_267557,1
245010_204836,1
245010_246521,1
245010_246663,1
245013_76222,0
245013_254689,0
245013_191053,0
245013_267958,0
245013_88927,0
245013_137071,1
245019_293408,0
245019_135600,0
245019_62052,1
245019_169120,1
245019_237718,1
245019_16916,0
245022_199905,0
245022_237908,0
245022_248714,1
245022_61710,1
245022_228075,0
245022_217536,1
245023_25778,1
245023_294363,0
245023_282465,1
245023_52670,1
245023_286228,1
245023_268004,1
245027_202109,0
245027_200565,0
245027_241116,1
245027_179993,1
245027_278582,1
245027_264635,0
245028_139159,0
245028_206019,0
245028_143570,1
245028_19615,1
245028_283018,1
245028_155304,0
245029_95595,0
245029_155572,1
245029_152386,0
245029_193457,1
245029_198105,0
245029_187789,1
245030_113006,1
245030_155302,0
245030_28948,1
245030_38708,1
245030_15876,1
245030_135278,0
245033_227504,0
245033_177567,0
245033_33761,0
245033_139135,0
245033_250819,1
245033_143123,0
245034_281328,0
245034_215608,1
245034_214280,1
245034_4096,1
245034_37744,1
245034_39715,0
245035_70883,1
245035_45982,0
245035_142831,0
245035_295130,1
245035_251511,0
245035_193883,1
245037_9337,0
245037_262617,0
245037_202503,1
245037_266670,0
245037_70582,1
245037_182401,1
245039_50676,0
245039_224670,0
245039_108120,0
245039_277360,0
245039_118714,0
245039_179502,0
245040_34397,1
245040_61775,1
245040_290691,1
245040_31919,1
245040_163477,1
245040_131406,1
245049_30794,1
245049_62076,1
245049_102678,1
245049_108840,1
245049_12856,1
245049_41158,0
245051_201529,0
245051_17739,1
245051_226497,1
245051_7055,1
245051_169308,1
245051_72925,1
245054_86857,1
245054_124444,1
245054_42806,1
245054_107923,0
245054_145588,1
245054_263346,1
245056_232320,1
245056_109544,1
245056_236055,1
245056_264610,1
245056_231206,0
245056_255394,1
245057_172590,1
245057_170129,0
245057_90663,0
245057_104290,1
245057_220745,0
245057_286454,1
245062_61277,0
245062_209944,0
245062_229455,1
245062_262060,1
245062_153492,1
245062_157496,1
245064_59944,0
245064_262193,1
245064_110697,1
245064_162550,1
245064_261904,0
245064_146408,1
245065_40041,1
245065_171609,1
245065_184275,1
245065_21290,1
245065_236914,1
245065_65494,1
245069_122105,1
245069_72875,1
245069_124188,0
245069_5391,1
245069_17035,1
245069_117898,1
245070_218982,1
245070_125028,1
245070_247252,1
245070_255951,0
245070_72969,0
245070_70637,0
245071_107886,1
245071_126274,1
245071_77050,1
245071_113707,1
245071_123056,0
245071_244608,1
245072_34397,0
245072_81309,0
245072_13776,1
245072_5652,1
245072_223266,1
245072_150772,1
245076_189067,0
245076_127276,0
245076_34033,1
245076_22017,0
245076_225897,0
245076_290912,0
245077_264835,0
245077_134772,1
245077_26154,1
245077_124266,1
245077_112211,1
245077_199652,0
245081_194450,1
245081_130129,0
245081_282423,1
245081_196125,0
245081_272491,1
245081_92589,0
245085_166592,0
245085_52160,0
245085_238310,0
245085_76551,0
245085_76222,0
245085_29228,0
245087_232268,1
245087_218868,1
245087_193596,1
245087_171065,1
245087_202128,0
245087_114943,1
245089_6218,1
245089_53723,0
245089_28591,0
245089_184259,1
245089_244283,1
245089_269611,0
245090_43282,0
245090_125540,0
245090_184567,0
245090_58353,0
245090_233102,0
245090_76321,0
245094_174669,1
245094_274,0
245094_34511,1
245094_214698,0
245094_218446,1
245094_254625,1
245097_110671,0
245097_206878,0
245097_32154,0
245097_127879,0
245097_130699,0
245097_265333,0
245099_38453,1
245099_161577,1
245099_248952,1
245099_27902,1
245099_47014,1
245099_176879,1
245101_259316,1
245101_55412,1
245101_103870,1
245101_51287,0
245101_81969,0
245101_128414,0
245103_239351,0
245103_72035,0
245103_256229,1
245103_11535,1
245103_218954,1
245103_56525,1
245110_189634,0
245110_259393,1
245110_10534,1
245110_251263,0
245110_247952,1
245110_243843,0
245112_63433,0
245112_170897,0
245112_291538,1
245112_9561,1
245112_138163,0
245112_130115,1
245118_23885,0
245118_211324,0
245118_188881,0
245118_281016,0
245118_175715,1
245118_191250,0
245119_21522,1
245119_221305,1
245119_139320,1
245119_52853,1
245119_120681,1
245119_277651,0
245121_55958,1
245121_34503,0
245121_103861,1
245121_15524,1
245121_283022,0
245121_156913,0
245122_168643,0
245122_124448,0
245122_269949,0
245122_95166,1
245122_24607,0
245122_271744,1
245132_52862,0
245132_178527,0
245132_221250,1
245132_187314,0
245132_125829,1
245132_192638,1
245134_162095,0
245134_89760,0
245134_195949,1
245134_114434,0
245134_32753,0
245134_82931,0
245140_188798,1
245140_80165,0
245140_262108,0
245140_132484,1
245140_29228,0
245140_283420,0
245141_78977,0
245141_66790,0
245141_120020,0
245141_224735,0
245141_261372,0
245141_117449,0
245142_87732,1
245142_214191,1
245142_105550,1
245142_138809,0
245142_190163,0
245142_72637,0
245143_55528,1
245143_61690,1
245143_29668,1
245143_21099,1
245143_143801,1
245143_232042,1
245145_162553,0
245145_248591,1
245145_31492,1
245145_103398,1
245145_279494,1
245145_46746,1
245146_208227,0
245146_292125,0
245146_239591,0
245146_14266,1
245146_114047,1
245146_137615,0
245148_25753,0
245148_114527,1
245148_47950,0
245148_122681,0
245148_9422,1
245148_26561,0
245149_13186,1
245149_10129,1
245149_205890,1
245149_145944,0
245149_21072,1
245149_219776,0
245152_286537,0
245152_73637,1
245152_215325,0
245152_3597,1
245152_214801,0
245152_147523,0
245155_245972,1
245155_74529,1
245155_149089,1
245155_169055,0
245155_15876,1
245155_32226,1
245158_225966,0
245158_146266,0
245158_19696,0
245158_116804,0
245158_163096,0
245158_113988,0
245169_137128,1
245169_185584,0
245169_146288,0
245169_244283,1
245169_73322,1
245169_48508,1
245172_78192,0
245172_92557,1
245172_261372,1
245172_215158,1
245172_168361,1
245172_80454,0
245174_208761,1
245174_148181,1
245174_211294,0
245174_63123,1
245174_45900,0
245174_139002,1
245177_241687,0
245177_200574,1
245177_192081,1
245177_140948,1
245177_123028,1
245177_146859,0
245182_205508,1
245182_173906,0
245182_20124,0
245182_109806,1
245182_232295,1
245182_4692,1
245184_14347,1
245184_268554,0
245184_5207,1
245184_214045,1
245184_123579,1
245184_146213,0
245188_37672,0
245188_156832,1
245188_9390,1
245188_31177,0
245188_165800,0
245188_89795,1
245189_141871,1
245189_119052,1
245189_126308,1
245189_32369,1
245189_102876,0
245189_208571,0
245190_205370,0
245190_174892,0
245190_254006,0
245190_105744,1
245190_281189,1
245190_101612,1
245194_104968,0
245194_203289,0
245194_127841,0
245194_294627,1
245194_89070,1
245194_92843,0
245199_173627,1
245199_255065,1
245199_88858,1
245199_283420,0
245199_81075,0
245199_203487,0
245201_64402,0
245201_19010,1
245201_14744,0
245201_236433,1
245201_84784,0
245201_210692,1
245203_66359,1
245203_60011,1
245203_221643,1
245203_224515,1
245203_263647,1
245203_249195,1
245205_252250,1
245205_7859,1
245205_58547,1
245205_218523,1
245205_263846,1
245205_238672,1
245218_117969,1
245218_278582,1
245218_71402,1
245218_104207,1
245218_63244,1
245218_295476,1
245219_276189,0
245219_226320,0
245219_143084,0
245219_235716,0
245219_216081,0
245219_114635,0
245221_121932,1
245221_137380,1
245221_215358,1
245221_205557,1
245221_280615,0
245221_197418,1
245226_83157,0
245226_125009,1
245226_164994,1
245226_194357,1
245226_181167,0
245226_74572,1
245229_180822,1
245229_130142,0
245229_16648,1
245229_74080,1
245229_269797,1
245229_131241,1
245231_157148,0
245231_11855,1
245231_240094,1
245231_210064,1
245231_85914,1
245231_242681,0
245232_158527,1
245232_147585,0
245232_8691,1
245232_263687,1
245232_129190,1
245232_250273,1
245235_8286,1
245235_95924,1
245235_151926,1
245235_94174,0
245235_279965,1
245235_70714,0
245243_17759,0
245243_228077,1
245243_63869,0
245243_17696,0
245243_201191,1
245243_59132,0
245244_113437,1
245244_172024,0
245244_161540,1
245244_17645,1
245244_180875,0
245244_29364,0
245246_245668,0
245246_251902,0
245246_159869,1
245246_228891,1
245246_32226,0
245246_92770,1
245247_154382,1
245247_66741,1
245247_44210,1
245247_88148,0
245247_187117,1
245247_265026,1
245249_207890,1
245249_127563,1
245249_160965,0
245249_112669,1
245249_108780,1
245249_106431,1
245251_180387,1
245251_126688,0
245251_42246,0
245251_47673,1
245251_133594,1
245251_164892,0
245256_119772,0
245256_283786,0
245256_84620,0
245256_247494,0
245256_85931,0
245256_269998,1
245257_74142,1
245257_70394,0
245257_157760,1
245257_50604,1
245257_68175,1
245257_37396,0
245260_68099,0
245260_215519,1
245260_113988,1
245260_158912,1
245260_135795,1
245260_158066,0
245263_73501,0
245263_65451,1
245263_290365,0
245263_133339,0
245263_66685,0
245263_223164,1
245266_275242,0
245266_112473,1
245266_91966,1
245266_12003,1
245266_52153,0
245266_223454,1
245267_180341,0
245267_82056,1
245267_258883,1
245267_183707,0
245267_202288,0
245267_255493,0
245273_144631,1
245273_130315,0
245273_14638,1
245273_292491,0
245273_30550,1
245273_171306,0
245274_2141,1
245274_151926,1
245274_7180,1
245274_183711,0
245274_256132,1
245274_15285,1
245281_171069,0
245281_76927,0
245281_14960,1
245281_43457,1
245281_244319,1
245281_170260,1
245282_186563,0
245282_144942,0
245282_19411,0
245282_115118,0
245282_23018,0
245282_187214,0
245284_100228,1
245284_14699,1
245284_60167,0
245284_85690,1
245284_154785,0
245284_64224,1
245286_27979,1
245286_53227,1
245286_55421,1
245286_280658,0
245286_122288,0
245286_130720,1
245288_34064,1
245288_188408,1
245288_215905,1
245288_236474,0
245288_98681,1
245288_264496,1
245289_240980,0
245289_158907,0
245289_295555,1
245289_242852,1
245289_181167,1
245289_100174,1
245290_95619,0
245290_282863,1
245290_150048,0
245290_3996,0
245290_95277,1
245290_286329,1
245292_166193,0
245292_107901,1
245292_77938,1
245292_106925,0
245292_111265,1
245292_48124,1
245293_24545,0
245293_127560,0
245293_260905,1
245293_153923,0
245293_90712,1
245293_273223,1
245294_92193,0
245294_93699,1
245294_171649,1
245294_80033,0
245294_203325,0
245294_138343,0
245295_160420,0
245295_122589,0
245295_294416,0
245295_261772,0
245295_169325,1
245295_74866,0
245297_247751,1
245297_220506,0
245297_82112,1
245297_170480,0
245297_80175,1
245297_97895,0
245300_89442,1
245300_218135,1
245300_59772,0
245300_258828,1
245300_284554,0
245300_230896,0
245301_192661,1
245301_270329,1
245301_225414,0
245301_97613,0
245301_136772,1
245301_289735,1
245305_237211,1
245305_136523,1
245305_290774,1
245305_223107,0
245305_93166,0
245305_264835,0
245307_144357,1
245307_142540,1
245307_152491,1
245307_142267,0
245307_16374,1
245307_55221,1
245308_185509,0
245308_68198,1
245308_249305,0
245308_184020,1
245308_49752,0
245308_255238,0
245309_63996,0
245309_128266,0
245309_131585,1
245309_230814,1
245309_281016,1
245309_103861,1
245314_12204,0
245314_173257,0
245314_254837,1
245314_119755,1
245314_143084,0
245314_26975,1
245315_83576,1
245315_10922,1
245315_52377,1
245315_97458,0
245315_291749,1
245315_108533,1
245316_134099,0
245316_251810,0
245316_271874,0
245316_15049,0
245316_267880,0
245316_95659,0
245319_186996,1
245319_98116,0
245319_114350,1
245319_20163,1
245319_150489,1
245319_108397,0
245325_48345,0
245325_110777,1
245325_14068,1
245325_234432,0
245325_76381,0
245325_80992,0
245327_178676,1
245327_235584,1
245327_79692,1
245327_64497,1
245327_254197,1
245327_210274,1
245330_67879,1
245330_133534,0
245330_203750,1
245330_13675,1
245330_232467,0
245330_281580,0
245332_260780,1
245332_170625,1
245332_230823,0
245332_72300,0
245332_88612,1
245332_278798,0
245333_26097,1
245333_180756,1
245333_127176,1
245333_50941,0
245333_24923,0
245333_178645,0
245334_31066,1
245334_224231,0
245334_140360,0
245334_74378,1
245334_279899,0
245334_246110,0
245335_231680,1
245335_231479,1
245335_79059,1
245335_268894,1
245335_18645,0
245335_32743,1
245337_140792,0
245337_246132,0
245337_129506,0
245337_200548,0
245337_277179,0
245337_273976,0
245338_17252,1
245338_95189,1
245338_42436,1
245338_53306,0
245338_259516,1
245338_86769,0
245339_200574,1
245339_105828,1
245339_26085,1
245339_253373,1
245339_138000,1
245339_176639,1
245340_184197,1
245340_9955,0
245340_128541,0
245340_215873,0
245340_240094,1
245340_206878,1
245342_177552,0
245342_131838,0
245342_67237,1
245342_179997,0
245342_271496,0
245342_62677,0
245349_270530,1
245349_51208,1
245349_128905,1
245349_76043,0
245349_167673,0
245349_284049,0
245355_130479,1
245355_33495,0
245355_209718,1
245355_19630,1
245355_114302,0
245355_177931,0
245360_192262,1
245360_28790,0
245360_97566,1
245360_104542,1
245360_71306,1
245360_85950,1
245362_133701,1
245362_273207,0
245362_145161,1
245362_98915,1
245362_233186,1
245362_189985,1
245363_244550,1
245363_77372,1
245363_248063,1
245363_61034,0
245363_240999,1
245363_126141,0
245364_115245,0
245364_254338,1
245364_57982,0
245364_178430,1
245364_30979,0
245364_165106,0
245366_225622,0
245366_66859,1
245366_80916,1
245366_126448,1
245366_179378,1
245366_186723,1
245371_253801,1
245371_208284,1
245371_279398,1
245371_162975,0
245371_91009,1
245371_187314,0
245374_48349,1
245374_289368,0
245374_196690,1
245374_78323,1
245374_146446,1
245374_235230,0
245375_130787,1
245375_181392,0
245375_82308,1
245375_94848,0
245375_61843,1
245375_125889,1
245380_25323,1
245380_266818,0
245380_23033,1
245380_197287,0
245380_45150,0
245380_256840,0
245381_201426,1
245381_43110,1
245381_47433,1
245381_82247,1
245381_77246,1
245381_44251,1
245383_103102,0
245383_241858,0
245383_233209,1
245383_180306,1
245383_123328,1
245383_98284,1
245384_163465,1
245384_222009,1
245384_118935,1
245384_217877,0
245384_173637,1
245384_281636,1
245386_241109,1
245386_293408,1
245386_294821,1
245386_260074,1
245386_166136,1
245386_19134,1
245387_226361,0
245387_140602,1
245387_281533,0
245387_169616,1
245387_145188,0
245387_161747,1
245388_283425,0
245388_52835,0
245388_16979,0
245388_207830,1
245388_122086,1
245388_187348,0
245389_194939,0
245389_54690,0
245389_156593,0
245389_140334,0
245389_153825,0
245389_238498,0
245390_276596,0
245390_106892,0
245390_232951,1
245390_73557,0
245390_44383,1
245390_245061,0
245392_142747,1
245392_19518,1
245392_45150,1
245392_237150,1
245392_181408,1
245392_46670,0
245394_260329,0
245394_262193,1
245394_273219,1
245394_288807,1
245394_267955,1
245394_152546,1
245395_82611,1
245395_255523,0
245395_269551,1
245395_217248,0
245395_277653,1
245395_219770,0
245397_71402,1
245397_246774,1
245397_237636,1
245397_247494,1
245397_208240,0
245397_214682,1
245403_163382,0
245403_61846,0
245403_252291,0
245403_93782,0
245403_194950,0
245403_20788,0
245408_126739,1
245408_286765,0
245408_41733,0
245408_225926,0
245408_200413,1
245408_201654,1
245413_173627,1
245413_248842,0
245413_270634,0
245413_234891,1
245413_181774,0
245413_132830,1
245419_100831,0
245419_103870,0
245419_167222,0
245419_273787,1
245419_117549,0
245419_237298,1
245422_175815,1
245422_206044,1
245422_155949,1
245422_83992,1
245422_193069,1
245422_94893,1
245423_119375,1
245423_149971,1
245423_287102,0
245423_167673,1
245423_82368,1
245423_218247,1
245426_15887,1
245426_104996,0
245426_67236,0
245426_236106,0
245426_38888,1
245426_137794,1
245431_130115,1
245431_2471,1
245431_7055,1
245431_71685,0
245431_4712,1
245431_133748,0
245436_110784,0
245436_36048,1
245436_271252,0
245436_255932,0
245436_71574,0
245436_18290,0
245438_290018,1
245438_139745,1
245438_61277,1
245438_105889,1
245438_45850,0
245438_176515,0
245439_75971,1
245439_184072,1
245439_125718,1
245439_275379,1
245439_60734,1
245439_248430,0
245442_150740,0
245442_62665,1
245442_279408,0
245442_188911,0
245442_21571,0
245442_232322,0
245449_262269,0
245449_278582,1
245449_147258,0
245449_183079,0
245449_271070,0
245449_11252,1
245450_39896,1
245450_249919,1
245450_83127,1
245450_160011,0
245450_57345,1
245450_163833,1
245456_278348,0
245456_67369,0
245456_76108,0
245456_153935,0
245456_148982,0
245456_290295,0
245458_38960,1
245458_163189,1
245458_223854,1
245458_232948,0
245458_175621,1
245458_94390,1
245460_223332,1
245460_280229,0
245460_3583,0
245460_103381,0
245460_89403,1
245460_261695,1
245461_91145,1
245461_42331,0
245461_247800,0
245461_127680,0
245461_183123,0
245461_176547,1
245475_224189,1
245475_47805,1
245475_34450,0
245475_77506,0
245475_169120,1
245475_184100,1
245481_233500,0
245481_265682,1
245481_13056,0
245481_111527,1
245481_29894,1
245481_218206,0
245484_54690,1
245484_24822,1
245484_209903,1
245484_53352,0
245484_7050,0
245484_79123,0
245486_77330,1
245486_162460,1
245486_28720,0
245486_101434,0
245486_109899,1
245486_158820,1
245490_276815,0
245490_281826,0
245490_159603,1
245490_43026,1
245490_54636,1
245490_53097,0
245492_61385,0
245492_153627,0
245492_45872,1
245492_278908,0
245492_122839,1
245492_177497,1
245493_270564,1
245493_17184,1
245493_2195,1
245493_235263,0
245493_179405,1
245493_208006,1
245494_229487,1
245494_40857,1
245494_31102,0
245494_275172,0
245494_275805,0
245494_21462,0
245496_49666,0
245496_263181,1
245496_31024,0
245496_252242,0
245496_288162,0
245496_1779,0
245497_15970,1
245497_272341,0
245497_200378,1
245497_41663,1
245497_166688,1
245497_1657,1
245500_53738,0
245500_62872,1
245500_148270,1
245500_82775,0
245500_225483,0
245500_79453,1
245504_96775,1
245504_150638,0
245504_21593,1
245504_53505,1
245504_213796,0
245504_271628,0
245507_150072,1
245507_101243,1
245507_212786,1
245507_92874,0
245507_63738,1
245507_247068,0
245508_35839,0
245508_120184,0
245508_87423,0
245508_4183,1
245508_99448,1
245508_218803,1
245509_259598,1
245509_222920,0
245509_268462,1
245509_143565,1
245509_223693,1
245509_57800,1
245510_194950,0
245510_91346,0
245510_31436,1
245510_236906,1
245510_58518,0
245510_200132,1
245513_199943,0
245513_287400,0
245513_239550,0
245513_23551,0
245513_144656,0
245513_261821,0
245515_117593,0
245515_211307,1
245515_161513,1
245515_241785,0
245515_295221,1
245515_59876,1
245522_51525,0
245522_96819,0
245522_53964,0
245522_56240,0
245522_136106,0
245522_275729,1
245523_77532,1
245523_295799,0
245523_228335,1
245523_17732,1
245523_101496,1
245523_123579,1
245524_237321,0
245524_148231,1
245524_86431,0
245524_261346,0
245524_248215,1
245524_270247,1
245525_154764,0
245525_215567,0
245525_92869,1
245525_250273,1
245525_261835,1
245525_32403,0
245526_53925,0
245526_94196,0
245526_126532,0
245526_186266,1
245526_68236,0
245526_255511,1
245531_2434,0
245531_268019,1
245531_223060,0
245531_47403,0
245531_279031,0
245531_273271,0
245532_16894,0
245532_80950,0
245532_135089,0
245532_153854,1
245532_167612,1
245532_210990,0
245533_136245,1
245533_279586,0
245533_127129,1
245533_92711,1
245533_273508,1
245533_132076,1
245535_144718,1
245535_40429,1
245535_170285,0
245535_282216,1
245535_203014,0
245535_154752,0
245537_225438,1
245537_46843,0
245537_248657,0
245537_248267,1
245537_139839,1
245537_269783,1
245539_196946,1
245539_242773,1
245539_202706,1
245539_216973,1
245539_159201,0
245539_177448,1
245543_119229,1
245543_43564,1
245543_62404,0
245543_268348,0
245543_276805,1
245543_258124,1
245545_47010,1
245545_130417,0
245545_168019,1
245545_206368,0
245545_49332,1
245545_249323,1
245548_161759,0
245548_154860,1
245548_191686,1
245548_253713,1
245548_189420,1
245548_208543,0
245549_259824,1
245549_225239,1
245549_8809,1
245549_169815,1
245549_92193,0
245549_243450,0
245550_14941,0
245550_24556,0
245550_210194,0
245550_109606,0
245550_55356,0
245550_278428,0
245551_223437,1
245551_40645,0
245551_177745,1
245551_233149,1
245551_229744,1
245551_95453,1
245553_197048,1
245553_224270,1
245553_66886,1
245553_220069,1
245553_200421,0
245553_29655,0
245556_26230,0
245556_2397,0
245556_158660,1
245556_121770,1
245556_77545,0
245556_152518,1
245557_116073,0
245557_33195,1
245557_61106,0
245557_173007,1
245557_150748,1
245557_154168,0
245560_125536,1
245560_46579,1
245560_15597,1
245560_107138,1
245560_286454,1
245560_182596,1
245561_26097,1
245561_28837,0
245561_245972,0
245561_84824,1
245561_199310,1
245561_187314,0
245563_9465,0
245563_213072,0
245563_173257,0
245563_93115,0
245563_132263,0
245563_39623,0
245564_168072,0
245564_114522,1
245564_144082,0
245564_160011,0
245564_244372,1
245564_122084,1
245565_254360,0
245565_36048,1
245565_171077,0
245565_103412,1
245565_226430,0
245565_219794,0
245567_143081,1
245567_216310,0
245567_204185,0
245567_251427,0
245567_85385,1
245567_216541,0
245576_211807,0
245576_183168,1
245576_211630,1
245576_171023,1
245576_218536,1
245576_125331,1
245578_238328,1
245578_39854,1
245578_1139,1
245578_79419,1
245578_220500,0
245578_176274,1
245580_28165,0
245580_264789,0
245580_58007,0
245580_148137,1
245580_114924,0
245580_64467,0
245586_82912,1
245586_79396,1
245586_124231,0
245586_229916,1
245586_9209,1
245586_229744,0
245587_44677,1
245587_153606,1
245587_52613,1
245587_215074,1
245587_252071,1
245587_162614,1
245589_275408,1
245589_170897,0
245589_212949,1
245589_107978,1
245589_27021,1
245589_203088,1
245595_166959,0
245595_19830,1
245595_96408,1
245595_248302,1
245595_41733,1
245595_285658,1
245598_24878,0
245598_246946,1
245598_166980,1
245598_165672,1
245598_3830,1
245598_238492,0
245600_262435,1
245600_58016,1
245600_182181,1
245600_249202,1
245600_255499,1
245600_58763,0
245602_152853,0
245602_55356,0
245602_6173,0
245602_223276,1
245602_156349,0
245602_30547,0
245603_244657,0
245603_106951,0
245603_154468,0
245603_214767,0
245603_278582,1
245603_256323,1
245604_119458,1
245604_34440,1
245604_231101,1
245604_65495,1
245604_6854,1
245604_210044,1
245605_166554,0
245605_68856,1
245605_246993,1
245605_130741,1
245605_183711,1
245605_188681,1
245606_229975,0
245606_268118,0
245606_108161,0
245606_230910,0
245606_109024,0
245606_88927,0
245607_52617,0
245607_218174,0
245607_82812,0
245607_22704,0
245607_139444,1
245607_62272,0
245610_68236,0
245610_253265,0
245610_152969,0
245610_10974,1
245610_177433,0
245610_59414,0
245613_172741,0
245613_229602,0
245613_149139,0
245613_263647,1
245613_68206,0
245613_84737,1
245614_31377,1
245614_63870,1
245614_109818,1
245614_136245,1
245614_105033,0
245614_203561,1
245617_158967,1
245617_152626,1
245617_276958,1
245617_18984,0
245617_272014,0
245617_43500,0
245620_266719,0
245620_113233,0
245620_5331,0
245620_120563,0
245620_248524,0
245620_132785,0
245630_125718,1
245630_138200,0
245630_78359,1
245630_222357,1
245630_115967,0
245630_43031,0
245632_56288,1
245632_151749,0
245632_262921,1
245632_182507,1
245632_248385,0
245632_244657,1
245638_283961,0
245638_247925,1
245638_46412,0
245638_264668,0
245638_101434,1
245638_121040,0
245639_197104,0
245639_45355,1
245639_210326,1
245639_2538,1
245639_116034,0
245639_289833,0
245642_208656,1
245642_171853,1
245642_122824,1
245642_216914,0
245642_99197,0
245642_196733,0
245644_231333,1
245644_204892,1
245644_218144,0
245644_37564,0
245644_5371,0
245644_143033,1
245650_201216,1
245650_293108,1
245650_218961,0
245650_55282,1
245650_98748,1
245650_194340,0
245654_23182,1
245654_121881,1
245654_58026,1
245654_165376,0
245654_254002,0
245654_281483,0
245656_237258,0
245656_16745,1
245656_137589,0
245656_238687,0
245656_34503,0
245656_220447,1
245658_83160,1
245658_232760,1
245658_152813,0
245658_17790,0
245658_293644,0
245658_136331,0
245659_48987,1
245659_120535,1
245659_174934,1
245659_241320,1
245659_277344,1
245659_268984,0
245661_227911,0
245661_104577,0
245661_124722,1
245661_115760,1
245661_198077,1
245661_168081,0
245662_61052,1
245662_86514,0
245662_35457,1
245662_88839,1
245662_205964,0
245662_254860,1
245666_238869,1
245666_89159,0
245666_38570,1
245666_128006,1
245666_203184,1
245666_76967,1
245669_163631,1
245669_192891,1
245669_53385,0
245669_208284,1
245669_153864,1
245669_131302,1
245671_145626,1
245671_242367,1
245671_130124,1
245671_168585,0
245671_295470,1
245671_85974,1
245672_119599,0
245672_287377,1
245672_32392,0
245672_205717,1
245672_283420,1
245672_94893,0
245679_28371,1
245679_48329,1
245679_288853,1
245679_234470,1
245679_43810,1
245679_156230,1
245684_235107,1
245684_260701,1
245684_159452,1
245684_66156,0
245684_90827,1
245684_207659,1
245688_20460,1
245688_263865,0
245688_247925,0
245688_133879,1
245688_263249,1
245688_275378,1
245689_20895,1
245689_295923,0
245689_83507,0
245689_199339,0
245689_71866,0
245689_260780,0
245691_23138,1
245691_227219,1
245691_254625,1
245691_274830,1
245691_136879,1
245691_155158,0
245697_172855,1
245697_209630,1
245697_281141,1
245697_50676,1
245697_152466,1
245697_35547,1
245703_208024,0
245703_125531,1
245703_235341,0
245703_94531,1
245703_261346,1
245703_265337,0
245704_56308,0
245704_177509,0
245704_47258,1
245704_111183,1
245704_197553,0
245704_192086,0
245705_231859,0
245705_169310,1
245705_288251,0
245705_165847,1
245705_56551,1
245705_147585,1
245709_228077,1
245709_210380,0
245709_58813,0
245709_64749,0
245709_154936,1
245709_229894,0
245710_124039,0
245710_9514,1
245710_267359,1
245710_75100,1
245710_235023,1
245710_35669,1
245712_16925,0
245712_221957,0
245712_106742,0
245712_246970,1
245712_281636,1
245712_136984,1
245715_201651,0
245715_24954,0
245715_35663,0
245715_91526,0
245715_113233,0
245715_110548,1
245717_216523,0
245717_282822,1
245717_197010,0
245717_32133,0
245717_61563,1
245717_54002,1
245718_58250,0
245718_106788,0
245718_54650,0
245718_282646,0
245718_46033,1
245718_270542,0
245720_281674,0
245720_123644,1
245720_160849,0
245720_213447,1
245720_185394,0
245720_253333,1
245722_5916,0
245722_65181,0
245722_109963,0
245722_95549,1
245722_29735,0
245722_52077,0
245725_17381,0
245725_248452,1
245725_80924,0
245725_130807,1
245725_182009,0
245725_188147,0
245729_143929,0
245729_291114,1
245729_28933,0
245729_27092,1
245729_161398,0
245729_157760,0
245733_260980,1
245733_176047,0
245733_281006,1
245733_268716,1
245733_162066,1
245733_209370,1
245736_12759,1
245736_281467,0
245736_157708,0
245736_13796,1
245736_155,0
245736_77781,0
245738_265783,1
245738_22765,0
245738_264544,1
245738_225919,1
245738_158358,0
245738_233256,0
245739_83906,1
245739_191724,1
245739_9853,1
245739_233209,1
245739_98748,1
245739_267433,0
245740_39286,1
245740_63041,0
245740_63086,0
245740_187771,1
245740_200166,0
245740_279204,0
245741_199233,0
245741_214959,1
245741_270004,1
245741_255227,0
245741_27608,1
245741_256294,1
245745_82627,1
245745_152716,1
245745_192445,0
245745_41728,1
245745_229992,1
245745_248587,1
245746_230904,1
245746_175372,0
245746_284540,1
245746_7264,0
245746_175211,1
245746_238337,0
245747_99246,1
245747_264826,1
245747_5782,1
245747_283233,1
245747_22398,1
245747_4101,1
245748_66790,1
245748_268974,1
245748_41098,1
245748_110150,0
245748_283110,0
245748_143734,1
245749_48448,1
245749_164737,1
245749_231206,0
245749_264152,1
245749_233293,1
245749_56334,1
245751_20444,1
245751_145554,1
245751_28142,1
245751_147722,1
245751_112142,1
245751_54683,0
245752_172668,0
245752_6173,0
245752_113475,0
245752_26488,1
245752_27989,0
245752_47557,0
245753_238094,1
245753_216724,1
245753_122086,0
245753_276116,1
245753_131388,0
245753_138955,0
245754_46269,1
245754_139231,0
245754_265859,0
245754_79419,1
245754_44287,1
245754_100501,0
245756_11043,0
245756_280508,1
245756_101662,0
245756_246219,1
245756_211236,1
245756_225414,1
245760_163770,1
245760_27372,1
245760_195634,1
245760_140826,0
245760_36380,0
245760_83180,0
245762_113599,1
245762_230968,0
245762_185364,1
245762_230234,1
245762_189872,1
245762_99629,0
245765_112829,0
245765_236776,1
245765_58511,0
245765_188643,0
245765_148563,1
245765_90663,1
245769_190001,0
245769_207659,1
245769_159861,0
245769_272351,0
245769_31353,1
245769_57094,1
245770_225510,1
245770_22506,0
245770_175939,1
245770_27265,1
245770_254703,1
245770_9335,1
245772_6016,1
245772_193887,1
245772_174991,1
245772_76620,0
245772_174788,0
245772_12646,0
245773_68933,0
245773_219739,0
245773_40741,1
245773_218525,1
245773_62025,1
245773_256779,1
245776_3856,0
245776_136546,0
245776_40374,1
245776_224351,1
245776_46889,0
245776_133617,1
245779_95212,0
245779_268125,1
245779_9246,0
245779_186531,1
245779_55252,0
245779_285982,1
245781_189153,1
245781_277137,1
245781_55871,1
245781_208267,1
245781_222036,1
245781_261635,0
245789_273330,1
245789_202385,0
245789_176449,1
245789_114587,1
245789_61971,1
245789_181442,1
245798_225472,1
245798_256368,1
245798_280254,0
245798_51122,1
245798_634,1
245798_222443,1
245800_164778,1
245800_51675,1
245800_100634,0
245800_235706,0
245800_182307,1
245800_74024,0
245801_225744,0
245801_41581,0
245801_60203,1
245801_166186,0
245801_51462,1
245801_205438,0
245802_290018,1
245802_14123,0
245802_273816,0
245802_279014,1
245802_248521,0
245802_27460,0
245804_121695,0
245804_257663,1
245804_119572,0
245804_222293,0
245804_17113,1
245804_232948,1
245805_69363,0
245805_149936,1
245805_253678,0
245805_232012,0
245805_113233,0
245805_85777,0
245810_69129,1
245810_44315,1
245810_160239,1
245810_209398,1
245810_145863,0
245810_101533,1
245812_235884,0
245812_288417,0
245812_85596,1
245812_167647,0
245812_204414,0
245812_289911,0
245813_250273,1
245813_131564,1
245813_14432,1
245813_230677,1
245813_124442,0
245813_282390,0
245814_42891,0
245814_272569,0
245814_269489,1
245814_266963,1
245814_40109,0
245814_72066,1
245816_102349,1
245816_217658,1
245816_163455,1
245816_107155,1
245816_87732,0
245816_117790,1
245817_72876,0
245817_291238,0
245817_30599,0
245817_181830,0
245817_36766,0
245817_232332,0
245819_208656,0
245819_37304,1
245819_153171,1
245819_283280,1
245819_162486,1
245819_3116,1
245821_199517,1
245821_117584,1
245821_144605,0
245821_54836,0
245821_214190,0
245821_122086,0
245822_56869,0
245822_128404,0
245822_95851,0
245822_205302,1
245822_252608,1
245822_224670,1
245831_162653,0
245831_274015,0
245831_19987,1
245831_32842,0
245831_68137,0
245831_271466,1
245836_220646,1
245836_67275,1
245836_116597,0
245836_261797,1
245836_243829,1
245836_220811,0
245839_260905,1
245839_115743,0
245839_30308,1
245839_269065,1
245839_156387,1
245839_253281,0
245840_230019,1
245840_42080,1
245840_133781,1
245840_122370,0
245840_1214,1
245840_8926,0
245843_216962,0
245843_188298,1
245843_128192,0
245843_221248,1
245843_17882,1
245843_123997,0
245847_53525,1
245847_44561,1
245847_163570,1
245847_146764,1
245847_29768,1
245847_230068,0
245851_211072,0
245851_150186,0
245851_89072,0
245851_182268,0
245851_240337,0
245851_162912,0
245852_290241,0
245852_156915,0
245852_67583,0
245852_41843,0
245852_190001,0
245852_258410,1
245853_17323,0
245853_139745,1
245853_22154,0
245853_125488,1
245853_137348,0
245853_197142,0
245854_75308,1
245854_139745,1
245854_2013,0
245854_108748,1
245854_136990,0
245854_149992,1
245856_228522,1
245856_13371,1
245856_262075,1
245856_217003,0
245856_14811,1
245856_248267,0
245858_134297,1
245858_232351,1
245858_100835,0
245858_245841,0
245858_174788,1
245858_268974,1
245859_94147,0
245859_30843,0
245859_115301,0
245859_255081,0
245859_156759,0
245859_155592,0
245860_103914,0
245860_271794,0
245860_290018,1
245860_239516,0
245860_6876,0
245860_188408,1
245863_123687,0
245863_19543,1
245863_143295,1
245863_34254,1
245863_36734,1
245863_2666,0
245864_181479,1
245864_51430,1
245864_72023,0
245864_199504,1
245864_256455,0
245864_187117,0
245865_31819,1
245865_176087,1
245865_40056,1
245865_60428,1
245865_124301,1
245865_217411,1
245867_5129,0
245867_255803,1
245867_165935,0
245867_71522,0
245867_294086,1
245867_12647,1
245868_280911,0
245868_286863,0
245868_177509,0
245868_42896,0
245868_172027,0
245868_38287,0
245869_222845,1
245869_208472,1
245869_137933,1
245869_216609,0
245869_280252,1
245869_51299,1
245870_12676,0
245870_262643,0
245870_255523,1
245870_92184,0
245870_63364,0
245870_269270,0
245872_253970,0
245872_51104,1
245872_174180,1
245872_244686,1
245872_249959,1
245872_275510,1
245873_25855,1
245873_83452,1
245873_28790,0
245873_268716,0
245873_48954,1
245873_130543,0
245874_230358,1
245874_47008,0
245874_30318,1
245874_109024,0
245874_113224,0
245874_290018,1
245877_269841,1
245877_155185,1
245877_187205,1
245877_92310,0
245877_204956,1
245877_250273,1
245880_191911,1
245880_246847,0
245880_225599,0
245880_265247,0
245880_121744,1
245880_71059,0
245883_199033,1
245883_115705,0
245883_161072,1
245883_167157,1
245883_95590,1
245883_241592,1
245886_233840,1
245886_100154,1
245886_9936,1
245886_35591,0
245886_32226,1
245886_102449,1
245889_3759,0
245889_255341,0
245889_63083,0
245889_106977,0
245889_84244,0
245889_32743,0
245895_50417,1
245895_61617,0
245895_273270,1
245895_111183,0
245895_164009,0
245895_262662,0
245897_118129,0
245897_162013,0
245897_231413,0
245897_184804,1
245897_238977,1
245897_283677,1
245898_292490,0
245898_60276,0
245898_66533,0
245898_230910,1
245898_92770,1
245898_166554,0
245899_61349,1
245899_244850,0
245899_283265,0
245899_288448,1
245899_261413,1
245899_31440,0
245902_286434,0
245902_52617,0
245902_233293,0
245902_291338,0
245902_20847,0
245902_174892,0
245904_226153,0
245904_72818,0
245904_170930,0
245904_217773,1
245904_49510,0
245904_255065,0
245905_245877,0
245905_4824,1
245905_8145,1
245905_165099,1
245905_199600,1
245905_112760,0
245906_137237,1
245906_69262,1
245906_47822,0
245906_103080,1
245906_254625,1
245906_272223,1
245910_237634,1
245910_72875,1
245910_132105,0
245910_151866,1
245910_110270,1
245910_141970,1
245911_244791,1
245911_279943,1
245911_98040,1
245911_251829,1
245911_97007,1
245911_163067,0
245914_155580,0
245914_158665,1
245914_179531,0
245914_138698,1
245914_94893,1
245914_124587,0
245916_249836,1
245916_47420,0
245916_112564,1
245916_1158,0
245916_230260,0
245916_91475,0
245917_150772,0
245917_167359,0
245917_266143,0
245917_111755,0
245917_243041,0
245917_123404,0
245920_69387,0
245920_83158,0
245920_287521,1
245920_181351,1
245920_269688,1
245920_177642,0
245921_188377,1
245921_100831,1
245921_203206,1
245921_38526,1
245921_286935,1
245921_207635,0
245925_192455,0
245925_42976,1
245925_226176,1
245925_97201,0
245925_237166,0
245925_75592,1
245927_89230,0
245927_21139,0
245927_113683,1
245927_41700,1
245927_191616,0
245927_270004,1
245928_56065,0
245928_138070,1
245928_280282,0
245928_57701,0
245928_278285,1
245928_141841,1
245929_181895,1
245929_119836,1
245929_85412,1
245929_181316,1
245929_186289,1
245929_207838,0
245930_179578,0
245930_220257,0
245930_75563,0
245930_221618,1
245930_23104,1
245930_136523,1
245931_242621,1
245931_232351,1
245931_179292,1
245931_148937,0
245931_50596,1
245931_251839,1
245936_66593,0
245936_45193,1
245936_200013,0
245936_236887,0
245936_237172,1
245936_295130,0
245939_131453,1
245939_188147,0
245939_133764,0
245939_127918,1
245939_125677,1
245939_227691,1
245940_74296,1
245940_24078,0
245940_26831,0
245940_143570,1
245940_89795,1
245940_129274,0
245941_248798,0
245941_61548,1
245941_247327,1
245941_99147,1
245941_87498,0
245941_248917,0
245943_102550,1
245943_249828,1
245943_157760,1
245943_62493,1
245943_158360,1
245943_28825,0
245947_49793,1
245947_173257,1
245947_63452,0
245947_259675,0
245947_153309,0
245947_232364,1
245949_221248,0
245949_119772,0
245949_67870,1
245949_79306,0
245949_42375,0
245949_282635,0
245950_104964,0
245950_99733,0
245950_116327,0
245950_12106,0
245950_285883,0
245950_147237,0
245952_257899,0
245952_94220,1
245952_273715,0
245952_21493,1
245952_103861,1
245952_99246,0
245953_39919,1
245953_164296,0
245953_113401,1
245953_93292,1
245953_97731,1
245953_279867,0
245954_230725,0
245954_105829,0
245954_112368,0
245954_205006,1
245954_137085,1
245954_155302,1
245955_33120,1
245955_226077,0
245955_110790,0
245955_185926,0
245955_4803,0
245955_253195,0
245961_295799,1
245961_249357,1
245961_265682,1
245961_8809,1
245961_104584,1
245961_43950,1
245969_197557,1
245969_239180,1
245969_244989,1
245969_194545,1
245969_123048,1
245969_86282,0
245972_86732,1
245972_212840,1
245972_119768,1
245972_199671,0
245972_209370,1
245972_154413,0
245973_84247,0
245973_205890,0
245973_34678,1
245973_81617,1
245973_291985,1
245973_271092,0
245975_64189,0
245975_247674,1
245975_11469,1
245975_236543,0
245975_164885,0
245975_260846,1
245976_151926,1
245976_85346,0
245976_232725,1
245976_65660,0
245976_237220,0
245976_37154,1
245977_131585,1
245977_130774,1
245977_268877,1
245977_182452,0
245977_177299,1
245977_198297,1
245979_208755,1
245979_125926,1
245979_144357,1
245979_62572,0
245979_72334,1
245979_233243,1
245981_169580,1
245981_21602,0
245981_252360,0
245981_230811,0
245981_10307,0
245981_52853,0
245984_9786,0
245984_187555,0
245984_63802,0
245984_108399,0
245984_208566,0
245984_213019,0
245986_4755,1
245986_14869,1
245986_152008,1
245986_233687,1
245986_293385,0
245986_69645,0
245991_76072,0
245991_67081,1
245991_245154,0
245991_172209,1
245991_227235,1
245991_271159,1
245992_242405,1
245992_74136,0
245992_168921,1
245992_104463,0
245992_271794,1
245992_218725,1
245995_161860,0
245995_150250,1
245995_169308,1
245995_112615,1
245995_238541,0
245995_143977,0
246000_9321,0
246000_101168,1
246000_139094,1
246000_16619,0
246000_247481,0
246000_179502,1
246003_263745,0
246003_139673,1
246003_237493,1
246003_215223,1
246003_109899,1
246003_196896,0
246010_248267,0
246010_181353,0
246010_144316,0
246010_176842,1
246010_246227,0
246010_234104,0
246014_12038,1
246014_233286,0
246014_288366,0
246014_48193,1
246014_235208,1
246014_186328,1
246016_111181,1
246016_171608,0
246016_213238,1
246016_116166,1
246016_27881,1
246016_217641,1
246017_170773,1
246017_59870,1
246017_273123,1
246017_118129,1
246017_93205,1
246017_262921,1
246019_159005,1
246019_123161,0
246019_120434,1
246019_258974,1
246019_51651,1
246019_141772,1
246020_116198,0
246020_295536,1
246020_29189,1
246020_84322,0
246020_245114,1
246020_83441,0
246022_76820,1
246022_10843,1
246022_277867,1
246022_215699,1
246022_196470,0
246022_103861,1
246025_227036,1
246025_100522,0
246025_133603,1
246025_150364,0
246025_52105,0
246025_63090,1
246026_160928,0
246026_72929,0
246026_247667,0
246026_66007,0
246026_211234,0
246026_136126,0
246027_280878,0
246027_281225,0
246027_22333,0
246027_28872,0
246027_185785,0
246027_279759,0
246029_65494,0
246029_40947,0
246029_149587,1
246029_248934,0
246029_216028,1
246029_221601,0
246033_23885,0
246033_149006,1
246033_203122,1
246033_3301,0
246033_199257,0
246033_63607,0
246034_107923,1
246034_273400,1
246034_24985,0
246034_114480,0
246034_150544,1
246034_73203,0
246035_36391,1
246035_65787,1
246035_223696,1
246035_66741,1
246035_74714,1
246035_220834,1
246040_10746,1
246040_177642,1
246040_105132,1
246040_7159,1
246040_257267,1
246040_140862,1
246042_41182,0
246042_115598,0
246042_252682,1
246042_263171,0
246042_285491,1
246042_15050,1
246043_212253,1
246043_77138,1
246043_286689,1
246043_32449,1
246043_211834,1
246043_165532,1
246046_285310,0
246046_58709,0
246046_294233,0
246046_161399,0
246046_62218,0
246046_222999,0
246049_235716,0
246049_106428,0
246049_239006,0
246049_192891,0
246049_128541,0
246049_119229,0
246050_169120,0
246050_65862,1
246050_180223,1
246050_61826,0
246050_238915,0
246050_248504,1
246053_81100,1
246053_244608,0
246053_122233,1
246053_197739,0
246053_156457,0
246053_292341,0
246054_60706,1
246054_136736,1
246054_211298,0
246054_94688,0
246054_158999,0
246054_123618,1
246057_213072,1
246057_279302,1
246057_58157,1
246057_60205,1
246057_17184,0
246057_84707,0
246058_35192,1
246058_184785,1
246058_32503,1
246058_264998,1
246058_108855,1
246058_71041,0
246064_146808,0
246064_234644,0
246064_209370,0
246064_17892,0
246064_186375,1
246064_223414,0
246074_261846,1
246074_140334,0
246074_72839,1
246074_114673,0
246074_234345,0
246074_265804,1
246076_150618,1
246076_211241,0
246076_101294,1
246076_568,0
246076_192100,1
246076_137071,0
246079_91395,0
246079_53592,1
246079_72192,1
246079_209370,0
246079_129274,0
246079_152465,1
246089_248692,1
246089_186679,0
246089_146430,1
246089_30970,1
246089_118999,1
246089_187322,1
246091_153923,0
246091_5844,0
246091_243020,0
246091_206126,1
246091_49793,1
246091_192136,1
246096_40373,0
246096_94459,1
246096_156375,0
246096_197607,0
246096_165413,0
246096_148406,1
246100_98871,1
246100_239701,0
246100_281016,0
246100_94829,0
246100_135622,1
246100_115126,1
246103_273400,1
246103_72013,1
246103_253912,0
246103_79453,1
246103_265067,0
246103_92035,0
246105_35604,0
246105_200186,1
246105_105060,1
246105_157825,1
246105_165197,1
246105_30794,1
246110_219216,1
246110_294935,0
246110_270515,1
246110_208559,1
246110_143734,1
246110_144424,1
246112_43526,1
246112_218238,1
246112_189520,0
246112_190369,1
246112_257259,1
246112_137312,1
246117_108780,1
246117_218777,1
246117_36659,1
246117_267135,1
246117_161539,1
246117_80679,0
246118_16113,1
246118_257708,1
246118_149954,0
246118_61235,1
246118_87811,1
246118_193100,1
246119_291281,0
246119_286476,0
246119_101368,1
246119_141136,1
246119_241331,1
246119_212976,0
246124_202140,0
246124_148782,1
246124_293533,0
246124_150640,1
246124_244652,1
246124_248398,1
246129_237727,1
246129_210733,0
246129_182181,1
246129_207491,0
246129_187219,1
246129_46756,0
246131_200976,1
246131_254837,1
246131_261547,1
246131_185900,0
246131_12184,1
246131_119755,1
246135_155194,0
246135_237386,0
246135_9209,0
246135_245372,0
246135_83409,0
246135_135799,0
246138_211560,0
246138_4855,1
246138_281669,1
246138_231475,1
246138_38300,1
246138_36994,1
246139_243895,1
246139_147898,0
246139_249445,1
246139_245030,0
246139_111462,1
246139_230433,1
246142_260780,0
246142_59619,0
246142_69220,0
246142_74774,0
246142_228294,0
246142_71980,0
246144_243801,0
246144_160669,1
246144_185660,0
246144_50958,1
246144_106477,0
246144_232546,1
246149_60821,0
246149_185243,1
246149_10062,1
246149_230356,0
246149_37456,0
246149_125269,1
246150_206580,0
246150_17759,0
246150_137720,0
246150_288113,0
246150_183955,1
246150_80703,1
246153_237622,1
246153_42988,0
246153_55166,0
246153_152518,1
246153_203676,0
246153_163067,1
246155_170578,1
246155_4670,0
246155_81801,1
246155_48329,0
246155_137287,0
246155_239340,1
246156_244042,1
246156_71074,0
246156_126647,1
246156_5704,0
246156_276760,0
246156_169391,1
246158_164753,1
246158_64835,1
246158_175250,0
246158_249524,0
246158_232440,0
246158_114745,0
246159_243020,0
246159_144357,1
246159_30820,0
246159_85777,0
246159_84753,1
246159_134805,1
246161_82581,0
246161_138397,1
246161_171303,0
246161_18621,0
246161_46044,1
246161_142909,0
246162_38202,0
246162_7492,0
246162_220478,1
246162_239936,0
246162_234914,0
246162_230065,0
246163_221996,0
246163_295298,1
246163_482,1
246163_104584,1
246163_16338,0
246163_149335,0
246164_160006,1
246164_153923,1
246164_43500,1
246164_50575,1
246164_53925,1
246164_227991,1
246167_142836,1
246167_173674,0
246167_215208,1
246167_154785,0
246167_90414,0
246167_9411,1
246168_284909,0
246168_137128,1
246168_104997,1
246168_17184,1
246168_44624,1
246168_190001,0
246174_168785,1
246174_237242,1
246174_164477,1
246174_150719,1
246174_109016,0
246174_245734,0
246176_33827,0
246176_37785,0
246176_119610,1
246176_97002,0
246176_211184,0
246176_219726,0
246180_121460,1
246180_278687,1
246180_162594,0
246180_155965,1
246180_47008,1
246180_74714,1
246184_65495,0
246184_192203,0
246184_140529,0
246184_83187,1
246184_34771,0
246184_142876,1
246185_77246,1
246185_213661,1
246185_251055,1
246185_7467,1
246185_135013,1
246185_293928,1
246187_179641,0
246187_269238,0
246187_229929,1
246187_10019,1
246187_246255,1
246187_168641,0
246188_18164,0
246188_272956,1
246188_72818,1
246188_216665,1
246188_246765,1
246188_227713,1
246189_225781,0
246189_229500,0
246189_7873,0
246189_259103,1
246189_206716,0
246189_231228,0
246191_225426,1
246191_113353,1
246191_287568,1
246191_185252,1
246191_49213,1
246191_226836,1
246193_114251,1
246193_260780,1
246193_126079,1
246193_3413,1
246193_162550,1
246193_245613,1
246196_142762,0
246196_202274,1
246196_121416,1
246196_253486,0
246196_226114,1
246196_207449,0
246200_194547,1
246200_188408,1
246200_63313,1
246200_117360,0
246200_60810,1
246200_154970,1
246201_116099,0
246201_160492,0
246201_295794,1
246201_106308,1
246201_59571,0
246201_140840,1
246202_293579,0
246202_77230,0
246202_288689,1
246202_51468,1
246202_72360,1
246202_156711,1
246203_157639,1
246203_271783,1
246203_214212,1
246203_61827,1
246203_226946,1
246203_239372,1
246204_177370,0
246204_245668,1
246204_715,1
246204_261635,0
246204_199851,0
246204_9016,0
246205_209344,0
246205_272397,1
246205_93786,1
246205_88500,0
246205_287257,1
246205_151109,1
246206_54117,1
246206_63298,1
246206_268280,0
246206_94723,0
246206_78437,0
246206_177734,1
246207_63625,0
246207_145302,0
246207_55618,1
246207_285194,1
246207_135071,1
246207_79396,1
246208_176694,1
246208_144325,1
246208_43370,1
246208_187117,1
246208_126448,1
246208_39610,1
246209_207961,0
246209_97345,0
246209_112339,0
246209_148699,0
246209_75813,0
246209_43564,0
246210_126731,1
246210_104542,1
246210_186857,1
246210_292263,1
246210_35258,1
246210_211864,1
246212_144008,1
246212_85043,1
246212_49716,1
246212_174234,0
246212_264250,1
246212_71789,0
246213_103910,1
246213_190272,1
246213_163762,1
246213_285043,1
246213_194450,1
246213_52553,0
246215_176236,1
246215_281330,1
246215_229508,1
246215_225414,1
246215_186403,0
246215_232058,0
246216_280252,0
246216_137794,0
246216_184697,1
246216_251202,0
246216_228042,1
246216_40847,1
246220_92711,1
246220_31440,1
246220_64402,0
246220_239591,1
246220_207717,1
246220_288236,1
246221_107117,0
246221_214727,0
246221_222265,0
246221_125958,0
246221_178886,1
246221_202597,0
246223_119453,1
246223_151725,1
246223_102137,1
246223_247070,1
246223_180671,0
246223_33622,0
246224_167966,0
246224_121695,1
246224_229894,0
246224_141610,1
246224_254692,0
246224_64402,1
246225_166837,0
246225_123061,0
246225_71455,0
246225_67906,1
246225_91404,1
246225_112564,1
246227_139094,0
246227_126308,1
246227_122933,0
246227_181751,1
246227_203679,0
246227_212675,1
246228_292008,1
246228_240770,1
246228_264075,1
246228_211475,1
246228_212609,1
246228_166916,1
246229_189014,0
246229_197919,1
246229_30378,1
246229_176916,0
246229_118642,1
246229_223256,1
246231_277533,0
246231_176236,1
246231_165289,1
246231_25142,1
246231_190001,0
246231_98263,0
246232_34503,1
246232_69797,1
246232_200574,1
246232_40258,1
246232_92843,1
246232_191238,0
246235_108137,0
246235_66936,1
246235_151575,1
246235_205188,1
246235_287949,1
246235_87086,0
246237_217592,1
246237_262075,1
246237_46013,1
246237_13641,1
246237_272208,0
246237_218387,1
246240_139230,1
246240_57083,1
246240_194939,0
246240_211591,0
246240_130023,1
246240_252847,0
246241_114932,1
246241_67037,1
246241_24607,1
246241_176219,1
246241_28924,1
246241_149812,1
246244_193975,0
246244_109551,0
246244_66593,1
246244_126274,1
246244_66180,1
246244_216209,0
246245_47310,1
246245_86276,0
246245_293408,1
246245_54559,0
246245_78725,0
246245_139320,1
246246_228615,0
246246_5030,0
246246_239498,0
246246_23103,0
246246_255520,0
246246_68647,0
246247_10453,1
246247_132400,1
246247_188907,1
246247_137626,0
246247_243315,1
246247_94829,0
246249_198297,1
246249_69178,0
246249_13910,0
246249_151181,1
246249_175250,1
246249_201366,0
246251_72875,0
246251_237223,0
246251_64667,0
246251_247218,1
246251_276189,1
246251_226480,1
246254_189775,0
246254_133617,1
246254_153086,1
246254_137746,0
246254_65283,0
246254_258761,0
246256_6152,0
246256_230677,1
246256_6548,1
246256_193143,0
246256_60217,0
246256_222743,1
246257_5796,0
246257_137618,0
246257_133467,0
246257_120394,0
246257_213847,0
246257_126468,0
246259_197941,1
246259_42334,1
246259_79419,1
246259_70945,1
246259_136605,0
246259_255711,1
246260_150772,1
246260_51394,1
246260_194786,1
246260_94506,1
246260_4088,1
246260_12106,1
246266_121931,1
246266_233251,0
246266_99606,0
246266_249539,0
246266_242391,0
246266_150766,1
246272_263811,1
246272_108560,0
246272_195566,1
246272_169153,1
246272_178645,1
246272_61846,0
246274_238094,1
246274_86404,1
246274_238869,1
246274_110276,1
246274_182112,0
246274_180813,0
246275_57704,0
246275_76098,0
246275_288329,0
246275_122769,0
246275_92093,1
246275_21911,1
246276_83935,0
246276_157817,1
246276_121095,1
246276_17184,0
246276_275816,0
246276_112495,1
246285_142749,1
246285_67995,0
246285_170370,0
246285_200132,0
246285_239826,1
246285_236288,1
246286_90847,0
246286_292406,0
246286_269227,1
246286_146570,1
246286_70547,1
246286_266872,1
246288_173257,0
246288_24456,0
246288_239836,1
246288_66550,1
246288_282147,1
246288_246550,1
246292_105306,0
246292_255670,1
246292_176326,1
246292_222670,0
246292_238508,0
246292_43138,1
246298_211207,1
246298_87423,0
246298_80916,0
246298_218301,0
246298_206582,0
246298_162889,0
246301_51468,1
246301_6548,1
246301_48874,1
246301_212226,0
246301_245924,0
246301_111505,1
246304_241941,1
246304_152134,0
246304_111412,1
246304_92516,1
246304_6466,0
246304_295900,1
246309_133274,0
246309_217824,0
246309_291338,0
246309_27920,1
246309_69951,1
246309_246553,1
246313_66873,1
246313_227732,1
246313_106216,0
246313_163933,1
246313_97397,1
246313_248452,0
246316_48448,0
246316_91475,1
246316_212122,0
246316_22728,0
246316_39252,1
246316_62208,0
246317_193493,1
246317_203324,0
246317_279943,1
246317_5844,1
246317_65181,1
246317_82308,1
246318_179152,1
246318_26959,1
246318_30336,1
246318_163570,1
246318_73557,1
246318_232682,0
246322_72591,0
246322_13495,1
246322_8637,1
246322_39063,0
246322_131564,1
246322_225675,0
246325_159829,1
246325_207890,1
246325_287744,1
246325_200832,1
246325_155571,1
246325_37699,0
246327_186624,1
246327_63232,0
246327_8379,0
246327_161936,0
246327_15596,1
246327_129812,1
246330_177409,0
246330_207450,0
246330_262542,0
246330_268689,1
246330_179502,1
246330_211099,1
246331_95669,0
246331_68734,1
246331_139220,0
246331_219726,0
246331_207401,0
246331_113790,0
246334_290562,1
246334_153382,1
246334_135455,1
246334_122532,1
246334_209302,0
246334_38921,1
246336_214725,1
246336_272781,0
246336_104422,1
246336_40370,0
246336_72878,1
246336_157733,1
246337_270515,1
246337_6640,0
246337_116731,0
246337_144295,0
246337_184573,1
246337_104928,1
246338_49270,1
246338_204738,1
246338_46756,1
246338_274462,1
246338_185259,1
246338_129846,1
246340_238686,0
246340_62265,0
246340_136518,1
246340_61938,1
246340_122744,1
246340_256359,1
246342_251729,1
246342_77896,1
246342_89105,1
246342_185794,0
246342_96378,1
246342_174389,0
246345_20826,0
246345_99742,1
246345_265026,0
246345_18500,1
246345_93808,1
246345_49673,1
246349_61371,0
246349_83546,1
246349_38941,0
246349_81829,0
246349_168090,0
246349_97116,0
246350_183133,1
246350_50577,1
246350_249919,1
246350_118129,1
246350_79048,0
246350_26097,1
246351_67430,1
246351_111844,1
246351_149473,0
246351_179992,1
246351_212395,1
246351_273666,0
246352_150766,1
246352_106152,0
246352_192439,1
246352_25893,1
246352_5087,0
246352_130157,1
246354_188352,1
246354_86781,1
246354_173538,0
246354_268388,1
246354_129150,1
246354_49008,1
246356_172798,1
246356_241415,1
246356_5888,0
246356_40128,1
246356_144627,0
246356_86698,1
246357_173627,1
246357_142050,1
246357_11594,1
246357_289330,0
246357_105310,1
246357_211192,1
246359_96463,0
246359_207259,0
246359_247674,0
246359_247800,0
246359_226221,0
246359_216329,0
246362_57209,1
246362_73043,1
246362_40628,1
246362_235525,1
246362_33603,0
246362_131863,0
246363_31440,1
246363_170991,1
246363_167414,0
246363_251216,1
246363_159936,1
246363_283814,1
246365_49319,0
246365_168612,0
246365_110719,0
246365_128367,1
246365_31440,0
246365_214382,1
246367_8995,0
246367_160127,1
246367_131302,1
246367_116166,1
246367_33035,1
246367_274333,1
246368_182506,1
246368_151866,0
246368_188783,0
246368_198890,1
246368_94431,1
246368_173007,1
246369_172745,1
246369_260582,1
246369_257899,1
246369_152820,1
246369_177482,1
246369_252608,1
246375_90638,0
246375_72614,1
246375_162170,1
246375_104383,1
246375_138328,0
246375_229359,1
246377_24429,1
246377_98748,1
246377_101172,0
246377_38623,1
246377_106838,0
246377_267299,0
246378_224508,1
246378_187847,1
246378_24632,0
246378_77193,1
246378_116875,0
246378_170773,1
246385_91145,1
246385_234080,0
246385_13753,1
246385_96076,1
246385_244608,0
246385_101037,0
246386_116603,0
246386_123819,1
246386_278459,1
246386_41813,0
246386_14595,1
246386_216914,1
246387_195489,1
246387_110427,0
246387_15234,1
246387_160956,1
246387_84865,1
246387_252530,1
246390_275126,0
246390_53406,1
246390_86108,1
246390_6688,1
246390_5066,0
246390_9328,0
246394_214191,0
246394_46220,0
246394_150577,0
246394_20460,0
246394_190658,0
246394_217855,0
246395_197015,1
246395_26875,0
246395_182739,0
246395_243456,0
246395_133687,0
246395_12821,1
246397_185599,0
246397_291248,1
246397_77875,0
246397_132199,1
246397_276411,0
246397_9246,0
246399_18863,1
246399_61177,0
246399_253265,1
246399_217006,1
246399_208072,1
246399_131736,1
246402_182110,1
246402_113835,1
246402_37005,0
246402_9948,0
246402_83761,1
246402_84549,0
246405_143138,1
246405_230195,1
246405_20618,0
246405_126078,0
246405_74010,1
246405_150420,1
246406_72747,0
246406_141952,0
246406_15581,0
246406_244329,0
246406_91604,1
246406_58838,1
246408_35571,1
246408_248267,1
246408_235987,1
246408_61145,1
246408_283238,0
246408_4858,0
246410_260175,0
246410_85279,1
246410_75104,1
246410_204950,1
246410_117790,1
246410_199937,0
246412_268125,1
246412_92030,1
246412_34084,1
246412_51034,1
246412_800,1
246412_265173,1
246416_18306,0
246416_233112,1
246416_179502,1
246416_183872,1
246416_153321,0
246416_150841,1
246418_280547,0
246418_201982,0
246418_278874,1
246418_91526,1
246418_134800,1
246418_163189,1
246429_26824,0
246429_187847,1
246429_25692,0
246429_72192,1
246429_45548,1
246429_166916,1
246432_150671,0
246432_27329,0
246432_190001,0
246432_281402,1
246432_186089,1
246432_200777,0
246433_100522,0
246433_221100,0
246433_74548,1
246433_220904,1
246433_194559,1
246433_47976,1
246435_221998,0
246435_282136,1
246435_277404,0
246435_269907,1
246435_65374,1
246435_143734,0
246439_18433,1
246439_46579,1
246439_207257,0
246439_206018,1
246439_43466,1
246439_293146,0
246440_20818,1
246440_85462,0
246440_235716,1
246440_226121,0
246440_162934,1
246440_171372,1
246444_245668,1
246444_127596,0
246444_258929,0
246444_96377,1
246444_715,1
246444_126713,1
246445_269043,0
246445_125770,0
246445_186999,1
246445_191169,1
246445_148406,1
246445_294573,1
246447_8669,1
246447_69297,1
246447_83093,0
246447_86732,0
246447_42375,1
246447_182028,1
246448_68734,0
246448_205279,1
246448_127880,1
246448_267557,0
246448_140235,0
246448_231282,0
246449_210865,1
246449_177085,1
246449_268984,0
246449_269227,1
246449_92451,1
246449_112013,1
246450_59510,1
246450_255048,1
246450_211324,1
246450_274197,0
246450_13493,1
246450_109909,1
246451_271678,1
246451_80050,0
246451_81663,1
246451_89161,1
246451_106892,0
246451_122930,0
246452_79094,1
246452_136245,1
246452_263788,1
246452_57485,0
246452_102876,1
246452_281844,1
246454_229894,1
246454_106318,1
246454_148792,1
246454_290150,1
246454_41852,1
246454_147626,1
246455_234555,0
246455_47706,0
246455_196416,0
246455_194304,1
246455_37467,1
246455_119128,1
246459_38543,1
246459_262191,0
246459_202166,1
246459_41450,1
246459_139414,1
246459_63011,0
246460_252444,0
246460_192308,1
246460_253265,0
246460_256790,1
246460_231779,1
246460_134431,0
246461_4285,1
246461_241463,1
246461_260651,1
246461_154063,0
246461_177409,1
246461_141423,0
246465_33195,0
246465_169325,1
246465_216988,1
246465_51667,0
246465_103604,0
246465_86266,1
246468_192250,0
246468_161155,0
246468_119566,0
246468_69178,1
246468_281406,1
246468_19115,1
246469_245268,0
246469_108602,1
246469_90703,1
246469_68411,1
246469_271794,1
246469_110838,1
246471_61388,0
246471_7596,1
246471_289978,1
246471_7317,0
246471_217661,1
246471_226430,0
246474_62687,1
246474_127573,0
246474_29189,1
246474_204791,0
246474_114198,1
246474_35647,1
246475_165847,1
246475_120563,1
246475_222395,1
246475_123902,1
246475_176879,1
246475_137830,1
246476_207659,1
246476_14689,0
246476_294698,0
246476_105450,0
246476_104222,0
246476_43031,1
246477_289540,1
246477_12076,1
246477_188838,1
246477_37384,1
246477_220971,1
246477_96537,0
246478_88313,1
246478_31721,0
246478_90206,0
246478_230358,1
246478_182224,0
246478_272652,0
246479_115607,0
246479_154016,1
246479_263596,1
246479_47083,1
246479_264519,0
246479_156293,0
246480_51173,1
246480_192121,1
246480_111521,1
246480_154201,0
246480_34286,1
246480_38823,1
246484_156523,1
246484_58041,1
246484_45838,1
246484_29042,1
246484_257681,0
246484_39628,0
246487_230319,0
246487_144993,1
246487_287949,1
246487_110391,1
246487_74625,0
246487_224289,0
246493_84055,1
246493_95924,1
246493_66467,1
246493_230551,0
246493_271257,0
246493_114249,0
246494_144953,1
246494_227055,0
246494_68469,1
246494_25235,1
246494_125907,1
246494_206427,1
246497_273750,0
246497_169525,0
246497_144650,0
246497_231332,1
246497_183334,0
246497_249919,1
246501_80308,0
246501_68424,0
246501_216244,1
246501_250273,1
246501_50350,0
246501_46493,0
246518_10460,0
246518_266465,1
246518_115095,0
246518_57688,0
246518_119901,0
246518_174387,1
246519_229144,0
246519_245818,1
246519_104631,0
246519_173288,1
246519_45159,1
246519_127024,1
246522_163199,1
246522_162116,1
246522_88123,1
246522_202038,0
246522_271092,0
246522_150402,1
246523_213449,0
246523_86516,0
246523_38990,1
246523_157784,0
246523_61606,0
246523_102318,0
246527_104923,1
246527_187688,0
246527_89740,1
246527_16543,1
246527_257277,1
246527_99683,0
246528_109081,0
246528_111983,0
246528_278320,0
246528_19755,0
246528_222928,0
246528_280099,0
246529_223107,0
246529_294452,1
246529_183890,0
246529_23545,0
246529_285227,1
246529_178571,1
246533_46606,1
246533_135317,0
246533_76748,1
246533_222313,0
246533_132061,1
246533_113353,1
246535_122434,1
246535_249638,1
246535_32505,0
246535_287416,1
246535_32392,1
246535_85075,1
246536_41212,1
246536_81234,0
246536_155772,1
246536_291985,1
246536_115256,0
246536_242840,1
246541_246657,1
246541_275588,0
246541_79655,0
246541_267088,1
246541_120563,1
246541_286481,0
246542_50702,1
246542_221618,1
246542_25235,1
246542_135382,0
246542_104928,1
246542_255065,1
246543_216573,1
246543_256542,0
246543_200479,1
246543_175122,0
246543_222662,1
246543_83717,0
246544_286684,1
246544_227235,1
246544_56154,0
246544_265026,1
246544_259770,1
246544_100342,1
246545_181147,0
246545_90663,0
246545_209716,0
246545_204802,0
246545_8637,0
246545_100091,1
246549_165708,1
246549_76964,1
246549_91072,1
246549_211802,0
246549_276593,0
246549_149287,0
246550_40786,0
246550_215212,0
246550_38716,1
246550_153291,1
246550_12286,1
246550_228077,1
246551_124466,1
246551_38462,0
246551_176405,1
246551_287137,1
246551_173851,1
246551_212105,1
246552_271209,0
246552_102944,1
246552_201873,0
246552_291754,0
246552_170344,1
246552_163106,1
246553_287589,0
246553_232937,0
246553_140316,1
246553_230485,1
246553_150572,0
246553_175059,1
246554_56537,1
246554_160726,0
246554_44677,0
246554_193757,1
246554_5906,1
246554_12541,0
246561_66359,1
246561_211,1
246561_14499,1
246561_48636,1
246561_83417,1
246561_274280,0
246566_67868,1
246566_262914,1
246566_169816,1
246566_104207,1
246566_17722,0
246566_251927,1
246567_271163,0
246567_74622,0
246567_192599,1
246567_221248,1
246567_6115,1
246567_195710,0
246570_175381,1
246570_282226,1
246570_107493,1
246570_140840,1
246570_1754,1
246570_290629,1
246571_234502,1
246571_122108,0
246571_141300,0
246571_161955,0
246571_196476,1
246571_260846,0
246573_27929,1
246573_189978,0
246573_102740,0
246573_154345,0
246573_79180,0
246573_230333,1
246575_157783,0
246575_39623,0
246575_116741,0
246575_104997,0
246575_79309,0
246575_179499,1
246581_39947,0
246581_246898,0
246581_295799,0
246581_124049,0
246581_114608,1
246581_158751,0
246586_110821,0
246586_231141,1
246586_97670,0
246586_267135,1
246586_202661,0
246586_274499,0
246587_226392,0
246587_204462,0
246587_130774,1
246587_122595,1
246587_149995,0
246587_143204,1
246592_195435,1
246592_238389,1
246592_155058,1
246592_63485,1
246592_163568,1
246592_120519,1
246601_264582,1
246601_126170,1
246601_47249,0
246601_6173,1
246601_69156,0
246601_256232,1
246602_232295,1
246602_60203,1
246602_122589,1
246602_167750,0
246602_46889,1
246602_1432,0
246613_3856,0
246613_83316,1
246613_6083,1
246613_45223,0
246613_196695,0
246613_111294,1
246616_76477,1
246616_293811,1
246616_177116,1
246616_196,1
246616_106077,1
246616_28892,1
246620_292446,1
246620_247423,1
246620_39114,0
246620_124781,0
246620_266054,0
246620_194256,1
246621_139338,0
246621_215223,0
246621_83942,1
246621_35423,1
246621_75838,1
246621_68567,0
246624_278233,0
246624_75123,0
246624_84126,1
246624_3498,1
246624_180341,1
246624_268554,0
246628_252291,0
246628_176597,0
246628_136736,1
246628_87423,1
246628_176639,1
246628_288329,1
246629_64668,0
246629_205320,0
246629_211614,1
246629_99448,1
246629_264789,1
246629_160120,1
246632_246946,1
246632_253142,0
246632_255048,0
246632_169805,1
246632_107250,1
246632_70188,1
246634_210602,1
246634_9193,1
246634_1663,0
246634_191730,0
246634_44675,1
246634_289978,1
246635_136453,0
246635_47259,0
246635_46842,1
246635_27996,0
246635_250087,0
246635_24582,0
246636_253890,1
246636_264575,0
246636_94313,0
246636_26185,0
246636_270260,1
246636_200907,1
246637_153923,1
246637_289153,1
246637_241966,1
246637_184275,1
246637_46341,0
246637_66359,1
246638_289736,1
246638_211282,0
246638_288404,1
246638_105828,1
246638_101850,0
246638_214221,1
246641_144435,0
246641_264575,1
246641_179891,0
246641_194966,0
246641_287168,1
246641_253379,0
246642_270515,0
246642_230898,0
246642_66880,0
246642_61004,1
246642_121299,1
246642_128945,1
246644_238389,1
246644_264340,0
246644_202186,0
246644_288689,1
246644_206107,1
246644_177603,0
246646_125565,1
246646_197957,0
246646_219612,0
246646_292185,0
246646_57463,0
246646_223542,1
246649_188589,1
246649_232679,1
246649_139993,1
246649_138266,1
246649_173950,1
246649_170773,1
246650_40547,0
246650_92064,1
246650_3597,0
246650_76392,0
246650_203588,1
246650_211217,0
246651_87190,0
246651_266363,1
246651_48348,0
246651_92589,0
246651_24419,0
246651_223796,0
246656_174481,1
246656_209757,1
246656_68751,1
246656_7416,1
246656_216490,1
246656_114807,0
246657_138310,0
246657_160876,0
246657_244528,0
246657_13495,0
246657_65177,0
246657_63541,0
246659_181267,0
246659_21085,1
246659_239829,1
246659_15992,1
246659_118642,0
246659_134774,0
246660_59006,1
246660_199203,1
246660_118725,0
246660_166186,0
246660_230050,1
246660_210442,0
246662_293020,1
246662_200935,1
246662_17245,1
246662_135745,0
246662_265173,1
246662_185042,1
246663_130436,0
246663_172624,0
246663_121620,0
246663_206690,0
246663_132308,0
246663_162067,0
246664_289150,0
246664_73425,1
246664_279176,1
246664_238161,1
246664_31746,1
246664_4236,1
246667_234900,0
246667_256060,0
246667_71510,0
246667_218715,1
246667_241421,0
246667_40532,1
246668_68153,0
246668_3695,1
246668_225926,1
246668_269348,1
246668_116741,1
246668_156240,1
246674_253068,0
246674_130023,1
246674_89991,1
246674_178746,0
246674_178286,1
246674_271582,0
246676_198273,0
246676_280316,0
246676_170773,1
246676_38557,1
246676_179893,0
246676_262438,1
246678_52853,0
246678_171543,0
246678_254496,0
246678_7596,1
246678_108024,0
246678_125991,0
246679_95305,1
246679_109120,1
246679_112965,1
246679_130595,1
246679_140867,1
246679_137721,0
246680_118738,1
246680_141575,1
246680_234051,0
246680_294289,1
246680_268953,1
246680_2518,0
246682_246874,1
246682_72904,0
246682_292483,0
246682_26057,1
246682_163796,1
246682_219377,1
246685_61498,0
246685_54650,1
246685_175884,1
246685_71510,1
246685_50760,1
246685_196307,1
246686_46242,0
246686_45007,0
246686_270469,0
246686_234732,0
246686_145474,0
246686_154355,0
246688_30979,1
246688_182717,0
246688_121458,0
246688_72359,0
246688_281443,1
246688_184922,0
246689_199,1
246689_16736,1
246689_154763,0
246689_168264,1
246689_140798,1
246689_156112,0
246694_131453,1
246694_274352,0
246694_132263,1
246694_59749,1
246694_249597,1
246694_30902,1
246697_198131,1
246697_219451,1
246697_108780,1
246697_2648,1
246697_169342,1
246697_141002,1
246698_95625,1
246698_243813,0
246698_38202,0
246698_241460,1
246698_24407,0
246698_234206,0
246699_285549,0
246699_139002,0
246699_165644,0
246699_188123,0
246699_252285,0
246699_180461,0
246704_215106,1
246704_91782,0
246704_287949,0
246704_73744,1
246704_214317,0
246704_264511,1
246705_190622,1
246705_6747,0
246705_140802,0
246705_176821,1
246705_261013,1
246705_226946,0
246708_289304,1
246708_175481,0
246708_224544,0
246708_184895,1
246708_140843,0
246708_286770,1
246711_209793,0
246711_32226,0
246711_152626,0
246711_211123,0
246711_59890,0
246711_73557,0
246712_153972,1
246712_8244,1
246712_245114,0
246712_156112,0
246712_98103,0
246712_176676,1
246714_210982,0
246714_244792,0
246714_110099,0
246714_153923,0
246714_273211,0
246714_86212,0
246717_57118,1
246717_146263,1
246717_22166,0
246717_125254,0
246717_88999,0
246717_88589,0
246722_199553,1
246722_277360,0
246722_175457,0
246722_136504,1
246722_261428,0
246722_168065,1
246725_183431,1
246725_221316,1
246725_61145,1
246725_146229,0
246725_157686,0
246725_16233,1
246726_73011,1
246726_65679,1
246726_134381,1
246726_163409,1
246726_238237,0
246726_181316,1
246728_204679,1
246728_239226,1
246728_276018,0
246728_155589,1
246728_271816,1
246728_93964,0
246734_132263,1
246734_166193,0
246734_78298,0
246734_94893,1
246734_260051,0
246734_1222,1
246735_34397,0
246735_23365,0
246735_278687,1
246735_145221,1
246735_47394,0
246735_150640,1
246736_29742,1
246736_278233,0
246736_71510,1
246736_114421,1
246736_260263,0
246736_108560,1
246738_46091,1
246738_189214,1
246738_260175,1
246738_175481,1
246738_39309,0
246738_30742,1
246740_191995,1
246740_263194,1
246740_211462,0
246740_232964,0
246740_157402,1
246740_8088,0
246742_31204,1
246742_282225,0
246742_285638,1
246742_11437,1
246742_92193,1
246742_62859,1
246744_205122,1
246744_170265,1
246744_105086,1
246744_83900,1
246744_8544,1
246744_30318,1
246749_231030,1
246749_105582,0
246749_3620,1
246749_126535,0
246749_206044,1
246749_280494,1
246752_296039,0
246752_256132,0
246752_42331,0
246752_126615,0
246752_290018,0
246752_36859,0
246753_133764,1
246753_77050,0
246753_33195,0
246753_83125,0
246753_29932,1
246753_249489,0
246760_71455,1
246760_144357,0
246760_149237,1
246760_131564,1
246760_201190,1
246760_61145,1
246762_292141,0
246762_279900,0
246762_128971,0
246762_141772,0
246762_144385,0
246762_128833,0
246767_60913,1
246767_193774,0
246767_233895,0
246767_173967,0
246767_49451,1
246767_247423,1
246768_260251,0
246768_2356,1
246768_19894,0
246768_146263,1
246768_84196,1
246768_136275,1
246771_82632,1
246771_30318,0
246771_191775,1
246771_38482,0
246771_54645,1
246771_229806,1
246774_242372,0
246774_67462,0
246774_229916,0
246774_33195,0
246774_139425,0
246774_276334,0
246776_293496,1
246776_138333,1
246776_234884,1
246776_165554,1
246776_34503,1
246776_212503,1
246777_183431,0
246777_72588,0
246777_79126,0
246777_229585,0
246777_159155,0
246777_207620,0
246780_218769,0
246780_140881,0
246780_208894,0
246780_93020,0
246780_44951,0
246780_169845,1
246782_10613,0
246782_285844,0
246782_244768,0
246782_166193,0
246782_173707,0
246782_107922,1
246783_73299,1
246783_66943,1
246783_97328,1
246783_134866,1
246783_33257,0
246783_292807,1
246786_64459,0
246786_117104,1
246786_133302,1
246786_36048,0
246786_212449,1
246786_201452,0
246787_251748,0
246787_78284,0
246787_188234,0
246787_231077,0
246787_52638,0
246787_269227,0
246791_3222,1
246791_162103,0
246791_17790,1
246791_99717,0
246791_143496,0
246791_251504,0
246792_256132,1
246792_5030,0
246792_214851,1
246792_228397,1
246792_195944,1
246792_10928,1
246793_7698,1
246793_291991,0
246793_174892,1
246793_34397,0
246793_205720,1
246793_240978,1
246795_64675,0
246795_226975,0
246795_203428,0
246795_68749,1
246795_42557,0
246795_147523,1
246797_198293,1
246797_275379,1
246797_247944,1
246797_136453,1
246797_185793,0
246797_35669,1
246799_18156,1
246799_106263,1
246799_3109,1
246799_182054,1
246799_43950,1
246799_72875,1
246806_120563,1
246806_106788,1
246806_261450,1
246806_285010,1
246806_136273,1
246806_66741,1
246811_291513,1
246811_92599,0
246811_269291,0
246811_139039,1
246811_65590,1
246811_244279,1
246813_88430,0
246813_115095,1
246813_291302,1
246813_87505,1
246813_223693,1
246813_168072,0
246814_61004,1
246814_12279,1
246814_146446,1
246814_30877,0
246814_130023,1
246814_156491,0
246820_263438,1
246820_29778,1
246820_255356,1
246820_219377,1
246820_205649,1
246820_51675,0
246821_29189,0
246821_67954,0
246821_171853,0
246821_175187,0
246821_278271,0
246821_263306,0
246825_295939,1
246825_92292,1
246825_107959,1
246825_246022,1
246825_90992,1
246825_190039,1
246826_251403,1
246826_12922,1
246826_278582,1
246826_180133,1
246826_34004,0
246826_114047,1
246828_146449,1
246828_279246,1
246828_1598,1
246828_54689,1
246828_245138,1
246828_218699,1
246835_264551,1
246835_92164,1
246835_82454,0
246835_168677,1
246835_218715,1
246835_230881,1
246839_19356,0
246839_188625,1
246839_110680,1
246839_149725,0
246839_142163,1
246839_184644,1
246841_172679,0
246841_184307,0
246841_230055,0
246841_190319,1
246841_259824,1
246841_234512,1
246842_289222,0
246842_272608,0
246842_269846,0
246842_198105,0
246842_178313,0
246842_27090,0
246846_161211,0
246846_268773,0
246846_226552,0
246846_231908,1
246846_105201,0
246846_281215,0
246850_120131,1
246850_14373,0
246850_33120,1
246850_166447,1
246850_254570,1
246850_261450,0
246851_9514,0
246851_266167,1
246851_13622,1
246851_41056,0
246851_252291,0
246851_245820,1
246852_280203,1
246852_111621,0
246852_83130,1
246852_179152,1
246852_265026,1
246852_283793,1
246855_164728,1
246855_156762,0
246855_152137,0
246855_107168,0
246855_12984,1
246855_174156,1
246856_272720,1
246856_122637,1
246856_81750,1
246856_193774,1
246856_53887,0
246856_51675,1
246860_53652,0
246860_219422,1
246860_243829,1
246860_103008,0
246860_212009,1
246860_232802,0
246862_207913,1
246862_192806,1
246862_167254,0
246862_113233,0
246862_131140,1
246862_292339,0
246863_228038,0
246863_293496,1
246863_61829,0
246863_60428,1
246863_23693,0
246863_72969,1
246865_92677,0
246865_180338,1
246865_270749,1
246865_57469,1
246865_276334,1
246865_76499,1
246869_67267,1
246869_132424,1
246869_87423,1
246869_49650,1
246869_2129,1
246869_56154,1
246870_189540,1
246870_253545,1
246870_241669,0
246870_109794,0
246870_170370,0
246870_162032,1
246871_58699,1
246871_143913,1
246871_182022,1
246871_9812,0
246871_29559,1
246871_96631,1
246872_60864,1
246872_158554,0
246872_137015,1
246872_20899,1
246872_45461,0
246872_244108,1
246876_109809,1
246876_12281,1
246876_185243,0
246876_160218,1
246876_34676,0
246876_35571,1
246879_149006,1
246879_121423,1
246879_36634,1
246879_62445,1
246879_198994,1
246879_39981,1
246880_254626,0
246880_222998,0
246880_152798,0
246880_240708,0
246880_220478,1
246880_295024,0
246882_163271,0
246882_140843,1
246882_215751,1
246882_291924,0
246882_19172,0
246882_72841,1
246884_73557,1
246884_182161,0
246884_140969,0
246884_218523,1
246884_289946,0
246884_59985,1
246889_102811,1
246889_33762,0
246889_280252,1
246889_13287,1
246889_126886,0
246889_234495,1
246890_262191,1
246890_26031,0
246890_181536,0
246890_197936,1
246890_32185,0
246890_46152,0
246893_266382,1
246893_255632,1
246893_198512,1
246893_31986,0
246893_128863,1
246893_119467,1
246898_265106,0
246898_39477,1
246898_165847,0
246898_125921,1
246898_182917,1
246898_136582,0
246901_58360,0
246901_141575,0
246901_154835,0
246901_201216,1
246901_193100,1
246901_142408,1
246904_51682,0
246904_41728,1
246904_225426,1
246904_159986,1
246904_81154,1
246904_192226,1
246910_150618,0
246910_23249,1
246910_179044,1
246910_58511,1
246910_204340,0
246910_166193,0
246911_74122,0
246911_281533,1
246911_107089,1
246911_257330,1
246911_32245,0
246911_46629,1
246920_85483,1
246920_16374,0
246920_182924,1
246920_128250,1
246920_124310,1
246920_170143,0
246924_186399,0
246924_6911,0
246924_25681,0
246924_99683,0
246924_118690,0
246924_9373,0
246927_20032,1
246927_6688,1
246927_163958,0
246927_87388,1
246927_61853,1
246927_291248,1
246928_263828,0
246928_177028,0
246928_242097,0
246928_210286,0
246928_49415,0
246928_157129,1
246932_262088,1
246932_113179,1
246932_254349,0
246932_160120,1
246932_248870,1
246932_227561,0
246934_204272,1
246934_85180,1
246934_53208,1
246934_211072,1
246934_30185,1
246934_280778,1
246937_6354,0
246937_287047,1
246937_178974,0
246937_157326,0
246937_94531,1
246937_78682,0
246940_5869,0
246940_256773,1
246940_81095,0
246940_258419,1
246940_204916,1
246940_88840,0
246941_219119,0
246941_23822,1
246941_71024,0
246941_169120,1
246941_194950,1
246941_286054,1
246942_180229,0
246942_83688,0
246942_242440,1
246942_41082,0
246942_230930,0
246942_101262,1
246944_93678,1
246944_38708,1
246944_180729,0
246944_85587,0
246944_240580,0
246944_95975,1
246948_282131,0
246948_109266,1
246948_279408,1
246948_230358,1
246948_213098,1
246948_240094,0
246949_42192,0
246949_13710,0
246949_185584,1
246949_149006,1
246949_216902,1
246949_225510,1
246950_120470,1
246950_215400,1
246950_12889,0
246950_112891,0
246950_27231,1
246950_32392,0
246952_184197,1
246952_230677,0
246952_168065,1
246952_54506,1
246952_196830,0
246952_59465,1
246954_243085,1
246954_127607,0
246954_250169,1
246954_261389,1
246954_230469,1
246954_146824,1
246955_19894,0
246955_260780,1
246955_45223,0
246955_152491,1
246955_166413,0
246955_144499,0
246956_261635,1
246956_43986,0
246956_138361,0
246956_37010,0
246956_66423,1
246956_207644,0
246957_127288,1
246957_227397,0
246957_142289,1
246957_224624,0
246957_217248,0
246957_200311,1
246958_83984,0
246958_273041,0
246958_224330,0
246958_20655,0
246958_220973,0
246958_204162,1
246959_227515,0
246959_165361,0
246959_110928,0
246959_95528,0
246959_143297,0
246959_208226,0
246963_286151,1
246963_48000,1
246963_127251,0
246963_101294,1
246963_160830,1
246963_64012,0
246964_72517,1
246964_124561,1
246964_40648,1
246964_92064,0
246964_149006,1
246964_65150,1
246965_268405,0
246965_274169,0
246965_251399,0
246965_46629,0
246965_104476,0
246965_4303,0
246966_93799,0
246966_18839,0
246966_151424,0
246966_86427,0
246966_119064,0
246966_253545,0
246969_222088,0
246969_280273,0
246969_254917,0
246969_103870,0
246969_131633,0
246969_142901,0
246970_250817,0
246970_74562,0
246970_49162,1
246970_94705,1
246970_1108,1
246970_19990,1
246971_169325,1
246971_290534,0
246971_200107,0
246971_276969,0
246971_56209,0
246971_248385,1
246974_275788,0
246974_12111,1
246974_10206,1
246974_121931,1
246974_47832,1
246974_98681,1
246980_179298,0
246980_191565,0
246980_221998,0
246980_244083,0
246980_1879,0
246980_219002,0
246982_265874,1
246982_61874,1
246982_154017,0
246982_197639,1
246982_137375,0
246982_225329,1
246986_260175,1
246986_130023,1
246986_149859,1
246986_103861,1
246986_8324,0
246986_65220,0
246989_59796,0
246989_228746,0
246989_286329,1
246989_179292,1
246989_63679,0
246989_294233,1
246991_67593,0
246991_42182,1
246991_64718,0
246991_132805,1
246991_152491,0
246991_211126,1
246992_224054,0
246992_32231,1
246992_259364,0
246992_199310,1
246992_214979,0
246992_78187,1
246994_45866,0
246994_131359,0
246994_96971,1
246994_288689,1
246994_50473,0
246994_74490,1
246996_146072,1
246996_110739,0
246996_278821,1
246996_34781,0
246996_273384,1
246996_98818,1
246997_217824,0
246997_91604,1
246997_83546,1
246997_26595,1
246997_53887,0
246997_29189,1
246998_114634,1
246998_243391,0
246998_92035,1
246998_242808,0
246998_43876,1
246998_9892,0
246999_112458,0
246999_88855,0
246999_211217,1
246999_173257,0
246999_21328,1
246999_148821,0
247005_96612,1
247005_277969,0
247005_252608,1
247005_198293,1
247005_208656,1
247005_283530,0
247009_276415,1
247009_247925,1
247009_190301,1
247009_223073,0
247009_25692,1
247009_39906,1
247010_231030,1
247010_242960,1
247010_33622,1
247010_154468,1
247010_58433,1
247010_3982,0
247015_143673,1
247015_26762,1
247015_176639,0
247015_287001,1
247015_251348,0
247015_222293,1
247016_26953,1
247016_253956,1
247016_249649,0
247016_89662,1
247016_59772,0
247016_161398,0
247018_189329,1
247018_257714,1
247018_284901,0
247018_21858,1
247018_189775,1
247018_224508,0
247019_273726,1
247019_215506,0
247019_47008,0
247019_55958,1
247019_272763,0
247019_279597,0
247020_80050,0
247020_93003,1
247020_270020,1
247020_261450,1
247020_213633,1
247020_105290,1
247021_71839,0
247021_248820,0
247021_159015,1
247021_246258,0
247021_95212,1
247021_290304,1
247026_267864,1
247026_278281,0
247026_199663,0
247026_220089,1
247026_147394,0
247026_90931,1
247029_181408,1
247029_291248,0
247029_176294,1
247029_74729,0
247029_119496,0
247029_18515,1
247031_109636,1
247031_52447,0
247031_187605,1
247031_227780,0
247031_143734,1
247031_50380,1
247033_81981,0
247033_49660,0
247033_90258,0
247033_252444,0
247033_93562,0
247033_184835,0
247034_157731,1
247034_32580,1
247034_123622,1
247034_43031,1
247034_293108,0
247034_95924,1
247038_213425,1
247038_113641,0
247038_215325,1
247038_157966,0
247038_275485,1
247038_10628,1
247041_121838,0
247041_113269,0
247041_54301,0
247041_262102,0
247041_270454,0
247041_189153,0
247043_58209,1
247043_205926,0
247043_233322,1
247043_31440,1
247043_248452,1
247043_254516,1
247045_291782,0
247045_201185,0
247045_234392,1
247045_26225,0
247045_240451,1
247045_244829,1
247053_21493,0
247053_86713,1
247053_163286,1
247053_163522,0
247053_73706,0
247053_31303,1
247054_13946,1
247054_33513,0
247054_132263,1
247054_134181,0
247054_21473,0
247054_41231,1
247055_232242,0
247055_241669,1
247055_151,0
247055_126779,0
247055_217252,0
247055_100439,1
247056_152212,1
247056_3859,1
247056_42375,1
247056_8827,1
247056_31440,1
247056_43184,1
247061_160012,1
247061_282643,1
247061_20989,1
247061_277417,0
247061_186256,0
247061_95055,0
247063_267644,1
247063_251574,1
247063_91718,1
247063_208789,1
247063_187793,1
247063_202393,0
247065_103306,0
247065_116743,1
247065_215788,1
247065_204697,1
247065_182803,0
247065_103861,1
247066_91475,1
247066_267696,0
247066_65084,0
247066_254917,0
247066_213418,0
247066_15155,0
247075_162380,1
247075_119101,1
247075_58100,0
247075_49447,1
247075_45210,0
247075_259579,1
247077_161830,1
247077_153914,1
247077_212331,1
247077_100522,0
247077_8279,0
247077_12279,1
247079_105829,1
247079_274388,1
247079_279927,0
247079_269631,0
247079_272781,0
247079_125465,1
247080_248283,0
247080_72387,0
247080_263438,1
247080_249929,1
247080_290372,0
247080_44825,0
247091_175800,1
247091_116812,1
247091_227898,1
247091_11263,0
247091_143872,1
247091_746,1
247092_288543,1
247092_153972,1
247092_164543,1
247092_241375,1
247092_117443,0
247092_61826,1
247095_204859,0
247095_48891,0
247095_258682,0
247095_34940,0
247095_81750,0
247095_23138,0
247105_178139,0
247105_92030,1
247105_132837,1
247105_252989,0
247105_41291,1
247105_52613,1
247110_86191,1
247110_142802,0
247110_211340,1
247110_262523,0
247110_79343,1
247110_27420,1
247114_247480,0
247114_84861,0
247114_119006,1
247114_170264,0
247114_232937,0
247114_84275,0
247118_70431,0
247118_9812,0
247118_105306,1
247118_182297,1
247118_264575,1
247118_62265,1
247119_232343,1
247119_16402,0
247119_260780,1
247119_32596,0
247119_178309,1
247119_13917,0
247124_230677,1
247124_140802,0
247124_20493,0
247124_271488,1
247124_130023,1
247124_143215,0
247125_288152,0
247125_130547,0
247125_29856,1
247125_155791,1
247125_114251,1
247125_271459,0
247129_154321,0
247129_120563,1
247129_294973,1
247129_256060,0
247129_42375,0
247129_25635,0
247131_233539,0
247131_116603,0
247131_241352,1
247131_53838,1
247131_20867,1
247131_15208,1
247132_5374,1
247132_110171,0
247132_38764,1
247132_68591,1
247132_219679,1
247132_227711,1
247135_52853,1
247135_112784,0
247135_192661,1
247135_294805,1
247135_83933,1
247135_257260,1
247136_236961,0
247136_271560,1
247136_240893,1
247136_103083,0
247136_12038,1
247136_115686,1
247139_150001,0
247139_71808,1
247139_10257,0
247139_281624,1
247139_68440,1
247139_181976,1
247142_293036,1
247142_50116,0
247142_40570,0
247142_270441,0
247142_217865,1
247142_38534,1
247144_113233,0
247144_232332,1
247144_185926,0
247144_204113,1
247144_122360,0
247144_96659,0
247147_171446,0
247147_44127,1
247147_38557,1
247147_228615,1
247147_231243,1
247147_28670,0
247149_21593,1
247149_7188,1
247149_135825,1
247149_10024,1
247149_235999,1
247149_38720,1
247151_141610,1
247151_98681,1
247151_171353,1
247151_232171,0
247151_214819,0
247151_290629,0
247154_116722,0
247154_99314,0
247154_284277,0
247154_61478,0
247154_131806,0
247154_19215,1
247157_24783,1
247157_221461,1
247157_48891,1
247157_118422,1
247157_153424,1
247157_144186,1
247163_211958,1
247163_270454,1
247163_177400,0
247163_28929,1
247163_97306,1
247163_48867,1
247166_275354,1
247166_94595,1
247166_141318,0
247166_10001,1
247166_53711,0
247166_106318,1
247171_109902,1
247171_214221,0
247171_222558,1
247171_274175,1
247171_15405,1
247171_119233,0
247175_260829,0
247175_244528,1
247175_20552,1
247175_76477,1
247175_163693,1
247175_230677,0
247176_185003,0
247176_22770,0
247176_152236,0
247176_12365,0
247176_51849,0
247176_278171,0
247178_140602,1
247178_6240,1
247178_108,1
247178_96488,1
247178_226380,1
247178_258422,1
247179_170119,1
247179_232179,1
247179_139990,0
247179_150040,0
247179_245486,0
247179_256306,1
247180_267088,1
247180_160290,0
247180_94531,1
247180_119068,0
247180_170496,0
247180_8980,1
247181_52218,0
247181_88979,0
247181_180033,1
247181_246124,1
247181_150337,1
247181_224398,1
247182_12135,0
247182_277476,0
247182_106669,1
247182_280703,1
247182_216552,0
247182_279628,1
247183_53555,0
247183_186233,0
247183_27863,1
247183_92962,1
247183_278549,0
247183_21948,1
247187_80100,1
247187_21171,1
247187_21652,0
247187_90712,1
247187_156112,0
247187_125958,1
247188_204016,1
247188_271429,1
247188_232818,1
247188_226836,1
247188_86271,1
247188_56822,1
247191_227919,1
247191_129672,0
247191_80943,0
247191_216947,0
247191_194192,0
247191_40241,0
247194_35953,1
247194_141250,1
247194_105813,1
247194_99683,1
247194_72387,0
247194_87671,1
247197_275540,0
247197_47420,0
247197_268462,0
247197_50898,0
247197_248331,1
247197_211324,1
247198_123056,0
247198_171454,0
247198_100318,1
247198_28255,0
247198_215571,0
247198_133121,0
247200_187953,1
247200_160120,1
247200_101321,0
247200_101871,1
247200_294233,0
247200_76841,1
247206_136639,0
247206_170180,0
247206_97482,0
247206_137485,0
247206_87493,0
247206_215325,0
247208_270454,1
247208_79655,1
247208_250273,1
247208_62493,1
247208_62891,0
247208_49873,1
247210_171373,1
247210_147793,0
247210_198064,1
247210_264699,0
247210_141945,0
247210_199383,1
247212_286228,0
247212_76222,1
247212_84938,1
247212_53525,0
247212_204311,0
247212_182888,1
247213_273445,0
247213_18179,1
247213_293365,0
247213_24287,1
247213_57295,0
247213_143193,1
247214_165653,1
247214_137786,0
247214_176639,1
247214_3410,0
247214_277201,1
247214_139425,1
247216_191965,1
247216_126118,0
247216_71685,0
247216_238977,1
247216_255886,0
247216_75391,1
247217_283189,0
247217_76477,1
247217_294452,1
247217_248033,0
247217_119772,1
247217_122616,1
247221_182830,0
247221_97167,0
247221_272384,1
247221_10806,1
247221_139320,0
247221_125844,1
247224_177290,0
247224_14303,1
247224_295270,0
247224_143084,1
247224_23998,1
247224_207619,0
247226_141136,1
247226_39763,1
247226_72767,1
247226_175571,0
247226_161385,0
247226_271243,0
247233_142831,1
247233_284594,0
247233_150482,1
247233_214592,1
247233_19926,1
247233_210231,1
247235_203676,1
247235_221643,1
247235_55900,0
247235_150748,1
247235_158554,0
247235_171111,0
247238_163317,0
247238_262955,1
247238_293108,1
247238_159945,0
247238_141638,0
247238_140602,0
247240_176172,1
247240_185261,0
247240_61096,0
247240_74870,1
247240_240199,1
247240_234906,1
247245_4692,0
247245_264667,1
247245_95704,1
247245_126082,0
247245_10628,1
247245_193096,1
247248_198890,1
247248_254030,1
247248_42079,0
247248_44796,1
247248_228746,1
247248_70431,1
247250_246657,1
247250_119385,0
247250_291913,1
247250_32226,1
247250_70637,1
247250_285250,1
247256_234432,0
247256_85820,0
247256_225847,1
247256_292045,0
247256_243369,0
247256_241077,0
247261_57671,1
247261_26085,1
247261_135074,0
247261_105785,1
247261_75833,1
247261_85708,1
247266_191348,0
247266_1618,1
247266_143565,1
247266_110262,1
247266_248385,0
247266_293696,1
247267_121703,0
247267_173179,0
247267_43139,0
247267_188488,1
247267_218713,1
247267_39046,1
247271_2268,1
247271_281026,1
247271_74795,0
247271_187117,0
247271_7253,1
247271_124529,0
247272_68236,0
247272_85194,0
247272_109899,0
247272_289970,0
247272_92112,0
247272_86087,0
247273_152522,1
247273_333,1
247273_35571,1
247273_119532,1
247273_197125,1
247273_247423,1
247280_103742,0
247280_263951,0
247280_74925,1
247280_44314,0
247280_10309,0
247280_10976,1
247281_56780,0
247281_131360,1
247281_209580,0
247281_28368,1
247281_168662,1
247281_48048,0
247284_15846,0
247284_118795,0
247284_126308,1
247284_292674,0
247284_155673,1
247284_60266,0
247289_266143,1
247289_105520,1
247289_229610,0
247289_132003,0
247289_99054,0
247289_173375,0
247292_157766,0
247292_176639,0
247292_5791,0
247292_91021,0
247292_274499,0
247292_265536,0
247294_131964,0
247294_177604,0
247294_151999,1
247294_63637,0
247294_137128,0
247294_169096,0
247296_287377,0
247296_55549,1
247296_7350,0
247296_89605,0
247296_230065,1
247296_67164,1
247298_7741,1
247298_46960,0
247298_195635,1
247298_190401,1
247298_244903,0
247298_84628,0
247300_219915,1
247300_293582,1
247300_276635,0
247300_50007,1
247300_265931,0
247300_163096,1
247301_56652,0
247301_254680,1
247301_223395,0
247301_261770,1
247301_34230,0
247301_127929,0
247302_98116,0
247302_224337,0
247302_249753,0
247302_242920,0
247302_187543,1
247302_169714,0
247305_166,1
247305_133617,1
247305_268877,0
247305_214851,1
247305_30546,1
247305_13495,1
247307_6548,1
247307_283814,0
247307_230842,1
247307_114295,1
247307_158554,0
247307_224080,0
247308_27608,0
247308_216311,0
247308_19780,0
247308_162988,0
247308_278687,0
247308_281330,0
247309_8260,1
247309_238165,0
247309_234884,1
247309_112760,1
247309_257031,0
247309_81561,1
247310_177085,0
247310_169455,1
247310_110764,0
247310_89705,0
247310_94705,0
247310_45150,0
247313_56334,1
247313_189952,1
247313_212840,1
247313_2158,1
247313_124183,0
247313_131453,1
247315_55487,0
247315_87350,0
247315_261513,1
247315_216047,1
247315_13495,1
247315_215878,0
247317_72011,1
247317_80165,1
247317_257496,1
247317_191750,1
247317_136664,1
247317_76729,1
247318_21454,1
247318_165206,0
247318_39763,1
247318_130623,0
247318_72300,1
247318_249159,0
247322_91168,0
247322_176597,0
247322_26875,0
247322_294929,0
247322_130807,1
247322_235725,0
247323_22512,0
247323_269065,1
247323_232351,1
247323_47485,1
247323_270198,0
247323_183405,0
247324_1973,0
247324_12836,1
247324_202499,1
247324_253486,1
247324_286426,1
247324_175800,1
247326_224482,1
247326_242473,1
247326_276815,1
247326_257534,1
247326_230506,1
247326_36228,1
247331_93840,0
247331_72300,1
247331_167702,0
247331_88048,0
247331_280808,1
247331_88927,0
247333_8544,1
247333_210165,1
247333_127473,1
247333_70637,0
247333_123997,1
247333_63532,0
247337_239284,0
247337_268388,0
247337_158554,0
247337_45478,0
247337_29894,0
247337_48386,0
247338_286564,0
247338_284406,0
247338_243646,1
247338_234255,0
247338_152805,0
247338_205926,0
247342_138862,0
247342_161898,1
247342_189230,0
247342_80413,1
247342_171529,1
247342_44979,1
247346_22704,0
247346_98959,0
247346_78288,1
247346_116055,1
247346_236984,0
247346_155,1
247351_159155,0
247351_271794,1
247351_149515,0
247351_206834,0
247351_243121,0
247351_36146,0
247352_279219,0
247352_234322,0
247352_92030,0
247352_224355,0
247352_68845,0
247352_49962,0
247357_144993,1
247357_41532,0
247357_164857,1
247357_6064,1
247357_91475,1
247357_222786,1
247359_190971,1
247359_20186,1
247359_82447,0
247359_263219,0
247359_43141,1
247359_205179,1
247362_190469,1
247362_247777,0
247362_38557,1
247362_5121,0
247362_207238,0
247362_133978,0
247363_14657,1
247363_143432,0
247363_166193,1
247363_238869,1
247363_163568,1
247363_312,0
247365_214191,1
247365_90615,1
247365_120246,1
247365_212592,1
247365_230197,1
247365_29894,1
247367_178259,0
247367_238113,0
247367_225414,0
247367_244657,1
247367_12255,0
247367_90654,1
247369_114302,1
247369_255065,1
247369_244541,1
247369_177018,1
247369_195668,1
247369_146606,1
247374_43881,1
247374_67983,1
247374_225933,0
247374_21918,0
247374_89066,0
247374_41148,0
247378_8313,1
247378_210600,1
247378_163465,1
247378_169945,1
247378_167758,1
247378_239386,0
247380_111577,1
247380_136624,1
247380_188681,1
247380_263864,1
247380_132861,0
247380_84187,0
247386_214776,1
247386_62265,1
247386_269018,1
247386_43358,0
247386_228745,1
247386_126448,1
247390_230260,0
247390_61826,1
247390_125944,0
247390_94893,1
247390_171329,0
247390_36815,1
247392_125926,1
247392_247979,1
247392_94705,1
247392_175800,1
247392_269846,0
247392_137371,1
247395_146143,0
247395_34503,1
247395_108405,1
247395_111539,1
247395_42460,0
247395_74714,1
247396_36716,0
247396_187354,1
247396_78499,0
247396_18953,1
247396_228235,0
247396_262921,0
247397_219934,1
247397_93084,1
247397_117833,0
247397_66859,1
247397_225414,1
247397_205398,1
247398_82581,1
247398_20036,1
247398_131155,1
247398_85180,0
247398_9464,0
247398_118861,0
247400_130023,1
247400_230842,0
247400_212592,1
247400_182009,1
247400_234441,0
247400_235014,1
247402_31170,1
247402_204632,1
247402_110205,1
247402_72387,0
247402_220242,1
247402_75564,1
247404_138741,1
247404_131863,0
247404_99448,1
247404_269530,1
247404_271466,1
247404_295936,0
247411_167977,1
247411_187117,1
247411_123997,1
247411_143428,1
247411_171534,0
247411_159976,1
247412_166025,1
247412_169305,0
247412_144357,1
247412_45127,0
247412_210791,1
247412_214994,0
247413_9838,0
247413_253519,1
247413_61826,1
247413_140019,0
247413_259248,1
247413_249919,1
247417_46482,0
247417_242047,0
247417_210744,1
247417_8313,1
247417_182786,0
247417_160555,1
247425_73588,0
247425_134958,1
247425_118076,1
247425_152525,0
247425_13742,1
247425_171631,0
247426_92995,0
247426_223462,0
247426_205370,0
247426_15135,0
247426_66943,0
247426_164778,0
247427_62076,1
247427_121932,1
247427_122769,1
247427_282589,1
247427_279759,1
247427_81561,0
247435_76248,1
247435_105115,1
247435_281406,1
247435_131633,1
247435_88313,0
247435_156112,0
247438_109825,0
247438_116805,0
247438_6755,0
247438_50833,0
247438_38543,0
247438_16745,0
247445_52475,0
247445_115610,0
247445_187487,0
247445_69236,0
247445_288285,1
247445_84895,0
247447_74096,1
247447_63453,0
247447_96103,1
247447_250774,1
247447_62340,1
247447_247769,1
247448_209783,0
247448_269685,0
247448_135466,1
247448_45668,1
247448_1044,0
247448_66741,1
247450_82772,1
247450_100608,0
247450_33956,0
247450_138794,1
247450_29308,1
247450_47008,0
247455_93128,1
247455_262164,1
247455_124828,0
247455_149036,0
247455_77143,1
247455_282855,1
247460_43702,0
247460_86936,1
247460_188147,0
247460_6463,0
247460_263181,0
247460_36934,0
247462_198919,1
247462_220786,0
247462_65084,1
247462_167345,1
247462_179502,1
247462_227035,1
247463_4757,1
247463_165215,0
247463_41814,1
247463_183431,1
247463_124717,1
247463_105829,1
247465_86733,1
247465_274912,0
247465_110784,0
247465_25772,1
247465_165197,1
247465_261372,1
247466_20788,1
247466_216185,0
247466_141451,0
247466_69934,0
247466_85672,0
247466_52044,0
247467_232320,1
247467_167464,1
247467_185407,1
247467_257693,1
247467_15751,0
247467_283022,1
247470_157612,1
247470_179993,0
247470_62796,0
247470_233747,1
247470_295221,1
247470_213129,0
247472_140530,0
247472_133163,0
247472_26510,0
247472_256132,0
247472_89168,0
247472_38168,1
247473_119139,1
247473_104422,1
247473_210990,1
247473_140971,1
247473_89403,1
247473_21853,0
247475_230234,1
247475_65787,1
247475_49748,0
247475_48368,1
247475_199137,1
247475_119355,1
247480_172099,1
247480_123701,1
247480_198372,1
247480_10549,1
247480_129164,1
247480_34658,1
247481_203088,0
247481_70431,1
247481_119064,1
247481_218121,0
247481_216175,0
247481_227559,0
247482_130023,1
247482_81191,0
247482_62265,1
247482_204714,1
247482_272442,0
247482_29093,0
247483_168935,0
247483_228679,0
247483_76124,0
247483_120535,0
247483_7810,1
247483_21647,1
247484_181266,1
247484_230595,0
247484_188639,0
247484_25643,0
247484_1469,0
247484_141862,0
247492_188589,0
247492_101428,0
247492_15573,1
247492_224544,0
247492_225414,0
247492_71685,1
247493_108116,1
247493_156513,1
247493_169030,1
247493_220864,1
247493_201987,0
247493_246898,1
247496_216047,0
247496_65650,0
247496_113233,0
247496_162379,0
247496_178024,0
247496_219127,1
247497_252421,1
247497_138231,1
247497_280470,1
247497_173627,1
247497_63843,1
247497_155043,0
247498_211834,0
247498_125726,0
247498_211217,1
247498_80050,1
247498_191585,1
247498_88581,0
247499_170807,1
247499_116385,0
247499_13663,0
247499_264835,1
247499_219726,1
247499_136275,0
247503_157389,1
247503_53254,0
247503_197768,0
247503_95726,1
247503_165044,1
247503_55921,0
247509_286863,0
247509_49746,0
247509_288214,0
247509_78684,0
247509_85777,0
247509_32816,1
247510_234038,1
247510_104446,1
247510_292545,0
247510_153606,0
247510_32271,0
247510_232242,0
247511_155791,1
247511_42050,1
247511_8691,1
247511_69924,0
247511_31578,0
247511_260837,0
247512_78034,1
247512_234322,0
247512_81717,0
247512_254833,1
247512_68845,0
247512_29348,0
247513_42460,1
247513_220633,1
247513_147656,0
247513_152857,0
247513_291328,0
247513_200472,0
247515_12587,0
247515_206993,1
247515_143047,1
247515_243103,0
247515_66886,1
247515_284554,0
247521_143817,0
247521_31440,0
247521_152659,0
247521_83525,0
247521_60395,0
247521_135154,1
247522_283018,1
247522_255324,0
247522_182452,1
247522_175187,0
247522_104991,0
247522_261827,1
247528_243552,0
247528_247788,1
247528_248526,1
247528_194234,0
247528_84977,0
247528_134431,1
247529_179533,0
247529_242097,0
247529_280963,1
247529_125110,0
247529_166193,0
247529_284781,0
247531_266735,0
247531_262075,1
247531_101297,0
247531_145146,0
247531_126448,0
247531_38168,1
247534_138379,0
247534_121775,1
247534_154788,0
247534_224707,0
247534_123997,0
247534_51203,0
247535_36570,1
247535_276357,1
247535_228016,0
247535_101243,1
247535_222572,1
247535_244729,1
247537_104542,1
247537_237493,0
247537_223332,1
247537_264668,1
247537_285322,1
247537_180912,0
247538_119358,1
247538_293696,1
247538_164645,0
247538_185036,1
247538_247788,1
247538_53505,1
247543_184139,0
247543_226093,1
247543_48760,1
247543_192375,1
247543_8544,0
247543_14866,0
247545_189308,1
247545_237211,1
247545_39477,0
247545_276242,1
247545_74586,0
247545_13923,0
247546_7235,1
247546_139612,0
247546_134160,1
247546_228208,1
247546_12922,0
247546_126934,1
247548_12836,1
247548_11197,1
247548_156913,1
247548_32621,0
247548_168072,0
247548_134449,1
247551_123950,1
247551_244526,1
247551_62953,0
247551_273182,1
247551_145610,1
247551_160239,1
247552_193216,0
247552_91240,0
247552_133701,1
247552_14123,0
247552_87671,1
247552_168548,1
247556_143894,1
247556_198880,1
247556_118449,1
247556_291248,1
247556_144424,1
247556_188676,1
247559_201317,1
247559_191175,1
247559_125110,1
247559_239483,1
247559_185962,1
247559_7845,1
247566_84737,1
247566_161470,1
247566_235170,0
247566_281818,1
247566_62536,1
247566_230910,1
247568_282485,1
247568_179389,1
247568_188676,1
247568_82321,0
247568_20714,1
247568_11404,1
247570_88840,1
247570_276848,0
247570_10206,1
247570_284020,1
247570_440,1
247570_103434,1
247572_30583,0
247572_36509,0
247572_177497,1
247572_142654,0
247572_72208,1
247572_259024,1
247573_235826,0
247573_34142,0
247573_112142,1
247573_96074,1
247573_110918,1
247573_120595,0
247574_50420,0
247574_147920,1
247574_196720,0
247574_289727,1
247574_153558,0
247574_148326,1
247575_163714,0
247575_72875,0
247575_85242,1
247575_287001,1
247575_94067,1
247575_60260,0
247577_56268,1
247577_123357,1
247577_191997,0
247577_104406,1
247577_293132,0
247577_86424,1
247581_149793,1
247581_237905,1
247581_207786,0
247581_38888,0
247581_52230,0
247581_222749,0
247582_164423,1
247582_276617,0
247582_33195,1
247582_21800,0
247582_223542,1
247582_78114,0
247583_179405,0
247583_87596,0
247583_252252,0
247583_62207,1
247583_131192,1
247583_46242,0
247584_122568,0
247584_72621,1
247584_167345,0
247584_19355,1
247584_181089,1
247584_271177,0
247586_61004,1
247586_167656,0
247586_53103,0
247586_49463,1
247586_77711,0
247586_101905,0
247587_264637,1
247587_42375,1
247587_77834,1
247587_257828,1
247587_108161,1
247587_57919,0
247589_138313,1
247589_173786,1
247589_122337,1
247589_259527,1
247589_110091,1
247589_8139,1
247591_34397,1
247591_95851,0
247591_66593,1
247591_198319,1
247591_271100,1
247591_131153,1
247594_155791,1
247594_268787,1
247594_140019,1
247594_287260,1
247594_201464,0
247594_11387,1
247595_87423,0
247595_161474,0
247595_214856,1
247595_138805,0
247595_241006,0
247595_104424,0
247596_135597,1
247596_114730,1
247596_205438,0
247596_154440,1
247596_242160,1
247596_179953,1
247599_281938,0
247599_138728,1
247599_207640,1
247599_225216,0
247599_86640,1
247599_187907,0
247602_111331,1
247602_255065,1
247602_40739,1
247602_278152,1
247602_61277,1
247602_20655,1
247604_146288,0
247604_130721,0
247604_282840,0
247604_138515,1
247604_177497,1
247604_165520,1
247609_104981,0
247609_21853,1
247609_167673,1
247609_81561,1
247609_224337,1
247609_110928,0
247612_34807,1
247612_228746,0
247612_222669,1
247612_103341,1
247612_262534,0
247612_119620,1
247614_17052,0
247614_133985,1
247614_7797,0
247614_291465,1
247614_31836,1
247614_259867,0
247617_132424,1
247617_163682,1
247617_60434,1
247617_112507,0
247617_8669,1
247617_248917,1
247619_39805,1
247619_26847,0
247619_19815,1
247619_79640,1
247619_34084,1
247619_148406,0
247620_261125,0
247620_129117,1
247620_241332,1
247620_98748,0
247620_173383,1
247620_127930,1
247622_159073,0
247622_215738,0
247622_56537,1
247622_13910,1
247622_229015,0
247622_41171,1
247623_108546,0
247623_274571,1
247623_1311,0
247623_230176,1
247623_107671,0
247623_256229,1
247624_95580,1
247624_8332,0
247624_35457,0
247624_84511,0
247624_138863,1
247624_177130,0
247629_115804,0
247629_85942,1
247629_222363,0
247629_210165,1
247629_250753,1
247629_205732,0
247630_190881,1
247630_37702,0
247630_12836,1
247630_77353,0
247630_232857,1
247630_122838,1
247634_112727,1
247634_5292,1
247634_108560,0
247634_218633,0
247634_288925,0
247634_112112,1
247635_233409,1
247635_18645,1
247635_163730,1
247635_294711,1
247635_198929,1
247635_168210,0
247637_26874,1
247637_14876,0
247637_16137,1
247637_289137,0
247637_182793,0
247637_258942,1
247639_36048,1
247639_240854,1
247639_60428,1
247639_1754,0
247639_228676,0
247639_148212,0
247643_257106,0
247643_153914,0
247643_18044,0
247643_99867,1
247643_87058,0
247643_222938,0
247644_238083,1
247644_157486,1
247644_197223,1
247644_293576,1
247644_36408,1
247644_270600,0
247645_55992,1
247645_285324,1
247645_108007,0
247645_26097,1
247645_134403,1
247645_119355,1
247646_145165,0
247646_116415,1
247646_190617,1
247646_15756,0
247646_210380,1
247646_15998,1
247650_110183,1
247650_32721,0
247650_293717,1
247650_52853,0
247650_278438,1
247650_70048,1
247660_141945,1
247660_292962,1
247660_101473,0
247660_185243,1
247660_226093,0
247660_97495,1
247661_24547,0
247661_244768,1
247661_134866,1
247661_102523,1
247661_176659,0
247661_55252,1
247667_183711,1
247667_204503,1
247667_230358,1
247667_169293,1
247667_238892,1
247667_98509,0
247670_16374,0
247670_180229,1
247670_228746,1
247670_220478,1
247670_76477,1
247670_5888,0
247671_150480,0
247671_174448,0
247671_176645,0
247671_184670,0
247671_204859,0
247671_292890,0
247675_175144,1
247675_82422,1
247675_245739,0
247675_155463,1
247675_98106,1
247675_137307,1
247676_42269,0
247676_248136,0
247676_33784,0
247676_285664,0
247676_157784,0
247676_24876,1
247678_249356,1
247678_186862,0
247678_63463,1
247678_274289,0
247678_255392,1
247678_24607,0
247681_131585,1
247681_285702,1
247681_3485,0
247681_84591,1
247681_102112,1
247681_217513,1
247687_127326,1
247687_138834,0
247687_213570,0
247687_22296,1
247687_8280,0
247687_258870,1
247688_270646,0
247688_21400,0
247688_188639,1
247688_31440,1
247688_83057,1
247688_267382,0
247691_99922,1
247691_120403,0
247691_290018,1
247691_28528,1
247691_136523,1
247691_34084,1
247693_182406,0
247693_62181,1
247693_88924,1
247693_35053,0
247693_25244,1
247693_242947,1
247695_119768,1
247695_142205,1
247695_10206,0
247695_193154,1
247695_197418,0
247695_268310,0
247696_137261,1
247696_187050,0
247696_42182,1
247696_121942,0
247696_197908,1
247696_217378,0
247699_80916,1
247699_165413,0
247699_205231,0
247699_69556,0
247699_31300,1
247699_26250,0
247700_129601,1
247700_229966,0
247700_125718,1
247700_173257,1
247700_206346,1
247700_255065,1
247701_116153,1
247701_10678,1
247701_287260,0
247701_13495,1
247701_134944,1
247701_109899,0
247705_74889,0
247705_158281,1
247705_1258,1
247705_98190,0
247705_171092,0
247705_97494,1
247706_201442,1
247706_95949,0
247706_43246,1
247706_114161,0
247706_170606,0
247706_77348,1
247708_270544,1
247708_56619,1
247708_272073,0
247708_49651,1
247708_240403,1
247708_200173,1
247709_197508,0
247709_185348,0
247709_221906,0
247709_274897,1
247709_144357,1
247709_37687,0
247711_44222,1
247711_124487,0
247711_238099,0
247711_272817,0
247711_256821,1
247711_284124,0
247712_180756,1
247712_224746,1
247712_1739,1
247712_290482,0
247712_262711,0
247712_153543,0
247715_292483,0
247715_211236,1
247715_255396,0
247715_72375,1
247715_227397,0
247715_147477,1
247716_119530,0
247716_10453,0
247716_57007,0
247716_277404,0
247716_169325,1
247716_85128,0
247717_59703,1
247717_229966,0
247717_256706,1
247717_253252,1
247717_251279,1
247717_57255,1
247720_58157,0
247720_69178,1
247720_71935,1
247720_110276,1
247720_152518,0
247720_20865,1
247726_266150,0
247726_69420,1
247726_224744,1
247726_236066,0
247726_289237,0
247726_131739,0
247727_50697,0
247727_177900,1
247727_166131,1
247727_242111,0
247727_219973,1
247727_253265,1
247729_184940,0
247729_193410,0
247729_62311,0
247729_266022,0
247729_114465,0
247729_125893,0
247731_131564,1
247731_128768,0
247731_10062,1
247731_130023,1
247731_115825,0
247731_126992,0
247732_157760,0
247732_200233,1
247732_200413,1
247732_44251,1
247732_263903,0
247732_99579,1
247735_4165,1
247735_291760,1
247735_96415,1
247735_204836,1
247735_136392,1
247735_259786,0
247737_157426,1
247737_62297,1
247737_50296,0
247737_118606,1
247737_265348,0
247737_44660,0
247739_116316,0
247739_230284,0
247739_63838,1
247739_137410,0
247739_104683,0
247739_228941,1
247749_87671,1
247749_26197,0
247749_198297,1
247749_229798,0
247749_247218,1
247749_230465,1
247755_175666,0
247755_203468,1
247755_277235,0
247755_57777,0
247755_113789,0
247755_15876,0
247756_130090,0
247756_59723,0
247756_34697,0
247756_102420,0
247756_66816,0
247756_230891,0
247757_10613,0
247757_57114,1
247757_10453,0
247757_34940,0
247757_50624,0
247757_48366,0
247759_110112,0
247759_3109,1
247759_166203,1
247759_69797,1
247759_182318,1
247759_88999,0
247764_37304,1
247764_201876,1
247764_211939,0
247764_43057,1
247764_58978,1
247764_5844,0
247773_264496,1
247773_196960,0
247773_86627,0
247773_86171,1
247773_26074,0
247773_156913,1
247775_29322,1
247775_287949,1
247775_169568,1
247775_155861,1
247775_239150,1
247775_125671,0
247781_21115,1
247781_114635,0
247781_36773,1
247781_129803,1
247781_215158,1
247781_73524,0
247782_150074,0
247782_55591,1
247782_30742,1
247782_24419,0
247782_199742,0
247782_94258,0
247787_172907,0
247787_240854,1
247787_276919,0
247787_65110,1
247787_104050,1
247787_176821,1
247788_278582,1
247788_97418,1
247788_263249,0
247788_240037,0
247788_30845,1
247788_294289,1
247793_146804,1
247793_262192,0
247793_46493,1
247793_159278,0
247793_126002,0
247793_249067,0
247795_67181,0
247795_72239,1
247795_8851,0
247795_146031,1
247795_208526,1
247795_212833,0
247797_279565,1
247797_188589,1
247797_50278,1
247797_73704,1
247797_46365,0
247797_124587,1
247798_141937,1
247798_282646,1
247798_34503,1
247798_91665,1
247798_13965,1
247798_89740,1
247800_269227,0
247800_48963,0
247800_71685,0
247800_41843,0
247800_3324,0
247800_7873,0
247802_532,0
247802_128644,0
247802_56154,1
247802_74202,1
247802_88629,1
247802_268138,0
247803_12357,1
247803_13065,1
247803_200314,1
247803_252503,1
247803_100142,1
247803_200140,1
247804_42050,0
247804_141484,0
247804_66741,0
247804_248331,0
247804_156802,0
247804_56437,0
247805_63296,0
247805_251969,1
247805_196523,1
247805_73719,0
247805_187847,1
247805_278372,0
247812_4494,0
247812_223720,0
247812_4847,0
247812_273836,0
247812_137479,0
247812_52710,1
247817_115598,1
247817_191585,1
247817_15833,0
247817_128141,0
247817_277867,1
247817_145582,1
247826_110918,1
247826_281742,0
247826_151176,0
247826_182869,1
247826_124804,1
247826_23583,0
247831_107707,0
247831_285322,0
247831_199069,1
247831_113043,1
247831_183487,1
247831_158881,0
247832_60937,1
247832_54965,1
247832_205926,0
247832_41316,0
247832_42375,1
247832_286721,0
247834_205419,0
247834_46396,1
247834_196987,1
247834_160270,0
247834_115810,1
247834_226091,0
247835_154220,1
247835_269108,0
247835_74968,1
247835_289237,0
247835_123825,0
247835_188147,1
247839_236909,1
247839_110928,0
247839_85846,0
247839_289291,0
247839_275158,0
247839_62498,1
247840_440,0
247840_191269,1
247840_24078,1
247840_114195,1
247840_292527,1
247840_54469,1
247843_25975,1
247843_132134,1
247843_120535,1
247843_115618,0
247843_193316,1
247843_263372,1
247846_120806,0
247846_125004,1
247846_252040,0
247846_85642,1
247846_46992,0
247846_181408,0
247848_244768,0
247848_250591,0
247848_278233,1
247848_126713,1
247848_172182,0
247848_264790,0
247854_164272,1
247854_141940,0
247854_200767,0
247854_167345,0
247854_42048,0
247854_45942,0
247856_216404,0
247856_103835,0
247856_229894,1
247856_179954,1
247856_30757,1
247856_224851,1
247861_80187,0
247861_36437,1
247861_280192,1
247861_170331,0
247861_85983,1
247861_135921,1
247862_259575,1
247862_32088,0
247862_190883,0
247862_175698,1
247862_159480,1
247862_20866,0
247863_58553,0
247863_116779,0
247863_217635,0
247863_237718,0
247863_71131,0
247863_47553,0
247864_145639,1
247864_56707,0
247864_267581,0
247864_165347,1
247864_204859,1
247864_59544,1
247866_244197,1
247866_9390,1
247866_106788,1
247866_232937,0
247866_228261,0
247866_56334,1
247868_261844,1
247868_5869,1
247868_87654,1
247868_230910,1
247868_200797,1
247868_262205,0
247870_5844,1
247870_19421,1
247870_67907,0
247870_151109,0
247870_148294,1
247870_17494,0
247874_27649,0
247874_131155,1
247874_176515,1
247874_294134,1
247874_17774,1
247874_225432,1
247876_155907,0
247876_247272,0
247876_264861,0
247876_167647,0
247876_164105,1
247876_498,0
247883_76047,1
247883_241663,1
247883_1568,1
247883_25155,0
247883_190462,0
247883_245251,0
247885_232977,0
247885_94531,0
247885_164976,0
247885_90219,0
247885_61826,0
247885_1100,0
247887_78875,0
247887_78157,1
247887_294724,0
247887_208962,1
247887_249251,1
247887_67288,0
247889_288302,1
247889_216434,1
247889_158015,1
247889_213674,1
247889_250273,1
247889_138248,1
247891_102944,0
247891_107731,0
247891_150186,0
247891_65451,1
247891_79655,1
247891_37517,1
247892_169120,1
247892_112918,1
247892_163317,1
247892_11483,1
247892_79655,1
247892_38168,1
247898_27426,1
247898_126448,1
247898_218238,1
247898_123625,0
247898_71805,1
247898_220911,1
247899_78187,0
247899_94498,0
247899_121834,0
247899_91076,0
247899_50631,0
247899_220488,1
247904_35669,0
247904_56811,0
247904_187117,0
247904_213263,0
247904_220488,0
247904_25866,0
247905_156108,0
247905_216082,1
247905_59326,1
247905_114634,1
247905_8841,0
247905_38168,1
247906_281079,0
247906_70961,1
247906_166521,1
247906_210069,1
247906_92230,0
247906_39986,1
247910_49716,1
247910_70452,0
247910_173100,1
247910_282782,1
247910_256065,0
247910_129240,1
247912_10245,0
247912_6234,0
247912_211184,1
247912_20648,0
247912_152626,1
247912_248820,1
247914_153183,1
247914_44927,1
247914_185164,0
247914_185569,1
247914_46661,0
247914_275596,1
247915_63542,1
247915_201191,1
247915_151595,1
247915_262477,1
247915_56551,1
247915_255093,1
247916_211030,1
247916_211630,1
247916_288544,1
247916_60023,0
247916_105926,0
247916_138515,1
247917_35669,0
247917_52613,0
247917_10234,1
247917_164255,0
247917_163568,1
247917_180759,0
247921_86535,0
247921_273622,1
247921_133778,0
247921_263727,1
247921_275056,1
247921_26094,0
247922_175927,0
247922_278582,1
247922_268038,0
247922_84662,1
247922_256132,1
247922_208814,0
247926_146052,0
247926_39046,1
247926_137079,0
247926_214776,1
247926_140019,1
247926_125720,0
247927_203540,1
247927_138333,1
247927_4929,0
247927_173257,0
247927_222443,1
247927_281141,1
247930_289833,0
247930_140880,0
247930_211093,1
247930_152821,1
247930_29894,1
247930_13065,1
247931_83159,0
247931_170809,0
247931_171303,0
247931_91615,0
247931_104542,0
247931_87671,0
247932_173545,0
247932_21220,1
247932_151926,0
247932_100831,1
247932_130771,1
247932_142408,1
247941_294724,1
247941_67576,0
247941_71945,1
247941_43114,1
247941_238365,0
247941_97256,1
247944_276004,1
247944_220478,1
247944_103254,0
247944_9020,1
247944_99894,1
247944_104839,1
247945_139427,1
247945_218112,0
247945_126976,0
247945_187117,1
247945_91591,1
247945_149254,1
247950_171217,1
247950_171087,1
247950_137128,0
247950_68591,1
247950_187564,1
247950_282320,0
247951_63737,1
247951_218956,1
247951_95764,1
247951_52956,1
247951_243603,0
247951_199756,1
247955_167930,1
247955_159726,1
247955_70979,1
247955_108161,1
247955_25303,0
247955_218977,1
247959_46246,1
247959_105926,0
247959_288503,0
247959_185165,1
247959_138621,1
247959_171065,0
247964_158931,0
247964_139963,0
247964_82535,0
247964_171742,0
247964_44660,0
247964_34930,0
247967_38753,0
247967_289106,0
247967_269752,0
247967_22165,0
247967_144882,0
247967_165462,0
247971_82310,0
247971_77620,1
247971_161182,1
247971_104928,1
247971_108855,0
247971_5624,1
247976_191403,1
247976_71414,1
247976_179899,1
247976_291250,0
247976_4896,0
247976_246215,0
247977_17323,1
247977_275222,0
247977_143496,0
247977_111718,0
247977_269647,0
247977_124029,0
247980_199358,1
247980_152182,0
247980_50869,0
247980_37749,1
247980_73982,0
247980_95169,1
247982_210355,0
247982_124461,0
247982_106318,0
247982_266253,0
247982_264562,0
247982_184275,0
247987_45223,0
247987_206030,1
247987_189153,0
247987_235754,1
247987_175995,1
247987_44617,0
247992_282739,1
247992_56551,1
247992_197995,1
247992_19482,1
247992_289833,0
247992_2503,1
247994_261695,0
247994_166444,1
247994_154001,0
247994_126667,0
247994_37842,0
247994_187050,1
248000_41816,0
248000_90340,0
248000_273364,0
248000_268444,1
248000_294134,1
248000_117756,1
248001_107168,1
248001_28898,0
248001_223535,0
248001_153630,0
248001_109362,0
248001_250273,1
248005_124086,1
248005_31075,1
248005_124387,1
248005_152875,0
248005_114534,1
248005_187589,1
248008_4558,0
248008_39783,1
248008_68128,0
248008_191460,1
248008_206850,1
248008_84462,0
248009_91526,1
248009_150579,1
248009_68434,1
248009_111807,1
248009_224054,1
248009_111375,1
248012_291985,1
248012_177717,1
248012_262944,0
248012_37259,1
248012_82912,1
248012_295900,1
248013_282197,0
248013_140602,1
248013_107923,0
248013_267796,0
248013_218818,0
248013_115550,0
248018_256819,1
248018_283448,1
248018_38165,1
248018_73557,1
248018_15281,0
248018_280807,1
248022_79046,0
248022_112084,0
248022_107959,1
248022_21176,1
248022_206904,0
248022_19138,0
248023_168215,0
248023_286365,1
248023_197997,1
248023_201448,1
248023_83319,0
248023_174728,1
248024_24878,1
248024_174387,0
248024_8691,1
248024_69797,0
248024_65454,0
248024_109667,0
248027_63340,0
248027_221149,0
248027_121772,0
248027_185295,0
248027_261450,1
248027_67081,1
248029_177255,1
248029_143789,0
248029_192889,0
248029_218867,1
248029_227732,1
248029_198948,0
248034_104542,0
248034_237258,0
248034_52527,0
248034_183872,0
248034_48450,0
248034_186581,0
248035_149725,1
248035_272223,1
248035_246593,1
248035_104207,1
248035_208445,1
248035_4456,0
248040_231566,0
248040_47916,0
248040_281818,1
248040_100138,0
248040_71099,1
248040_183872,1
248042_138963,0
248042_87423,1
248042_7031,1
248042_49270,0
248042_138112,0
248042_205018,1
248046_237860,1
248046_271416,0
248046_43873,1
248046_70188,1
248046_129274,0
248046_148030,1
248047_186531,0
248047_258448,1
248047_208284,1
248047_110266,0
248047_255903,0
248047_168643,1
248048_83688,1
248048_30742,0
248048_17302,1
248048_164591,1
248048_163081,1
248048_65343,1
248051_142844,1
248051_284756,1
248051_260444,1
248051_112760,1
248051_217308,1
248051_121695,1
248052_51525,1
248052_242156,0
248052_17732,1
248052_50778,1
248052_100831,1
248052_112781,0
248058_42632,1
248058_56736,0
248058_95740,0
248058_225418,1
248058_4770,1
248058_284756,1
248062_233857,1
248062_81454,1
248062_151264,1
248062_139963,0
248062_226392,0
248062_249702,0
248064_201647,1
248064_165106,0
248064_134845,1
248064_187314,0
248064_33163,0
248064_231218,1
248065_157572,1
248065_253746,1
248065_106428,0
248065_47481,0
248065_117875,0
248065_165569,1
248071_2538,1
248071_239052,0
248071_266728,1
248071_13840,0
248071_84753,0
248071_218867,1
248073_250273,1
248073_1414,0
248073_254020,0
248073_160396,1
248073_68761,0
248073_118725,0
248078_159935,1
248078_98640,1
248078_215859,1
248078_60404,1
248078_37384,0
248078_273258,0
248079_34693,0
248079_478,1
248079_251785,0
248079_194946,1
248079_130436,0
248079_201987,1
248080_260633,0
248080_223368,1
248080_217698,1
248080_171707,1
248080_110864,1
248080_266500,1
248081_86732,0
248081_142715,1
248081_258792,0
248081_64593,0
248081_170395,0
248081_217557,1
248090_209225,0
248090_94809,0
248090_250877,0
248090_79309,1
248090_187794,1
248090_68040,0
248092_31630,1
248092_275092,0
248092_36911,1
248092_196539,0
248092_259194,1
248092_21471,0
248093_276868,0
248093_72027,0
248093_53396,0
248093_269171,1
248093_208284,1
248093_55120,1
248094_138706,0
248094_167750,0
248094_151924,0
248094_473,1
248094_39256,0
248094_236443,1
248097_188676,0
248097_139096,0
248097_59479,0
248097_202939,0
248097_1158,0
248097_259359,0
248099_202882,1
248099_160928,1
248099_166159,1
248099_165653,1
248099_56811,1
248099_58295,1
248104_256117,1
248104_44110,1
248104_289276,0
248104_231015,0
248104_103044,0
248104_39791,1
248106_187321,1
248106_163933,1
248106_104207,1
248106_68327,0
248106_101871,1
248106_82931,1
248110_236674,1
248110_219283,1
248110_225437,0
248110_281450,1
248110_76567,0
248110_67733,1
248112_137626,0
248112_141875,1
248112_203077,1
248112_65494,1
248112_185733,1
248112_128579,1
248113_51682,1
248113_152490,1
248113_26560,0
248113_106361,0
248113_245097,1
248113_7375,1
248116_104483,0
248116_274931,0
248116_245936,1
248116_52613,0
248116_240478,1
248116_260905,1
248118_71402,0
248118_148419,0
248118_72517,1
248118_114881,1
248118_182278,0
248118_278152,1
248120_230469,0
248120_24823,0
248120_105125,0
248120_129067,1
248120_285250,0
248120_1874,0
248121_181941,1
248121_280287,1
248121_9946,1
248121_202140,1
248121_222259,0
248121_247280,0
248122_149971,0
248122_69129,1
248122_166675,1
248122_94723,0
248122_113951,0
248122_137128,1
248123_128038,0
248123_61529,0
248123_244768,1
248123_80686,0
248123_38930,0
248123_61187,1
248128_265295,1
248128_143258,0
248128_87239,1
248128_30318,1
248128_49793,1
248128_193856,0
248129_65935,0
248129_60913,0
248129_171373,1
248129_119280,0
248129_28053,0
248129_138384,1
248130_36181,0
248130_190420,0
248130_197914,0
248130_116613,0
248130_215158,1
248130_272845,1
248131_173538,0
248131_67602,1
248131_27852,1
248131_294134,0
248131_220488,1
248131_14542,0
248133_75813,1
248133_153923,1
248133_6064,1
248133_291976,1
248133_45685,1
248133_202160,1
248134_64045,0
248134_46661,1
248134_227199,1
248134_247711,1
248134_21548,1
248134_233572,1
248135_183841,0
248135_179603,0
248135_69175,0
248135_21365,1
248135_218730,0
248135_128323,0
248136_138168,1
248136_108977,0
248136_282608,1
248136_189941,1
248136_65621,1
248136_264787,0
248137_277773,0
248137_232559,1
248137_85777,1
248137_231072,0
248137_160321,1
248137_169932,0
248138_152518,1
248138_140128,1
248138_41843,1
248138_69821,1
248138_23288,1
248138_226836,1
248140_53085,1
248140_222878,0
248140_129410,1
248140_88927,0
248140_181146,0
248140_113067,0
248141_165136,1
248141_192239,0
248141_258802,0
248141_230019,1
248141_92075,0
248141_15234,1
248142_132777,0
248142_167292,0
248142_293232,1
248142_250232,0
248142_185962,1
248142_124246,1
248144_93470,0
248144_187497,1
248144_168755,1
248144_80050,0
248144_77785,1
248144_177900,1
248145_208716,0
248145_162897,1
248145_16970,0
248145_199254,0
248145_120138,0
248145_125513,1
248146_242280,1
248146_96412,0
248146_80129,1
248146_150186,1
248146_18080,0
248146_14891,0
248148_162690,1
248148_234906,1
248148_122951,1
248148_18674,1
248148_181496,1
248148_198621,1
248149_155058,1
248149_79042,0
248149_98977,0
248149_14119,0
248149_98818,1
248149_35669,0
248153_186534,0
248153_126448,1
248153_100669,0
248153_265287,0
248153_22704,0
248153_23822,1
248155_178208,1
248155_132388,0
248155_257168,1
248155_99714,0
248155_29282,1
248155_41532,0
248158_159073,1
248158_132540,1
248158_99603,1
248158_169308,1
248158_242102,1
248158_212847,1
248160_30332,0
248160_155158,1
248160_82772,1
248160_80629,1
248160_30318,1
248160_26092,0
248161_228042,0
248161_250696,0
248161_104584,0
248161_47025,1
248161_243655,1
248161_105153,1
248162_286358,0
248162_46746,0
248162_192185,1
248162_12922,1
248162_173257,1
248162_114265,1
248171_152983,0
248171_107814,0
248171_132443,0
248171_199897,0
248171_39465,0
248171_59361,0
248177_74010,1
248177_152151,1
248177_114412,1
248177_230797,1
248177_102272,1
248177_92267,0
248179_86017,1
248179_46841,0
248179_291495,0
248179_280192,1
248179_231206,0
248179_61277,1
248181_76560,0
248181_166379,0
248181_34912,1
248181_12821,1
248181_247423,0
248181_294067,1
248182_209764,0
248182_208789,1
248182_289559,1
248182_54042,0
248182_17979,0
248182_146723,0
248187_53378,1
248187_204981,1
248187_210380,0
248187_222732,1
248187_129684,1
248187_146569,1
248188_281215,1
248188_14595,0
248188_139136,1
248188_156410,0
248188_218432,1
248188_103546,0
248193_210426,0
248193_80149,1
248193_14432,1
248193_224337,0
248193_208352,0
248193_127691,1
248197_51311,0
248197_4511,0
248197_267955,1
248197_292533,0
248197_207900,1
248197_79309,1
248202_57816,1
248202_120154,0
248202_179511,0
248202_278664,1
248202_231647,1
248202_214837,0
248203_264582,1
248203_99013,0
248203_82192,1
248203_37661,1
248203_124387,1
248203_207882,1
248205_129610,1
248205_282786,1
248205_48019,1
248205_273201,1
248205_125867,1
248205_126366,1
248208_120535,0
248208_14824,1
248208_90834,1
248208_228920,0
248208_178625,1
248208_259880,1
248209_132076,1
248209_129467,1
248209_291323,0
248209_94303,0
248209_197189,1
248209_102270,1
248213_146570,1
248213_278448,1
248213_284419,1
248213_53508,1
248213_216947,0
248213_142844,0
248214_246807,1
248214_294724,0
248214_58361,0
248214_254873,0
248214_245336,1
248214_139397,1
248219_106751,0
248219_56551,0
248219_85128,0
248219_238083,0
248219_230677,1
248219_248986,0
248220_62493,1
248220_42324,0
248220_42316,1
248220_192476,0
248220_202918,1
248220_164679,1
248224_238906,1
248224_269975,1
248224_126992,1
248224_194579,0
248224_92417,1
248224_139319,1
248226_220973,1
248226_215511,0
248226_273057,0
248226_26594,0
248226_129684,1
248226_56720,1
248227_200013,1
248227_256740,0
248227_266657,1
248227_3506,1
248227_155825,0
248227_202784,0
248230_14091,0
248230_153442,1
248230_223276,0
248230_141865,0
248230_27830,0
248230_145221,1
248233_36270,0
248233_102656,0
248233_71290,0
248233_53767,0
248233_149751,1
248233_142802,0
248234_103558,0
248234_63996,1
248234_271586,0
248234_9209,0
248234_140849,0
248234_100597,0
248236_69594,0
248236_105828,1
248236_80165,1
248236_76465,0
248236_98116,1
248236_140494,1
248238_286151,0
248238_171532,0
248238_97179,0
248238_64711,0
248238_72644,0
248238_125926,0
248241_262955,1
248241_226889,1
248241_9514,1
248241_73720,1
248241_164981,1
248241_203092,1
248243_184020,0
248243_200432,0
248243_229074,0
248243_88829,1
248243_33096,1
248243_198994,1
248244_262955,1
248244_225329,1
248244_14795,0
248244_196488,0
248244_210524,0
248244_100621,1
248246_107172,1
248246_209577,0
248246_175211,0
248246_194234,0
248246_137471,1
248246_49962,1
248255_31525,1
248255_204640,1
248255_107844,0
248255_70122,1
248255_200574,1
248255_181720,0
248260_171594,1
248260_276760,1
248260_125536,1
248260_283014,0
248260_239615,1
248260_37960,0
248261_31436,1
248261_100149,0
248261_252356,1
248261_9464,1
248261_123519,0
248261_107320,0
248263_283466,0
248263_46661,0
248263_174271,1
248263_28866,0
248263_231680,1
248263_269421,1
248269_107603,0
248269_184453,1
248269_203633,1
248269_80992,1
248269_287338,1
248269_121609,1
248270_239698,1
248270_100925,1
248270_1418,0
248270_154243,1
248270_249728,1
248270_25855,1
248280_83187,1
248280_232322,0
248280_78278,0
248280_275559,1
248280_199427,0
248280_291239,1
248281_95503,1
248281_236941,1
248281_90085,1
248281_11769,0
248281_254494,1
248281_176776,1
248282_27,1
248282_26716,1
248282_42972,1
248282_39072,1
248282_180407,1
248282_187181,0
248283_213220,0
248283_107117,0
248283_32878,0
248283_21853,1
248283_7774,0
248283_66831,0
248285_243276,0
248285_120120,1
248285_287449,0
248285_222956,1
248285_109024,0
248285_215212,0
248288_38557,1
248288_134403,1
248288_265505,1
248288_222628,1
248288_277481,1
248288_118284,0
248290_97522,0
248290_12836,0
248290_23679,0
248290_292494,0
248290_292406,0
248290_66042,1
248292_214505,1
248292_214873,0
248292_242342,1
248292_227290,0
248292_92449,1
248292_29894,0
248293_254181,1
248293_262193,1
248293_114920,0
248293_85352,0
248293_260119,0
248293_118129,0
248294_252302,1
248294_98509,0
248294_285365,1
248294_271351,0
248294_36246,0
248294_243378,1
248296_213974,1
248296_281521,1
248296_11229,1
248296_235551,0
248296_199179,0
248296_148727,1
248298_47805,0
248298_107923,0
248298_68218,0
248298_73557,1
248298_262193,1
248298_7596,1
248300_115656,1
248300_264152,0
248300_156230,0
248300_112142,1
248300_263647,1
248300_203839,0
248302_210982,1
248302_257737,1
248302_254869,1
248302_112506,0
248302_216550,0
248302_101044,1
248304_177230,1
248304_1579,0
248304_278582,1
248304_39314,1
248304_260511,1
248304_241288,1
248305_169575,0
248305_292527,0
248305_23501,0
248305_294196,0
248305_181149,0
248305_253717,1
248306_163317,0
248306_167750,1
248306_124109,1
248306_193234,0
248306_215398,0
248306_40041,1
248310_176047,0
248310_82790,1
248310_203014,1
248310_292765,0
248310_281818,0
248310_173038,1
248315_151524,0
248315_204244,0
248315_125110,0
248315_226878,0
248315_243801,0
248315_125958,0
248317_140019,1
248317_100174,1
248317_131453,1
248317_191616,0
248317_106393,0
248317_188703,1
248319_276615,1
248319_91021,1
248319_20101,1
248319_190748,0
248319_268779,1
248319_118998,1
248323_254438,1
248323_219846,0
248323_271100,1
248323_108120,1
248323_30318,0
248323_278459,1
248325_46675,1
248325_253545,1
248325_245835,0
248325_86427,1
248325_170370,0
248325_193883,1
248329_156681,1
248329_61277,0
248329_20617,1
248329_90706,1
248329_160977,0
248329_273059,0
248330_207110,1
248330_1086,0
248330_89616,1
248330_18486,1
248330_251253,1
248330_205009,1
248331_291238,1
248331_219794,1
248331_155888,0
248331_185235,1
248331_266465,1
248331_225410,1
248332_243378,1
248332_88278,1
248332_145494,0
248332_100669,0
248332_144581,1
248332_184807,0
248333_232389,0
248333_224568,0
248333_273207,0
248333_212179,0
248333_192591,0
248333_30742,1
248334_108507,0
248334_19357,1
248334_255446,1
248334_121095,0
248334_75453,0
248334_153183,1
248337_116365,1
248337_37099,1
248337_172968,1
248337_201708,1
248337_147494,0
248337_9151,1
248340_95501,1
248340_284539,0
248340_162965,1
248340_39754,1
248340_124109,1
248340_146141,0
248342_44287,1
248342_92768,1
248342_128172,0
248342_246593,1
248342_206044,1
248342_235208,0
248347_251902,1
248347_253231,1
248347_229952,1
248347_104050,1
248347_122984,0
248347_48048,0
248348_131633,0
248348_38570,0
248348_112275,1
248348_221717,1
248348_102282,0
248348_96670,1
248349_282216,0
248349_144241,0
248349_271620,0
248349_77221,0
248349_215325,0
248349_29894,0
248350_140270,0
248350_44290,0
248350_216933,1
248350_36934,0
248350_226946,1
248350_37773,0
248353_78288,0
248353_190423,0
248353_284065,0
248353_113179,1
248353_105782,1
248353_60810,1
248356_55941,1
248356_262798,1
248356_248261,1
248356_254555,0
248356_247077,0
248356_159804,0
248361_283873,1
248361_7712,0
248361_3939,1
248361_18075,0
248361_193094,1
248361_85057,1
248362_235100,0
248362_68864,1
248362_150313,1
248362_148730,1
248362_205119,1
248362_69797,1
248363_218796,0
248363_272575,1
248363_184691,1
248363_290246,1
248363_48639,1
248363_180408,1
248364_157129,1
248364_233234,0
248364_236692,1
248364_92035,0
248364_148670,1
248364_119006,0
248365_40250,0
248365_115028,0
248365_203139,0
248365_120609,0
248365_101816,0
248365_142130,1
248368_250410,1
248368_39046,1
248368_16888,1
248368_265400,1
248368_17785,1
248368_111308,0
248371_93084,1
248371_77246,1
248371_141211,0
248371_256844,0
248371_103870,1
248371_68624,0
248374_155463,1
248374_205370,0
248374_226430,0
248374_121931,0
248374_232559,1
248374_30742,1
248376_67793,0
248376_285278,0
248376_165750,0
248376_286329,1
248376_185348,1
248376_210491,0
248378_7596,1
248378_95726,1
248378_228782,0
248378_5844,1
248378_216947,0
248378_49963,0
248380_49422,0
248380_80360,0
248380_143565,0
248380_278233,0
248380_79655,0
248380_97461,0
248383_94498,1
248383_296016,1
248383_200761,1
248383_220024,0
248383_15876,1
248383_81602,0
248384_200644,0
248384_24632,1
248384_127061,1
248384_156013,0
248384_148716,0
248384_8252,0
248385_95312,1
248385_188639,1
248385_282569,1
248385_107690,0
248385_226304,0
248385_246743,1
248388_276843,0
248388_178167,1
248388_128338,0
248388_175928,0
248388_108780,1
248388_21393,0
248391_57523,0
248391_271488,0
248391_206385,0
248391_81234,0
248391_87930,0
248391_238206,0
248393_62217,1
248393_276815,1
248393_39754,1
248393_219478,1
248393_26076,0
248393_126693,0
248401_211123,0
248401_160238,1
248401_65013,0
248401_219075,0
248401_115095,0
248401_9717,1
248404_232294,0
248404_21479,0
248404_142781,0
248404_55412,1
248404_277978,0
248404_166729,1
248405_219838,1
248405_98145,1
248405_283258,1
248405_125508,0
248405_184252,1
248405_217997,1
248413_11116,1
248413_122933,1
248413_134414,0
248413_273223,0
248413_294674,0
248413_29228,0
248415_204850,0
248415_163853,0
248415_33827,0
248415_149432,0
248415_150772,0
248415_212460,0
248417_106788,1
248417_96472,1
248417_229966,0
248417_289911,1
248417_254015,1
248417_45668,1
248421_138809,1
248421_228938,1
248421_283956,0
248421_20726,0
248421_116510,1
248421_7845,1
248423_3413,1
248423_43853,0
248423_47125,0
248423_212060,0
248423_109024,1
248423_21072,1
248427_27929,0
248427_272769,0
248427_293929,1
248427_145124,1
248427_269600,0
248427_163647,1
248429_43391,1
248429_144424,1
248429_92196,0
248429_26012,1
248429_97007,0
248429_130771,0
248432_180048,0
248432_198637,0
248432_283168,0
248432_61420,1
248432_36994,1
248432_195488,1
248433_38015,1
248433_286001,1
248433_225414,1
248433_230019,0
248433_56092,1
248433_201191,1
248434_184076,0
248434_69943,1
248434_215567,0
248434_212122,0
248434_48189,0
248434_72517,1
248435_105946,1
248435_234270,1
248435_290629,1
248435_265599,1
248435_231293,1
248435_164677,1
248436_200574,0
248436_200378,0
248436_11535,1
248436_276467,1
248436_102110,0
248436_216012,1
248437_252799,0
248437_120535,0
248437_171903,1
248437_172970,0
248437_52170,0
248437_229304,1
248442_236027,0
248442_262075,0
248442_242334,0
248442_25349,0
248442_169441,0
248442_118903,1
248447_3569,1
248447_222894,0
248447_188838,1
248447_294944,1
248447_43783,1
248447_241106,1
248450_9268,0
248450_177927,0
248450_151010,0
248450_271041,1
248450_44453,1
248450_108120,1
248453_121776,1
248453_294120,1
248453_241491,1
248453_171543,1
248453_3109,1
248453_198929,1
248456_108675,1
248456_5844,1
248456_272859,0
248456_107137,1
248456_59211,1
248456_167451,0
248461_93036,0
248461_8667,0
248461_201658,0
248461_159840,1
248461_1447,1
248461_222920,1
248462_109024,0
248462_284020,0
248462_120535,0
248462_199571,0
248462_116597,0
248462_199905,0
248463_52384,1
248463_208113,1
248463_198073,0
248463_77140,0
248463_289153,1
248463_241491,1
248467_98915,1
248467_8544,1
248467_219983,0
248467_155355,0
248467_154413,1
248467_115231,0
248470_115569,0
248470_38543,0
248470_172279,0
248470_184306,0
248470_66593,0
248470_168707,0
248477_162068,0
248477_139750,1
248477_249993,1
248477_231206,0
248477_31823,1
248477_177602,1
248483_59721,0
248483_44723,0
248483_20968,0
248483_131164,0
248483_119743,0
248483_136273,0
248488_33603,1
248488_30604,1
248488_106788,0
248488_98681,0
248488_99832,0
248488_262534,1
248489_3309,1
248489_189823,1
248489_140945,0
248489_45786,0
248489_188656,0
248489_118285,1
248491_55578,1
248491_39253,1
248491_175663,1
248491_18689,0
248491_250293,0
248491_115209,0
248492_6898,1
248492_67013,0
248492_180306,1
248492_4145,0
248492_119755,1
248492_233073,1
248493_159622,1
248493_51849,0
248493_256525,0
248493_67957,0
248493_85663,0
248493_88448,1
248494_243936,1
248494_152518,0
248494_287383,1
248494_74882,0
248494_71012,1
248494_125720,1
248499_150469,0
248499_111720,0
248499_28301,0
248499_186149,1
248499_80583,1
248499_216929,1
248502_4726,1
248502_153565,0
248502_52046,1
248502_35367,1
248502_256232,0
248502_96562,0
248504_79787,0
248504_100550,0
248504_193134,0
248504_94829,0
248504_33163,0
248504_208739,0
248505_220897,0
248505_12396,1
248505_64402,0
248505_211373,1
248505_39252,1
248505_59426,1
248508_56437,1
248508_55575,1
248508_144993,1
248508_130547,1
248508_22466,1
248508_272865,1
248510_226781,1
248510_21157,1
248510_295536,1
248510_108973,1
248510_37517,1
248510_231030,1
248513_147450,1
248513_238906,0
248513_185815,0
248513_271459,0
248513_83417,0
248513_270480,0
248515_286001,0
248515_155463,1
248515_55575,1
248515_249735,1
248515_76685,1
248515_115355,1
248516_250921,0
248516_21593,0
248516_282534,0
248516_14390,1
248516_93759,1
248516_139579,1
248518_291495,1
248518_104584,1
248518_265106,1
248518_215631,1
248518_230421,0
248518_59528,0
248520_55598,0
248520_39381,1
248520_188137,0
248520_186507,0
248520_115145,1
248520_1779,0
248521_274036,0
248521_207452,0
248521_110808,0
248521_241592,0
248521_76408,1
248521_148398,0
248522_76960,0
248522_29189,1
248522_11594,1
248522_293595,0
248522_216902,1
248522_228892,0
248525_60428,0
248525_37667,0
248525_221371,1
248525_123687,0
248525_116055,0
248525_169178,1
248529_88686,0
248529_83901,1
248529_70555,1
248529_269998,1
248529_153606,0
248529_47025,0
248530_38084,0
248530_150313,1
248530_7397,1
248530_243801,1
248530_177355,0
248530_220067,0
248531_236653,0
248531_71402,0
248531_145099,0
248531_52613,0
248531_216136,1
248531_279219,1
248533_14472,0
248533_3856,0
248533_1044,0
248533_130771,0
248533_88643,1
248533_248189,0
248535_237564,1
248535_93184,0
248535_94784,0
248535_187388,1
248535_57198,1
248535_191175,0
248537_260350,1
248537_85696,1
248537_20010,0
248537_83187,1
248537_16116,1
248537_225988,1
248540_166203,1
248540_54683,1
248540_104207,1
248540_226320,1
248540_235427,1
248540_172561,1
248544_179292,1
248544_109888,0
248544_222999,1
248544_196197,0
248544_261695,1
248544_155727,1
248546_165136,1
248546_135799,1
248546_235341,1
248546_33195,1
248546_102547,0
248546_256232,0
248549_237527,0
248549_226138,0
248549_152626,0
248549_128562,0
248549_142715,0
248549_240753,0
248550_138809,0
248550_39447,0
248550_95924,0
248550_161641,0
248550_131968,0
248550_77015,0
248551_218525,1
248551_188695,1
248551_234432,1
248551_166592,1
248551_108120,1
248551_24166,1
248552_156479,1
248552_267806,1
248552_216902,0
248552_227397,1
248552_22920,0
248552_185349,1
248559_281079,1
248559_94963,0
248559_26594,1
248559_232467,1
248559_15798,0
248559_255102,1
248560_189306,0
248560_115656,1
248560_189328,0
248560_165215,1
248560_226836,0
248560_72517,1
248568_234891,1
248568_260905,1
248568_284781,0
248568_8507,0
248568_32406,1
248568_153923,0
248571_152557,0
248571_66943,0
248571_122724,0
248571_8349,0
248571_15641,0
248571_81751,0
248573_63518,1
248573_257683,0
248573_264274,1
248573_139341,0
248573_164196,1
248573_13400,1
248574_143108,0
248574_55630,1
248574_156689,0
248574_1618,0
248574_100659,0
248574_46842,1
248575_186529,1
248575_53284,0
248575_201966,1
248575_140230,1
248575_175571,1
248575_295546,1
248582_282010,1
248582_84528,1
248582_180619,1
248582_190488,0
248582_203163,1
248582_92910,1
248587_268038,1
248587_272661,1
248587_244194,1
248587_188058,1
248587_22963,1
248587_243109,0
248589_110260,0
248589_68137,1
248589_61778,1
248589_9852,1
248589_79199,0
248589_232977,1
248593_79270,1
248593_123367,1
248593_89130,1
248593_107129,0
248593_55085,0
248593_172634,0
248595_235427,0
248595_280452,1
248595_151189,0
248595_36186,1
248595_133694,0
248595_124080,1
248599_17759,0
248599_73181,0
248599_83093,0
248599_272720,0
248599_262438,0
248599_142675,0
248601_265986,0
248601_76520,1
248601_51173,1
248601_253714,0
248601_173657,0
248601_218537,1
248603_186402,1
248603_79332,0
248603_53676,0
248603_73768,0
248603_24582,1
248603_18691,1
248605_195069,1
248605_49928,1
248605_119836,1
248605_178054,0
248605_239282,1
248605_3593,0
248608_162550,1
248608_288536,1
248608_151830,1
248608_229243,1
248608_84938,1
248608_61235,1
248611_35669,1
248611_2141,1
248611_241265,1
248611_263027,1
248611_153551,1
248611_246627,0
248616_64855,1
248616_248779,0
248616_269939,1
248616_66741,1
248616_20381,1
248616_84824,1
248617_211110,0
248617_35669,0
248617_10224,0
248617_249180,0
248617_277360,0
248617_106428,0
248622_256111,0
248622_134442,1
248622_150719,1
248622_124717,1
248622_207440,0
248622_33379,0
248632_288249,0
248632_150895,0
248632_110171,1
248632_207285,0
248632_267130,0
248632_136523,1
248633_212439,1
248633_163682,0
248633_150120,0
248633_181640,0
248633_193756,1
248633_159965,0
248634_83908,1
248634_103575,0
248634_31868,0
248634_41340,1
248634_97538,1
248634_220435,1
248640_144499,1
248640_264614,1
248640_234971,0
248640_7188,1
248640_126308,1
248640_173200,0
248642_29133,1
248642_225341,0
248642_198890,1
248642_36652,1
248642_214511,0
248642_154286,1
248650_89430,1
248650_240586,0
248650_182000,0
248650_187545,1
248650_53802,0
248650_54892,1
248651_36888,1
248651_56018,1
248651_49407,0
248651_217185,1
248651_41013,1
248651_73459,1
248652_219396,0
248652_163230,0
248652_155101,0
248652_256174,0
248652_70306,0
248652_248618,0
248654_272652,0
248654_122434,0
248654_112535,0
248654_144836,0
248654_131453,0
248654_107420,0
248656_199132,0
248656_113062,0
248656_236910,0
248656_74025,0
248656_150618,0
248656_211400,1
248659_231779,1
248659_69847,1
248659_142878,1
248659_114056,1
248659_56811,1
248659_197524,1
248662_288091,1
248662_217825,1
248662_196134,0
248662_46756,1
248662_113233,1
248662_10422,1
248669_198712,0
248669_24970,0
248669_273123,0
248669_7342,1
248669_135224,0
248669_82277,0
248670_112824,1
248670_264416,1
248670_220488,1
248670_272223,1
248670_4130,1
248670_79224,0
248671_61004,1
248671_54887,1
248671_78261,1
248671_177205,1
248671_281016,1
248671_83265,1
248673_225024,1
248673_167345,1
248673_17790,1
248673_206018,1
248673_70627,0
248673_1779,0
248674_201109,0
248674_65495,1
248674_113137,0
248674_63156,1
248674_86862,0
248674_163948,1
248676_244775,1
248676_126490,1
248676_153787,1
248676_293270,1
248676_249003,1
248676_84703,0
248678_82535,0
248678_5844,1
248678_14303,0
248678_252011,1
248678_295565,1
248678_31162,0
248679_42369,0
248679_215676,0
248679_128424,0
248679_176385,1
248679_156247,1
248679_256132,0
248681_157691,1
248681_67562,0
248681_88840,1
248681_38630,1
248681_104573,1
248681_258411,1
248685_197975,0
248685_224077,0
248685_147585,1
248685_164753,1
248685_180937,1
248685_226023,0
248690_148537,1
248690_92793,0
248690_191712,1
248690_125944,0
248690_147855,0
248690_261123,1
248691_260277,0
248691_169310,1
248691_294205,1
248691_273175,1
248691_171975,1
248691_224623,0
248695_175928,1
248695_111151,0
248695_88231,1
248695_76222,1
248695_15776,0
248695_242808,0
248696_94390,0
248696_187565,0
248696_49317,1
248696_47971,1
248696_214336,0
248696_255154,0
248701_254634,1
248701_44166,0
248701_129413,1
248701_73207,0
248701_150120,1
248701_190037,1
248702_227478,0
248702_50100,0
248702_42375,0
248702_286862,0
248702_95432,0
248702_134375,0
248703_199876,0
248703_286395,0
248703_217567,1
248703_133601,1
248703_136275,0
248703_262617,1
248705_113742,1
248705_184253,1
248705_99448,1
248705_212439,1
248705_202485,1
248705_50628,1
248706_21274,0
248706_7375,1
248706_80193,0
248706_252052,1
248706_295050,1
248706_205451,0
248710_134307,0
248710_230333,0
248710_264910,1
248710_137380,1
248710_76964,1
248710_164079,1
248712_103014,0
248712_111797,1
248712_260175,1
248712_102676,0
248712_198293,1
248712_279119,1
248715_169325,0
248715_130371,0
248715_292263,1
248715_137326,1
248715_61189,0
248715_20206,0
248716_100195,0
248716_17882,0
248716_263717,0
248716_42036,1
248716_122933,1
248716_117256,0
248720_272473,1
248720_9209,1
248720_114569,0
248720_56290,1
248720_175058,0
248720_5534,0
248725_163472,1
248725_30806,1
248725_92112,1
248725_35807,0
248725_244697,0
248725_41506,1
248727_142858,0
248727_45900,1
248727_122233,0
248727_272098,1
248727_130938,0
248727_131129,0
248728_125452,1
248728_276617,1
248728_269960,1
248728_19969,1
248728_230099,0
248728_61196,1
248729_84938,0
248729_15336,1
248729_151926,1
248729_172420,1
248729_65707,0
248729_74024,0
248730_115589,0
248730_97797,0
248730_291238,0
248730_228140,1
248730_81561,1
248730_188056,1
248732_150557,0
248732_291302,1
248732_240664,1
248732_199310,0
248732_92711,1
248732_27585,0
248733_235211,1
248733_210682,0
248733_207734,1
248733_246898,1
248733_20695,0
248733_164055,0
248734_170833,0
248734_163568,1
248734_58443,1
248734_195260,1
248734_192375,1
248734_261069,1
248738_173933,1
248738_274209,1
248738_40736,0
248738_84107,1
248738_155,1
248738_125105,0
248740_114680,0
248740_242047,0
248740_253486,1
248740_238633,1
248740_128073,1
248740_153923,1
248741_260846,0
248741_87069,1
248741_129606,0
248741_259294,1
248741_277990,1
248741_75813,1
248742_107384,1
248742_108284,0
248742_217435,1
248742_163917,1
248742_70597,0
248742_139030,0
248746_86651,0
248746_42334,1
248746_191269,0
248746_41121,1
248746_109975,0
248746_106183,1
248747_148132,1
248747_167575,0
248747_1779,0
248747_173488,1
248747_35324,1
248747_149194,0
248754_64461,0
248754_165984,1
248754_73649,0
248754_162260,0
248754_43366,0
248754_54726,1
248760_59177,0
248760_60217,1
248760_118642,1
248760_1864,1
248760_236006,1
248760_247156,1
248761_239729,0
248761_247357,1
248761_97903,1
248761_290150,1
248761_230857,0
248761_215251,0
248766_204153,1
248766_227711,0
248766_290248,1
248766_63855,0
248766_56224,0
248766_175670,1
248769_51133,0
248769_48000,0
248769_105075,0
248769_288091,1
248769_64665,1
248769_256840,0
248770_83614,1
248770_152491,1
248770_14136,0
248770_35580,1
248770_87328,1
248770_146446,1
248773_272638,1
248773_246130,1
248773_259064,0
248773_85262,1
248773_239591,1
248773_123328,1
248775_101360,1
248775_239100,1
248775_21529,0
248775_136523,0
248775_179535,1
248775_269998,0
248776_141660,1
248776_107737,1
248776_155798,1
248776_232769,1
248776_101871,1
248776_151143,1
248780_275379,1
248780_88852,1
248780_125019,1
248780_201393,1
248780_121733,1
248780_193878,1
248782_162199,1
248782_29189,1
248782_76222,1
248782_214776,1
248782_58082,1
248782_199558,1
248785_253265,0
248785_257270,0
248785_221998,0
248785_183971,0
248785_133769,0
248785_241491,0
248787_204355,1
248787_176515,0
248787_62157,0
248787_164212,0
248787_77781,0
248787_122375,0
248788_121293,1
248788_141461,0
248788_184554,1
248788_239143,0
248788_187248,1
248788_163853,0
248790_22013,1
248790_231322,0
248790_256189,0
248790_135461,0
248790_229455,1
248790_95851,0
248791_248267,1
248791_263706,0
248791_264668,0
248791_284781,0
248791_263846,0
248791_126940,0
248792_61571,0
248792_113792,0
248792_226050,1
248792_28955,0
248792_105813,1
248792_21657,1
248794_11430,0
248794_276353,0
248794_134475,0
248794_276411,0
248794_160012,0
248794_269065,0
248801_214507,1
248801_113597,0
248801_83052,1
248801_87086,0
248801_268984,0
248801_47084,0
248802_49938,1
248802_100831,1
248802_101013,0
248802_280405,1
248802_39381,1
248802_79655,0
248803_7423,0
248803_278357,0
248803_25885,1
248803_135537,0
248803_63067,0
248803_184807,1
248806_169107,0
248806_160910,1
248806_282691,1
248806_41146,1
248806_191585,1
248806_173657,0
248807_5844,1
248807_241845,0
248807_198864,0
248807_280405,0
248807_109338,0
248807_232962,0
248808_6828,1
248808_135082,1
248808_213674,1
248808_194986,1
248808_132607,1
248808_241556,0
248811_8141,1
248811_74720,0
248811_196657,1
248811_182328,1
248811_250784,1
248811_64855,1
248814_123919,1
248814_12737,0
248814_146577,0
248814_25866,0
248814_156092,1
248814_264127,0
248815_109891,1
248815_213436,0
248815_238185,1
248815_291706,1
248815_128414,0
248815_225750,0
248816_34351,0
248816_254020,0
248816_267135,0
248816_59557,1
248816_20895,1
248816_153565,0
248817_220830,0
248817_117467,0
248817_113224,1
248817_225414,1
248817_273614,1
248817_244808,1
248818_7845,0
248818_181316,1
248818_55762,1
248818_52658,0
248818_34289,1
248818_48954,1
248822_27068,1
248822_165376,1
248822_32925,0
248822_32135,1
248822_1779,0
248822_236750,1
248823_271488,0
248823_126448,0
248823_23679,1
248823_168264,1
248823_245841,0
248823_226241,0
248831_287338,0
248831_2928,1
248831_137607,1
248831_69797,1
248831_200166,1
248831_167673,1
248833_227322,1
248833_212556,0
248833_226210,1
248833_268974,1
248833_152820,0
248833_269765,1
248840_10211,1
248840_269199,1
248840_26422,1
248840_165206,0
248840_156179,1
248840_35192,1
248841_273595,1
248841_42520,1
248841_87987,0
248841_170834,0
248841_50364,1
248841_274382,0
248843_278243,0
248843_119294,1
248843_192439,1
248843_234570,0
248843_287182,0
248843_71966,1
248845_235014,1
248845_14811,1
248845_237211,1
248845_256601,0
248845_125254,1
248845_234732,1
248851_205438,0
248851_19251,1
248851_214296,1
248851_68040,1
248851_293674,1
248851_102495,1
248852_222636,0
248852_51025,0
248852_145607,1
248852_195249,0
248852_138477,1
248852_265247,1
248858_58761,1
248858_202930,0
248858_109791,1
248858_27573,0
248858_99575,0
248858_77086,1
248859_168791,0
248859_180601,1
248859_37161,1
248859_42972,1
248859_248267,1
248859_83130,1
248860_290250,1
248860_282050,1
248860_64459,1
248860_14699,1
248860_211614,0
248860_138243,1
248862_196049,0
248862_94390,0
248862_71047,0
248862_107923,0
248862_49652,0
248862_208768,1
248864_39483,0
248864_242230,0
248864_176879,0
248864_170773,0
248864_168802,0
248864_134160,1
248868_234849,0
248868_281665,0
248868_184197,0
248868_266949,1
248868_95376,0
248868_17539,1
248871_192476,0
248871_284778,1
248871_134081,1
248871_261108,0
248871_111746,1
248871_288302,1
248872_139654,0
248872_133847,0
248872_93699,1
248872_44380,0
248872_200024,1
248872_128324,0
248874_18486,1
248874_101847,1
248874_61319,0
248874_68216,1
248874_182079,0
248874_187117,1
248875_176515,1
248875_113199,1
248875_147380,1
248875_208869,1
248875_185348,1
248875_112686,1
248877_253553,0
248877_27345,1
248877_180818,0
248877_215980,0
248877_66359,1
248877_209664,1
248878_186289,1
248878_293348,1
248878_287260,1
248878_234742,1
248878_293786,0
248878_62052,1
248886_36652,0
248886_230930,0
248886_136972,0
248886_192300,0
248886_57128,1
248886_38453,1
248890_103381,0
248890_235774,0
248890_162634,0
248890_59697,1
248890_95580,0
248890_47673,0
248893_111874,1
248893_131030,0
248893_69395,1
248893_135506,0
248893_20007,0
248893_56437,1
248895_258686,0
248895_277736,1
248895_170325,1
248895_167254,1
248895_289058,0
248895_118642,1
248896_40736,0
248896_74622,1
248896_214767,0
248896_204169,1
248896_66741,1
248896_148067,1
248898_283668,1
248898_176821,1
248898_23006,1
248898_259961,1
248898_244467,1
248898_48808,1
248899_80864,1
248899_283316,0
248899_98358,1
248899_288366,0
248899_161852,1
248899_134872,1
248900_210865,1
248900_273400,1
248900_254008,1
248900_180650,1
248900_268974,1
248900_218715,1
248902_281687,0
248902_253265,1
248902_86354,1
248902_39046,1
248902_186266,1
248902_173538,0
248905_69897,0
248905_117495,1
248905_26443,1
248905_197002,1
248905_146977,1
248905_271351,1
248906_198890,1
248906_216582,1
248906_80833,1
248906_283253,1
248906_228074,0
248906_95851,0
248908_263864,1
248908_184691,1
248908_262352,0
248908_200378,1
248908_225850,0
248908_270469,1
248909_159052,0
248909_224725,0
248909_225885,0
248909_200807,1
248909_247046,0
248909_105520,1
248910_20747,1
248910_33195,1
248910_62568,1
248910_219726,0
248910_230209,1
248910_55021,0
248911_233269,0
248911_112225,1
248911_105030,0
248911_213418,0
248911_282197,0
248911_37517,1
248913_104454,0
248913_144563,0
248913_91978,0
248913_222365,1
248913_87090,1
248913_158163,0
248914_128239,0
248914_192093,1
248914_286168,1
248914_247946,0
248914_281330,1
248914_35395,0
248915_168643,0
248915_36638,1
248915_85414,1
248915_37701,1
248915_155675,0
248915_87072,0
248918_201114,0
248918_60895,0
248918_188126,0
248918_72711,0
248918_187839,0
248918_176736,0
248919_37183,1
248919_179993,1
248919_112225,0
248919_58993,0
248919_80603,1
248919_159549,1
248923_273755,1
248923_227294,0
248923_220488,1
248923_288520,1
248923_207798,0
248923_224442,0
248926_293270,1
248926_15876,0
248926_42331,1
248926_264861,1
248926_238389,1
248926_215425,1
248927_124209,0
248927_166203,0
248927_266340,0
248927_18051,0
248927_144525,0
248927_125958,0
248928_261728,0
248928_86053,0
248928_255154,0
248928_24929,0
248928_195420,0
248928_198034,0
248930_69867,0
248930_233923,1
248930_125105,1
248930_24210,0
248930_265278,1
248930_174372,0
248933_163598,0
248933_91213,1
248933_196957,1
248933_268900,0
248933_162334,1
248933_176910,0
248934_191053,0
248934_295732,1
248934_11469,0
248934_13484,1
248934_147938,1
248934_88840,1
248936_258761,0
248936_162141,0
248936_49751,1
248936_135438,1
248936_257993,0
248936_151416,0
248938_26632,0
248938_173264,0
248938_280656,0
248938_121642,0
248938_241191,0
248938_74590,0
248940_252957,1
248940_108088,1
248940_172604,0
248940_231521,1
248940_285194,0
248940_239201,1
248943_19696,1
248943_64884,1
248943_35116,1
248943_248986,0
248943_244194,0
248943_236006,0
248944_283321,1
248944_68435,0
248944_104424,1
248944_151424,0
248944_55290,0
248944_74296,0
248945_197171,0
248945_174498,1
248945_167336,1
248945_189306,1
248945_8060,0
248945_266376,1
248946_113233,1
248946_97396,1
248946_281826,1
248946_264810,1
248946_177205,0
248946_188589,1
248947_265065,1
248947_38390,0
248947_20206,1
248947_20917,1
248947_219739,1
248947_266143,0
248954_132263,1
248954_136666,0
248954_210410,0
248954_221650,0
248954_145221,0
248954_116603,1
248956_15107,0
248956_115095,1
248956_289237,1
248956_18799,1
248956_156593,0
248956_63375,0
248957_154736,1
248957_129684,1
248957_201859,1
248957_201753,1
248957_172679,1
248957_271197,0
248964_63281,1
248964_86266,0
248964_287377,0
248964_187508,1
248964_227892,0
248964_61298,1
248965_179502,0
248965_125669,0
248965_261666,1
248965_265132,0
248965_279299,1
248965_261695,1
248968_73557,0
248968_21317,1
248968_141480,1
248968_102752,1
248968_184899,0
248968_148406,1
248969_88462,0
248969_61686,1
248969_268917,1
248969_39602,1
248969_42166,0
248969_51234,1
248971_201988,1
248971_47289,1
248971_221113,1
248971_80678,0
248971_26273,1
248971_165026,0
248975_284513,1
248975_39575,0
248975_176842,0
248975_124387,1
248975_277360,1
248975_92035,1
248977_35954,1
248977_95497,0
248977_150962,0
248977_38390,1
248977_135146,0
248977_245758,1
248978_18856,0
248978_115118,1
248978_10320,1
248978_211093,0
248978_162604,1
248978_191932,0
248980_194235,1
248980_109544,1
248980_72671,0
248980_58636,1
248980_169120,1
248980_34678,1
248981_179083,0
248981_195973,1
248981_250273,1
248981_152151,0
248981_11621,1
248981_214633,0
248983_147585,0
248983_286773,0
248983_229347,0
248983_272540,0
248983_293108,0
248983_22214,0
248986_79554,0
248986_248986,0
248986_101871,1
248986_81787,1
248986_7188,1
248986_14542,0
248987_130849,1
248987_213415,1
248987_188139,1
248987_182031,0
248987_274123,0
248987_19543,1
248989_60913,0
248989_71730,0
248989_21349,0
248989_130417,0
248989_156439,0
248989_172779,1
248990_255923,1
248990_61561,0
248990_133208,1
248990_285661,1
248990_49802,1
248990_87552,1
248993_87854,0
248993_65792,0
248993_192625,0
248993_60331,1
248993_96932,0
248993_169455,0
248996_125502,0
248996_130097,1
248996_27528,1
248996_13479,0
248996_92369,0
248996_177384,1
249008_4967,0
249008_164591,1
249008_127497,0
249008_165413,1
249008_197975,0
249008_239621,0
249010_110470,1
249010_72192,0
249010_86104,0
249010_186634,1
249010_293818,0
249010_262811,1
